# Chunk-averaged data for fix temp_profile and group all
# Timestep Number-of-chunks Total-count
# Chunk Coord1 Ncount temp
5000 40 5759.999999999999
  1 0.0125 145.014 279.227
  2 0.0375 144.448 275.314
  3 0.0625 143.778 284.942
  4 0.0875 144.788 287.27
  5 0.1125 144.35 291.097
  6 0.1375 144.138 292.235
  7 0.1625 143.356 299.36
  8 0.1875 144.304 294.149
  9 0.2125 142.94 299.236
  10 0.2375 144.948 291.793
  11 0.2625 144.414 287.293
  12 0.2875 143.44 295.225
  13 0.3125 144.008 300.033
  14 0.3375 144.06 298.335
  15 0.3625 143.3 305.069
  16 0.3875 144.718 297.788
  17 0.4125 144.402 298.02
  18 0.4375 144.754 298.483
  19 0.4625 143.036 311.733
  20 0.4875 144.404 321.662
  21 0.5125 142.954 341.496
  22 0.5375 144.46 327.151
  23 0.5625 144.42 321.602
  24 0.5875 144.21 308.28
  25 0.6125 144.518 302.81
  26 0.6375 144.284 298.835
  27 0.6625 144.272 295.778
  28 0.6875 143.916 294.197
  29 0.7125 143.904 299.501
  30 0.7375 144.084 300.363
  31 0.7625 143.382 303.051
  32 0.7875 143.686 294.29
  33 0.8125 143.524 293.273
  34 0.8375 143.712 291.497
  35 0.8625 144.474 292.962
  36 0.8875 143.472 293.952
  37 0.9125 144.072 302.59
  38 0.9375 143.876 292.481
  39 0.9625 143.762 287.065
  40 0.9875 142.418 286.168
10000 40 5760.000000000001
  1 0.0125 143.924 270.972
  2 0.0375 143.396 269.926
  3 0.0625 143.768 280.781
  4 0.0875 143.392 282.857
  5 0.1125 144.3 288.063
  6 0.1375 144.078 283.727
  7 0.1625 143.918 283.341
  8 0.1875 143.998 287.729
  9 0.2125 143.294 286.708
  10 0.2375 144.06 292.305
  11 0.2625 143.948 298.17
  12 0.2875 144.552 298.947
  13 0.3125 144.182 303.595
  14 0.3375 143.606 304.695
  15 0.3625 143.716 305.106
  16 0.3875 144.398 305.818
  17 0.4125 143.858 307.998
  18 0.4375 143.884 313.737
  19 0.4625 144.38 321.156
  20 0.4875 144.308 320.352
  21 0.5125 144.858 342.09
  22 0.5375 144.014 340.527
  23 0.5625 143.778 323.695
  24 0.5875 144.25 316.507
  25 0.6125 143.772 311.184
  26 0.6375 144.636 302.11
  27 0.6625 143.972 304.96
  28 0.6875 143.698 308.853
  29 0.7125 144.866 304.098
  30 0.7375 144.03 296.405
  31 0.7625 143.184 297.657
  32 0.7875 144.664 291.879
  33 0.8125 144.232 286.99
  34 0.8375 143.168 287.883
  35 0.8625 143.948 296.994
  36 0.8875 143.988 282.538
  37 0.9125 144.1 289.149
  38 0.9375 143.526 287.795
  39 0.9625 144.87 281.27
  40 0.9875 143.486 275.379
15000 40 5760.000000000001
  1 0.0125 144.918 267.183
  2 0.0375 144.636 268.338
  3 0.0625 144.664 276.818
  4 0.0875 144.778 278.961
  5 0.1125 143.838 283.832
  6 0.1375 144.19 279.357
  7 0.1625 143.272 278.734
  8 0.1875 143.722 274.24
  9 0.2125 146.358 283.325
  10 0.2375 143.792 281.529
  11 0.2625 143.95 298.786
  12 0.2875 143.594 302.781
  13 0.3125 144.82 296.968
  14 0.3375 144.364 300.187
  15 0.3625 143.566 298.341
  16 0.3875 144.698 304.068
  17 0.4125 142.436 310.471
  18 0.4375 144.22 304.422
  19 0.4625 143.888 310.879
  20 0.4875 143.744 329.626
  21 0.5125 143.8 347.753
  22 0.5375 144.44 334.183
  23 0.5625 143.19 326.157
  24 0.5875 143.88 327.053
  25 0.6125 143.504 324.883
  26 0.6375 143.816 315.955
  27 0.6625 143.65 306.825
  28 0.6875 143.926 305.357
  29 0.7125 143.488 306.704
  30 0.7375 143.742 293.293
  31 0.7625 143.564 301.531
  32 0.7875 143.908 298.98
  33 0.8125 143.774 298.897
  34 0.8375 143.546 293.844
  35 0.8625 143.996 295.446
  36 0.8875 144.284 292.556
  37 0.9125 143.812 290.513
  38 0.9375 144.096 287.087
  39 0.9625 143.806 284.881
  40 0.9875 144.33 277.591
20000 40 5760.000000000002
  1 0.0125 144.694 261.317
  2 0.0375 144.122 259.798
  3 0.0625 142.842 274.228
  4 0.0875 144.182 281.932
  5 0.1125 143.366 279.478
  6 0.1375 143.812 278.544
  7 0.1625 143.354 281.935
  8 0.1875 144.166 285.968
  9 0.2125 143.592 288.234
  10 0.2375 143.9 284.678
  11 0.2625 143.776 289.734
  12 0.2875 143.456 295.385
  13 0.3125 143.932 295.555
  14 0.3375 143.172 299.259
  15 0.3625 144.648 295.96
  16 0.3875 143.96 299.551
  17 0.4125 144.054 303.002
  18 0.4375 144.424 306.546
  19 0.4625 144.254 312.646
  20 0.4875 143.88 329.626
  21 0.5125 144.476 351.172
  22 0.5375 144.542 338.682
  23 0.5625 142.898 325.97
  24 0.5875 145.062 320.673
  25 0.6125 144.234 322.755
  26 0.6375 143.848 314.153
  27 0.6625 143.378 310.382
  28 0.6875 143.76 308.268
  29 0.7125 144.454 299.199
  30 0.7375 144.628 302.249
  31 0.7625 144.754 302.855
  32 0.7875 144.1 294.844
  33 0.8125 143.52 298.154
  34 0.8375 144.63 298.303
  35 0.8625 143.768 298.956
  36 0.8875 143.796 296.596
  37 0.9125 144.686 295.405
  38 0.9375 144.024 293.996
  39 0.9625 144.216 282.842
  40 0.9875 143.64 270.977
25000 40 5759.999999999998
  1 0.0125 144.582 256.459
  2 0.0375 143.962 259.337
  3 0.0625 144.196 266.223
  4 0.0875 144.18 269.394
  5 0.1125 143.25 277.739
  6 0.1375 143.81 284.866
  7 0.1625 144.79 285.66
  8 0.1875 143.414 290.866
  9 0.2125 144.518 288.163
  10 0.2375 143.354 294.799
  11 0.2625 143.918 294.533
  12 0.2875 143.862 293.365
  13 0.3125 144.118 309.201
  14 0.3375 143.73 314.977
  15 0.3625 144.164 316.752
  16 0.3875 144.508 311.369
  17 0.4125 144.508 311.172
  18 0.4375 143.99 327.252
  19 0.4625 144.012 323.868
  20 0.4875 144.748 332.055
  21 0.5125 144.07 342.831
  22 0.5375 144.558 340.73
  23 0.5625 143.952 328.895
  24 0.5875 143.538 320.682
  25 0.6125 144.564 320.147
  26 0.6375 143.62 312.649
  27 0.6625 144.378 303.519
  28 0.6875 144.116 298.386
  29 0.7125 144.346 298.721
  30 0.7375 143.986 295.219
  31 0.7625 143.64 293.072
  32 0.7875 143.202 294.471
  33 0.8125 143.124 303.856
  34 0.8375 143.73 302.055
  35 0.8625 143.928 294.495
  36 0.8875 144.5 281.825
  37 0.9125 143.324 279.976
  38 0.9375 143.802 274.356
  39 0.9625 144.224 273.123
  40 0.9875 143.784 267.527
30000 40 5760.000000000001
  1 0.0125 144.356 249.441
  2 0.0375 144.866 241.912
  3 0.0625 143.496 256.102
  4 0.0875 143.542 262.889
  5 0.1125 144.054 277.371
  6 0.1375 144.148 278.819
  7 0.1625 143.602 286.424
  8 0.1875 144.924 286.955
  9 0.2125 143.726 289.185
  10 0.2375 144.364 293.398
  11 0.2625 143.44 301.13
  12 0.2875 145.01 298.014
  13 0.3125 143.31 306.713
  14 0.3375 145.294 311.186
  15 0.3625 143.662 315.82
  16 0.3875 143.868 312.721
  17 0.4125 143.928 315.634
  18 0.4375 143.754 325.328
  19 0.4625 144.122 326.17
  20 0.4875 143.728 330.189
  21 0.5125 143.868 346.44
  22 0.5375 144.146 348.702
  23 0.5625 143.3 330.29
  24 0.5875 144.23 319.498
  25 0.6125 143.456 319.761
  26 0.6375 144.59 307.388
  27 0.6625 143.072 296.845
  28 0.6875 144.24 297.6
  29 0.7125 144.052 302.607
  30 0.7375 143.64 303.367
  31 0.7625 144.006 296.355
  32 0.7875 144.472 291.733
  33 0.8125 143.362 308.373
  34 0.8375 143.836 299.43
  35 0.8625 143.696 294.633
  36 0.8875 143.682 295.258
  37 0.9125 144.488 288.434
  38 0.9375 144.54 283.693
  39 0.9625 144.45 275.048
  40 0.9875 143.68 262.711
35000 40 5760
  1 0.0125 144.314 256.348
  2 0.0375 143.438 254.138
  3 0.0625 143.596 259.299
  4 0.0875 142.37 270.118
  5 0.1125 144.47 273.615
  6 0.1375 144.654 271.198
  7 0.1625 144.026 287.344
  8 0.1875 144.068 292.546
  9 0.2125 143.782 293.226
  10 0.2375 143.872 294.991
  11 0.2625 144.122 298.874
  12 0.2875 143.844 303.639
  13 0.3125 143.452 297.697
  14 0.3375 145.2 297.574
  15 0.3625 143.352 307.91
  16 0.3875 143.488 311.011
  17 0.4125 143.492 310.441
  18 0.4375 145.334 327.265
  19 0.4625 143.91 333.715
  20 0.4875 144.248 337.291
  21 0.5125 143.914 337.376
  22 0.5375 144.368 328.993
  23 0.5625 143.168 318.971
  24 0.5875 144.77 317.095
  25 0.6125 143.594 322.701
  26 0.6375 144.094 310.816
  27 0.6625 144.11 318.182
  28 0.6875 144.44 313.308
  29 0.7125 143.704 308.666
  30 0.7375 144.274 306.942
  31 0.7625 143.768 302.525
  32 0.7875 144.904 295.266
  33 0.8125 144.134 291.494
  34 0.8375 144.21 295.695
  35 0.8625 144.812 286.989
  36 0.8875 144.174 281.071
  37 0.9125 143.504 286.626
  38 0.9375 142.882 285.624
  39 0.9625 144.9 280.398
  40 0.9875 143.244 264.882
40000 40 5760.000000000001
  1 0.0125 144.714 258.939
  2 0.0375 143.938 255.488
  3 0.0625 143.936 263.569
  4 0.0875 144.684 274.912
  5 0.1125 144.744 275.599
  6 0.1375 144.524 279.043
  7 0.1625 144.484 281.285
  8 0.1875 143.794 286.824
  9 0.2125 143.864 288.674
  10 0.2375 144.208 300.834
  11 0.2625 144.618 296.267
  12 0.2875 143.792 296.058
  13 0.3125 144.24 307.385
  14 0.3375 144.6 313.634
  15 0.3625 143.248 313.076
  16 0.3875 143.53 309.198
  17 0.4125 143.49 308.072
  18 0.4375 144.75 319.987
  19 0.4625 143.016 326.992
  20 0.4875 143.808 331.94
  21 0.5125 144.062 354.735
  22 0.5375 143.532 339.294
  23 0.5625 143.822 320.789
  24 0.5875 144.006 313.366
  25 0.6125 143.908 321.686
  26 0.6375 143.274 320.415
  27 0.6625 143.43 311.98
  28 0.6875 143.464 306.473
  29 0.7125 144.11 306.926
  30 0.7375 143.718 297.203
  31 0.7625 143.85 294.749
  32 0.7875 144.37 293.262
  33 0.8125 143.442 290.24
  34 0.8375 143.626 294.742
  35 0.8625 144.378 282.827
  36 0.8875 145.21 280.453
  37 0.9125 144.17 280.585
  38 0.9375 143.772 286.611
  39 0.9625 143.35 280.985
  40 0.9875 144.524 269.415
45000 40 5759.999999999999
  1 0.0125 144.13 246.756
  2 0.0375 144.29 247.377
  3 0.0625 143.594 252.582
  4 0.0875 143.864 258.561
  5 0.1125 144.686 267.18
  6 0.1375 143.802 278.819
  7 0.1625 143.54 283.202
  8 0.1875 144.504 295.848
  9 0.2125 143.106 294.181
  10 0.2375 144.188 299.129
  11 0.2625 143.752 303.937
  12 0.2875 144.444 300.465
  13 0.3125 143.132 299.567
  14 0.3375 144.04 301.763
  15 0.3625 143.368 303.891
  16 0.3875 143.29 315.773
  17 0.4125 143.642 322.213
  18 0.4375 144.088 326.78
  19 0.4625 144.432 328.84
  20 0.4875 143.314 339.205
  21 0.5125 144.222 352.197
  22 0.5375 143.536 343.5
  23 0.5625 145.452 328.668
  24 0.5875 143.9 329.41
  25 0.6125 143.862 325.656
  26 0.6375 144.786 322.988
  27 0.6625 143.928 317.558
  28 0.6875 144.854 316.154
  29 0.7125 143.868 310.424
  30 0.7375 143.934 299.783
  31 0.7625 144.084 299.602
  32 0.7875 144.588 295.882
  33 0.8125 144.308 290.452
  34 0.8375 143.748 280.125
  35 0.8625 144.04 278.528
  36 0.8875 143.748 280.411
  37 0.9125 143.72 278.433
  38 0.9375 143.926 279.611
  39 0.9625 143.596 272.245
  40 0.9875 144.694 263.027
50000 40 5759.999999999999
  1 0.0125 144.468 251.675
  2 0.0375 144.146 250.978
  3 0.0625 144.708 262.441
  4 0.0875 144.144 274.979
  5 0.1125 144.778 279.88
  6 0.1375 144.228 280.051
  7 0.1625 143.676 287.034
  8 0.1875 143.82 286.998
  9 0.2125 143.792 290.267
  10 0.2375 144.794 282.043
  11 0.2625 144.456 294.537
  12 0.2875 143.71 300.595
  13 0.3125 144.078 304.238
  14 0.3375 143.756 300.85
  15 0.3625 143.754 297.603
  16 0.3875 143.416 313.314
  17 0.4125 144.678 330.048
  18 0.4375 143.638 338.941
  19 0.4625 144.958 338.404
  20 0.4875 143.624 337.682
  21 0.5125 143.82 342.008
  22 0.5375 143.332 339.875
  23 0.5625 144.162 333.388
  24 0.5875 144.046 328.528
  25 0.6125 143.848 323.319
  26 0.6375 144.09 319.23
  27 0.6625 143.466 319.505
  28 0.6875 143.128 304.103
  29 0.7125 144.746 296.475
  30 0.7375 143.766 302.322
  31 0.7625 143.806 302.194
  32 0.7875 144.542 301.246
  33 0.8125 144.162 293.789
  34 0.8375 143.998 287.96
  35 0.8625 143.162 284.738
  36 0.8875 143.66 277.727
  37 0.9125 143.34 281.091
  38 0.9375 143.916 276.701
  39 0.9625 144.79 261.567
  40 0.9875 143.598 256.697
55000 40 5759.999999999998
  1 0.0125 144.482 255.435
  2 0.0375 145.286 251.587
  3 0.0625 144.53 261.102
  4 0.0875 144.556 270.059
  5 0.1125 144.006 267.941
  6 0.1375 144.396 277.008
  7 0.1625 143.92 280.407
  8 0.1875 143.362 286.963
  9 0.2125 143.438 280.411
  10 0.2375 143.578 290.665
  11 0.2625 143.806 302.397
  12 0.2875 144.506 301.237
  13 0.3125 143.274 311.889
  14 0.3375 145.132 312.069
  15 0.3625 143.62 309.806
  16 0.3875 143.548 305.699
  17 0.4125 143.254 320.771
  18 0.4375 143.538 330.711
  19 0.4625 143.99 329.659
  20 0.4875 144.35 331.794
  21 0.5125 143.63 343.405
  22 0.5375 143.424 338.925
  23 0.5625 143.526 320.795
  24 0.5875 144.144 319.533
  25 0.6125 144.006 322.314
  26 0.6375 144.04 313.824
  27 0.6625 143.39 317.909
  28 0.6875 144.042 308.495
  29 0.7125 143.814 300.007
  30 0.7375 144.102 293.91
  31 0.7625 143.172 303.086
  32 0.7875 143.8 298.744
  33 0.8125 144.91 292.89
  34 0.8375 143.606 293.004
  35 0.8625 144.932 294.206
  36 0.8875 144.294 288.284
  37 0.9125 143.75 281.775
  38 0.9375 144.17 287.182
  39 0.9625 143.998 275.726
  40 0.9875 144.678 262.096
60000 40 5760.000000000001
  1 0.0125 143.916 254.624
  2 0.0375 143.944 250.911
  3 0.0625 144.042 263.89
  4 0.0875 144.308 272.048
  5 0.1125 143.91 274.058
  6 0.1375 144.334 279.474
  7 0.1625 143.342 286.804
  8 0.1875 144.076 297.889
  9 0.2125 144.412 297.292
  10 0.2375 144.04 302.938
  11 0.2625 144.768 298.552
  12 0.2875 143.682 307.04
  13 0.3125 144.014 311.555
  14 0.3375 143.632 314.64
  15 0.3625 143.58 313.196
  16 0.3875 143.888 309.116
  17 0.4125 144.342 306.084
  18 0.4375 143.338 317.04
  19 0.4625 144.82 320.509
  20 0.4875 143.832 329.203
  21 0.5125 143.712 342.396
  22 0.5375 144.468 346.295
  23 0.5625 143.638 337.98
  24 0.5875 145.156 318.697
  25 0.6125 144.252 319.226
  26 0.6375 144.254 309.066
  27 0.6625 143.954 310.831
  28 0.6875 143.956 312.501
  29 0.7125 143.772 306.286
  30 0.7375 143.488 297.384
  31 0.7625 144.476 295.012
  32 0.7875 144.72 289.71
  33 0.8125 143.122 295.282
  34 0.8375 143.432 282.543
  35 0.8625 143.964 284.492
  36 0.8875 143.784 285.306
  37 0.9125 144.018 279.268
  38 0.9375 143.828 281.444
  39 0.9625 143.772 272.961
  40 0.9875 144.014 257.975
65000 40 5760
  1 0.0125 143.506 243.815
  2 0.0375 144.686 243.087
  3 0.0625 143.954 260.355
  4 0.0875 144.086 269.928
  5 0.1125 144.422 276.478
  6 0.1375 144.33 287.409
  7 0.1625 144.386 294.321
  8 0.1875 144.852 289.396
  9 0.2125 143.974 291.663
  10 0.2375 144.118 301.248
  11 0.2625 143.732 304.5
  12 0.2875 144.486 299.292
  13 0.3125 143.778 309.386
  14 0.3375 143.556 310.809
  15 0.3625 144.27 308.328
  16 0.3875 144.212 320.904
  17 0.4125 143.972 323.644
  18 0.4375 143.752 329.992
  19 0.4625 144.326 320.357
  20 0.4875 143.364 333.092
  21 0.5125 143.796 357.472
  22 0.5375 144.452 351.702
  23 0.5625 144.092 337.149
  24 0.5875 143.648 322.903
  25 0.6125 143.814 320.434
  26 0.6375 144.262 314.97
  27 0.6625 143.954 310.893
  28 0.6875 143.652 312.468
  29 0.7125 143.784 318.596
  30 0.7375 143.992 300.882
  31 0.7625 143.8 285.533
  32 0.7875 143.974 284.242
  33 0.8125 143.404 286.438
  34 0.8375 143.692 285.561
  35 0.8625 144.276 282.208
  36 0.8875 143.304 275.3
  37 0.9125 144.8 273.255
  38 0.9375 143.594 273.328
  39 0.9625 144.28 264.59
  40 0.9875 143.668 255.99
70000 40 5759.999999999997
  1 0.0125 144.878 248.298
  2 0.0375 144.686 252.113
  3 0.0625 144.522 259.806
  4 0.0875 143.952 271.566
  5 0.1125 143.772 267.849
  6 0.1375 144.394 270.105
  7 0.1625 142.8 281.771
  8 0.1875 145.278 287.864
  9 0.2125 143.594 293.907
  10 0.2375 144.04 302.984
  11 0.2625 143.206 299.573
  12 0.2875 144.976 304.283
  13 0.3125 143.21 311.194
  14 0.3375 144.39 307.198
  15 0.3625 143.468 318.151
  16 0.3875 144.144 317.887
  17 0.4125 143.906 322.059
  18 0.4375 143.778 323.293
  19 0.4625 144.222 322.046
  20 0.4875 143.736 333.557
  21 0.5125 144.138 350.698
  22 0.5375 143.254 349.293
  23 0.5625 144.414 339.728
  24 0.5875 143.258 330.024
  25 0.6125 144.144 328.323
  26 0.6375 143.384 320.017
  27 0.6625 142.972 312.971
  28 0.6875 144.778 308.148
  29 0.7125 143.922 304.807
  30 0.7375 144.384 298.599
  31 0.7625 143.768 289.986
  32 0.7875 144.62 286.341
  33 0.8125 144.41 296.237
  34 0.8375 144.088 284.429
  35 0.8625 144 282.579
  36 0.8875 144.534 277.948
  37 0.9125 143.648 281.351
  38 0.9375 144.12 271.575
  39 0.9625 143.87 264.529
  40 0.9875 143.342 258.471
75000 40 5759.999999999998
  1 0.0125 144.122 246.943
  2 0.0375 143.746 249.693
  3 0.0625 144.618 257.79
  4 0.0875 144.072 270.605
  5 0.1125 143.672 276.826
  6 0.1375 144.292 284.147
  7 0.1625 143.636 278.625
  8 0.1875 143.786 280.497
  9 0.2125 143.624 300.152
  10 0.2375 144.206 304.774
  11 0.2625 143.962 306.56
  12 0.2875 143.048 308.265
  13 0.3125 144.076 309.156
  14 0.3375 144.398 307.231
  15 0.3625 144.054 314.617
  16 0.3875 143.53 314.939
  17 0.4125 144.216 312.938
  18 0.4375 145.008 321.396
  19 0.4625 143.504 325.345
  20 0.4875 143.918 336.719
  21 0.5125 143.778 346.91
  22 0.5375 143.822 352.438
  23 0.5625 144.122 337.77
  24 0.5875 143.96 335.938
  25 0.6125 143.652 319.869
  26 0.6375 144.124 306.202
  27 0.6625 143.88 310.676
  28 0.6875 143.796 302.892
  29 0.7125 144.398 298.144
  30 0.7375 143.614 304.046
  31 0.7625 144.352 294.242
  32 0.7875 145.23 290.863
  33 0.8125 143.888 288.056
  34 0.8375 143.586 284.462
  35 0.8625 144.364 285.268
  36 0.8875 143.71 282.141
  37 0.9125 143.648 275.6
  38 0.9375 144.198 284.074
  39 0.9625 144.172 270.468
  40 0.9875 144.218 257.138
80000 40 5760
  1 0.0125 143.344 255.964
  2 0.0375 145.14 252.101
  3 0.0625 143.8 261.225
  4 0.0875 144.41 268.874
  5 0.1125 144.132 274.208
  6 0.1375 143.93 279.898
  7 0.1625 144.05 273.074
  8 0.1875 143.688 274.664
  9 0.2125 144.37 284.029
  10 0.2375 143.838 297.33
  11 0.2625 143.208 299.832
  12 0.2875 143.46 298.701
  13 0.3125 144.238 304.755
  14 0.3375 144.456 295.836
  15 0.3625 144.176 300.471
  16 0.3875 143.894 305.423
  17 0.4125 144.02 311.753
  18 0.4375 144.106 322.045
  19 0.4625 144.084 326.176
  20 0.4875 143.508 344.307
  21 0.5125 143.926 354.842
  22 0.5375 143.474 362.114
  23 0.5625 143.9 349.121
  24 0.5875 144.236 331.621
  25 0.6125 143.568 327.82
  26 0.6375 144.318 319.365
  27 0.6625 143.962 312.731
  28 0.6875 143.58 311.821
  29 0.7125 144.36 307.243
  30 0.7375 144.11 297.663
  31 0.7625 143.668 294.457
  32 0.7875 143.32 287.792
  33 0.8125 144.818 280.861
  34 0.8375 144.064 279.164
  35 0.8625 143.714 286.415
  36 0.8875 143.15 283.966
  37 0.9125 144.376 283.734
  38 0.9375 144.662 275.58
  39 0.9625 144.502 279.684
  40 0.9875 144.44 274.342
85000 40 5760
  1 0.0125 143.818 253.465
  2 0.0375 143.552 261.646
  3 0.0625 143.768 266.452
  4 0.0875 143.966 265.195
  5 0.1125 143.466 270.834
  6 0.1375 143.44 272.526
  7 0.1625 144.224 282.932
  8 0.1875 144.06 290.087
  9 0.2125 143.952 289.219
  10 0.2375 144.15 295.869
  11 0.2625 144.53 298.164
  12 0.2875 143.994 300.259
  13 0.3125 143.604 309.878
  14 0.3375 144.184 305.377
  15 0.3625 144.466 302.021
  16 0.3875 143.904 314.132
  17 0.4125 144.184 320.796
  18 0.4375 145.602 324.301
  19 0.4625 143.65 334.72
  20 0.4875 144.126 345.315
  21 0.5125 144.126 353.317
  22 0.5375 144.074 354.28
  23 0.5625 143.448 336.164
  24 0.5875 144.918 326.638
  25 0.6125 143.81 326.84
  26 0.6375 144.104 326.253
  27 0.6625 144.344 313.366
  28 0.6875 142.922 304.076
  29 0.7125 144.142 293.709
  30 0.7375 144.246 299.109
  31 0.7625 144.684 291.551
  32 0.7875 144.248 294.3
  33 0.8125 143.332 295.101
  34 0.8375 143.922 290.523
  35 0.8625 144.722 280.261
  36 0.8875 143.41 276.44
  37 0.9125 144.466 266.254
  38 0.9375 142.784 272.055
  39 0.9625 144.368 265.347
  40 0.9875 143.29 263.485
90000 40 5760
  1 0.0125 143.156 249.192
  2 0.0375 144.372 249.261
  3 0.0625 143.81 272.008
  4 0.0875 144.846 275.885
  5 0.1125 144.068 273.25
  6 0.1375 144.58 281.125
  7 0.1625 143.264 293.173
  8 0.1875 143.936 297.577
  9 0.2125 144.454 300.163
  10 0.2375 143.762 290.416
  11 0.2625 144.52 294.408
  12 0.2875 143.712 299.037
  13 0.3125 143.678 295.517
  14 0.3375 144.264 296.563
  15 0.3625 145.094 303.59
  16 0.3875 143.742 316.723
  17 0.4125 143.954 314.875
  18 0.4375 143.836 321.495
  19 0.4625 144.25 330.053
  20 0.4875 144.028 351.854
  21 0.5125 144.218 363.043
  22 0.5375 143.944 361.529
  23 0.5625 143.406 346.857
  24 0.5875 143.206 336.746
  25 0.6125 144.278 325.56
  26 0.6375 143.77 312.364
  27 0.6625 143.69 313.06
  28 0.6875 142.918 309.801
  29 0.7125 144.142 299.07
  30 0.7375 143.812 285.369
  31 0.7625 144.534 283.271
  32 0.7875 144.984 288.702
  33 0.8125 144.034 282.612
  34 0.8375 144.012 278.585
  35 0.8625 143.58 281.423
  36 0.8875 143.432 280.654
  37 0.9125 144.148 279.772
  38 0.9375 143.832 275.208
  39 0.9625 144.616 266.878
  40 0.9875 144.118 257.627
95000 40 5759.999999999999
  1 0.0125 144.6 251.621
  2 0.0375 144.094 255.089
  3 0.0625 144.054 268.81
  4 0.0875 144.102 277.656
  5 0.1125 144.258 270.864
  6 0.1375 144.686 274.68
  7 0.1625 144.002 281.919
  8 0.1875 143.69 290.995
  9 0.2125 143.978 297.62
  10 0.2375 144.31 292.681
  11 0.2625 143.496 291.513
  12 0.2875 144.038 294.605
  13 0.3125 143.994 295.474
  14 0.3375 144.548 293.07
  15 0.3625 142.93 302.692
  16 0.3875 143.756 312.382
  17 0.4125 143.694 313.1
  18 0.4375 143.726 315.994
  19 0.4625 144.222 320.903
  20 0.4875 143.756 344.448
  21 0.5125 143.47 359.054
  22 0.5375 143.494 343.648
  23 0.5625 144.318 332.228
  24 0.5875 144.1 333.041
  25 0.6125 143.524 326.533
  26 0.6375 144.318 323.11
  27 0.6625 143.524 320.297
  28 0.6875 144.506 308.572
  29 0.7125 143.412 317.734
  30 0.7375 143.896 307.37
  31 0.7625 143.722 291.982
  32 0.7875 143.65 292.323
  33 0.8125 144.492 290.686
  34 0.8375 144.332 294.372
  35 0.8625 144.19 294.238
  36 0.8875 143.786 277.292
  37 0.9125 144.276 279.308
  38 0.9375 144.836 265.8
  39 0.9625 144.632 264.537
  40 0.9875 143.588 267.295
100000 40 5760
  1 0.0125 144.96 248.485
  2 0.0375 143.6 252.43
  3 0.0625 143.71 267.27
  4 0.0875 144.44 276.718
  5 0.1125 144.014 277.477
  6 0.1375 143.432 281.181
  7 0.1625 143.67 287.871
  8 0.1875 143.568 288.937
  9 0.2125 144.786 291.378
  10 0.2375 144.21 295.628
  11 0.2625 143.822 298.479
  12 0.2875 143.756 308.365
  13 0.3125 143.38 304.691
  14 0.3375 144.298 303.516
  15 0.3625 144.01 312.117
  16 0.3875 143.888 306.105
  17 0.4125 144.574 309.651
  18 0.4375 144.16 312.481
  19 0.4625 143.962 323.275
  20 0.4875 144.044 322.346
  21 0.5125 144.034 341.364
  22 0.5375 144.312 360.336
  23 0.5625 143.97 344.773
  24 0.5875 144.85 329.028
  25 0.6125 144.026 318.329
  26 0.6375 143.354 318.973
  27 0.6625 144.45 311.859
  28 0.6875 143.658 314.493
  29 0.7125 144.41 306.984
  30 0.7375 143.998 308.575
  31 0.7625 144.006 298.903
  32 0.7875 144.146 289.25
  33 0.8125 143.51 295.666
  34 0.8375 143.572 287.02
  35 0.8625 143.762 285.73
  36 0.8875 143.852 283.835
  37 0.9125 143.876 274.958
  38 0.9375 144.752 265.495
  39 0.9625 143.832 269.934
  40 0.9875 143.346 259.339
105000 40 5760.000000000002
  1 0.0125 143.792 250.689
  2 0.0375 143.508 261.398
  3 0.0625 144.758 261.807
  4 0.0875 143.93 270.179
  5 0.1125 144.354 269.954
  6 0.1375 143.856 270.18
  7 0.1625 143.732 286.507
  8 0.1875 143.418 299.278
  9 0.2125 144.288 302.916
  10 0.2375 143.07 303.677
  11 0.2625 143.788 301.425
  12 0.2875 144.056 295.954
  13 0.3125 144.762 289.995
  14 0.3375 143.766 295.143
  15 0.3625 143.742 297.782
  16 0.3875 144.018 299.504
  17 0.4125 143.524 309.829
  18 0.4375 143.454 309.745
  19 0.4625 144.29 317.855
  20 0.4875 143.424 331.373
  21 0.5125 144.03 334.129
  22 0.5375 143.658 342.763
  23 0.5625 144.102 332.773
  24 0.5875 143.674 329.091
  25 0.6125 143.172 335.755
  26 0.6375 144.4 336.538
  27 0.6625 143.942 318.685
  28 0.6875 145.024 311.907
  29 0.7125 144.218 317.477
  30 0.7375 144.044 305.438
  31 0.7625 143.862 294.795
  32 0.7875 143.87 293.125
  33 0.8125 143.788 295.824
  34 0.8375 144.35 290.717
  35 0.8625 143.582 286.319
  36 0.8875 144.02 284.821
  37 0.9125 144.748 281.075
  38 0.9375 143.988 282.799
  39 0.9625 144.712 277.009
  40 0.9875 145.286 261.051
110000 40 5759.999999999999
  1 0.0125 144.68 248.3
  2 0.0375 143.546 247.832
  3 0.0625 144.57 255.664
  4 0.0875 143.39 268.585
  5 0.1125 144.646 270.202
  6 0.1375 143.282 280.561
  7 0.1625 143.418 284.677
  8 0.1875 143.726 297.315
  9 0.2125 144.73 293.922
  10 0.2375 143.692 291.347
  11 0.2625 144.36 295.059
  12 0.2875 144.006 289.215
  13 0.3125 143.678 297.263
  14 0.3375 143.988 304.179
  15 0.3625 143.812 304.263
  16 0.3875 144.096 316.21
  17 0.4125 143.644 324.449
  18 0.4375 143.816 322.657
  19 0.4625 144.648 317.288
  20 0.4875 143.784 338.713
  21 0.5125 144.054 354.078
  22 0.5375 143.718 352.14
  23 0.5625 144.024 332.87
  24 0.5875 143.824 326.918
  25 0.6125 144.344 320.496
  26 0.6375 144.038 314.411
  27 0.6625 143.546 307.693
  28 0.6875 144.394 305.145
  29 0.7125 144.786 303.888
  30 0.7375 144.084 299.957
  31 0.7625 143.298 300.108
  32 0.7875 144.618 303.058
  33 0.8125 143.838 298.525
  34 0.8375 144.048 296.546
  35 0.8625 143.932 286.314
  36 0.8875 144.116 284.079
  37 0.9125 144.01 286.244
  38 0.9375 144.02 276.856
  39 0.9625 144.222 276.24
  40 0.9875 143.574 261.769
115000 40 5759.999999999998
  1 0.0125 143.774 257.013
  2 0.0375 143.716 252.827
  3 0.0625 144.404 265.461
  4 0.0875 143.38 276.917
  5 0.1125 143.394 279.624
  6 0.1375 144.412 290.659
  7 0.1625 144.052 289.78
  8 0.1875 143.524 296.7
  9 0.2125 144.354 292.467
  10 0.2375 143.704 288.946
  11 0.2625 143.27 293.848
  12 0.2875 144.39 294.465
  13 0.3125 144.286 304.002
  14 0.3375 143.576 311.088
  15 0.3625 143.584 313.59
  16 0.3875 144.182 309.085
  17 0.4125 143.462 316.161
  18 0.4375 144.218 322.437
  19 0.4625 144.064 325.704
  20 0.4875 144.986 339.831
  21 0.5125 144.218 342.806
  22 0.5375 144.476 342.23
  23 0.5625 143.662 337.565
  24 0.5875 143.894 325.241
  25 0.6125 144.674 313.293
  26 0.6375 144.556 303.662
  27 0.6625 143.406 309.095
  28 0.6875 144.252 299.906
  29 0.7125 144.418 300.427
  30 0.7375 143.708 297.574
  31 0.7625 144.164 297.62
  32 0.7875 144.148 299.423
  33 0.8125 143.84 297.455
  34 0.8375 144.202 289.617
  35 0.8625 143.556 287.821
  36 0.8875 143.272 281.83
  37 0.9125 144.87 284.824
  38 0.9375 144.21 275.355
  39 0.9625 143.564 267.609
  40 0.9875 144.178 260.375
120000 40 5760
  1 0.0125 144.994 253.335
  2 0.0375 144.192 258.228
  3 0.0625 143.596 264.96
  4 0.0875 145.002 268.795
  5 0.1125 144.162 268.471
  6 0.1375 143.608 280.231
  7 0.1625 144.354 286.596
  8 0.1875 143.928 299.812
  9 0.2125 143.55 296.4
  10 0.2375 144.378 297.472
  11 0.2625 143.89 297.951
  12 0.2875 143.57 302.655
  13 0.3125 144.248 303.601
  14 0.3375 143.158 319.413
  15 0.3625 144.676 308.449
  16 0.3875 143.468 312.135
  17 0.4125 144.174 317.631
  18 0.4375 143.892 320.701
  19 0.4625 143.702 323.769
  20 0.4875 144.49 332.759
  21 0.5125 143.652 347.772
  22 0.5375 144.078 349.371
  23 0.5625 144.3 327.908
  24 0.5875 143.444 319.183
  25 0.6125 143.7 316.424
  26 0.6375 143.798 303.8
  27 0.6625 143.322 308.851
  28 0.6875 143.824 309.497
  29 0.7125 143.978 301.828
  30 0.7375 142.81 300.592
  31 0.7625 144.112 297.322
  32 0.7875 144.906 284.594
  33 0.8125 143.502 280.912
  34 0.8375 143.936 287.624
  35 0.8625 144.412 285.179
  36 0.8875 144.112 287.422
  37 0.9125 145.318 279.667
  38 0.9375 144.022 286.366
  39 0.9625 143.866 281.956
  40 0.9875 143.876 264.078
125000 40 5759.999999999998
  1 0.0125 144.372 253.293
  2 0.0375 144.286 256.819
  3 0.0625 142.99 265.064
  4 0.0875 143.558 262.063
  5 0.1125 144.294 268.867
  6 0.1375 144.284 270.886
  7 0.1625 143.614 275.223
  8 0.1875 143.996 288.483
  9 0.2125 143.946 293.035
  10 0.2375 144.228 297.916
  11 0.2625 143.658 293.437
  12 0.2875 143.168 296.192
  13 0.3125 144.258 302.729
  14 0.3375 143.85 301.14
  15 0.3625 144.164 309.208
  16 0.3875 143.528 316.098
  17 0.4125 144.25 319.829
  18 0.4375 143.362 325.598
  19 0.4625 144.556 317.627
  20 0.4875 144.556 327.707
  21 0.5125 143.424 341.948
  22 0.5375 143.426 346.975
  23 0.5625 144.474 341.065
  24 0.5875 145.172 337.388
  25 0.6125 144.59 331.871
  26 0.6375 144.322 322.881
  27 0.6625 143.526 323.052
  28 0.6875 144.24 314.023
  29 0.7125 144.298 303.137
  30 0.7375 143.808 297.786
  31 0.7625 143.964 297.531
  32 0.7875 144.094 284.319
  33 0.8125 143.738 294.673
  34 0.8375 144.052 291.045
  35 0.8625 144.338 286.021
  36 0.8875 143.896 282.702
  37 0.9125 144.406 277.958
  38 0.9375 143.882 282.422
  39 0.9625 144.456 275.798
  40 0.9875 142.976 261.128
130000 40 5760.000000000001
  1 0.0125 144.832 256.471
  2 0.0375 143.894 257.365
  3 0.0625 143.996 260.813
  4 0.0875 144.858 268.573
  5 0.1125 144.138 261.382
  6 0.1375 143.864 265.19
  7 0.1625 144.178 274.518
  8 0.1875 143.246 279.689
  9 0.2125 144.384 287.95
  10 0.2375 144.648 295.993
  11 0.2625 142.874 294.075
  12 0.2875 144.458 293.284
  13 0.3125 144.078 297.228
  14 0.3375 143.462 302.41
  15 0.3625 143.492 308.773
  16 0.3875 143.998 303.676
  17 0.4125 144.16 306.098
  18 0.4375 143.458 316.51
  19 0.4625 143.62 325.612
  20 0.4875 144.17 325.05
  21 0.5125 144.348 345.913
  22 0.5375 143.29 347.849
  23 0.5625 143.908 332.737
  24 0.5875 144.416 328.483
  25 0.6125 144.06 324.434
  26 0.6375 144.08 317.303
  27 0.6625 144.34 316.862
  28 0.6875 143.822 307.688
  29 0.7125 144.32 308.107
  30 0.7375 144.376 305.159
  31 0.7625 143.796 304.173
  32 0.7875 143.46 308.511
  33 0.8125 143.862 314.996
  34 0.8375 143.774 295.531
  35 0.8625 144.144 289.826
  36 0.8875 144.168 284.643
  37 0.9125 143.834 283.926
  38 0.9375 144.136 283.577
  39 0.9625 144.048 281.75
  40 0.9875 144.01 270.65
135000 40 5759.999999999999
  1 0.0125 144.4 257.74
  2 0.0375 143.966 252.546
  3 0.0625 144.512 265.209
  4 0.0875 143.948 271.816
  5 0.1125 144.378 278.474
  6 0.1375 144.486 277.602
  7 0.1625 144.028 279.21
  8 0.1875 143.902 277.192
  9 0.2125 143.454 278.201
  10 0.2375 144.184 291.348
  11 0.2625 144.76 293.348
  12 0.2875 143.738 300.59
  13 0.3125 143.656 305.73
  14 0.3375 144.468 313.662
  15 0.3625 144.218 310.033
  16 0.3875 143.4 312.282
  17 0.4125 143.85 316.656
  18 0.4375 143.582 317.517
  19 0.4625 144.208 325.287
  20 0.4875 144.252 330.333
  21 0.5125 143.522 343.875
  22 0.5375 143.476 340.902
  23 0.5625 143.81 329.633
  24 0.5875 143.602 323.249
  25 0.6125 144.348 322.989
  26 0.6375 143.5 310.331
  27 0.6625 145.134 310.379
  28 0.6875 143.958 306.216
  29 0.7125 143.784 308.312
  30 0.7375 144.208 310.96
  31 0.7625 144.058 308.012
  32 0.7875 143.998 307.769
  33 0.8125 144.654 296.026
  34 0.8375 143.062 292.298
  35 0.8625 144.022 285.701
  36 0.8875 143.808 285.285
  37 0.9125 143.784 276.36
  38 0.9375 144.112 277.945
  39 0.9625 144.328 274.329
  40 0.9875 143.442 267.984
140000 40 5760.000000000001
  1 0.0125 143.34 261.565
  2 0.0375 144.368 254.637
  3 0.0625 143.732 264.183
  4 0.0875 144.502 275.905
  5 0.1125 143.44 281.537
  6 0.1375 143.532 285.243
  7 0.1625 143.736 282.559
  8 0.1875 144.096 291.744
  9 0.2125 144.288 291.934
  10 0.2375 144.098 295.93
  11 0.2625 144.08 310.335
  12 0.2875 143.618 311.776
  13 0.3125 144.384 300.206
  14 0.3375 144.19 290.974
  15 0.3625 144.598 300.237
  16 0.3875 143.416 312.382
  17 0.4125 144.112 312.911
  18 0.4375 144.876 314.539
  19 0.4625 144.628 318.678
  20 0.4875 144.506 330.306
  21 0.5125 144.04 335.164
  22 0.5375 144.728 340.153
  23 0.5625 143.542 336.662
  24 0.5875 144.074 332.055
  25 0.6125 144.298 322.052
  26 0.6375 143.724 308.83
  27 0.6625 143.326 304.357
  28 0.6875 144.174 299.466
  29 0.7125 143.464 308.447
  30 0.7375 143.794 315.206
  31 0.7625 143.802 305.395
  32 0.7875 143.724 301.359
  33 0.8125 143.694 286.939
  34 0.8375 143.872 291.809
  35 0.8625 144.23 290.291
  36 0.8875 143.902 281.631
  37 0.9125 144.702 276.254
  38 0.9375 143.308 270.905
  39 0.9625 144.424 268.452
  40 0.9875 143.638 269.792
145000 40 5759.999999999998
  1 0.0125 144.586 254.497
  2 0.0375 144.11 254.244
  3 0.0625 143.574 258.089
  4 0.0875 144.212 276.456
  5 0.1125 144.282 282.111
  6 0.1375 144.014 284.887
  7 0.1625 143.798 287.657
  8 0.1875 144.74 293.234
  9 0.2125 143.078 298.19
  10 0.2375 143.898 297.522
  11 0.2625 143.89 310.688
  12 0.2875 144.108 310.695
  13 0.3125 142.978 305.113
  14 0.3375 144.876 304.336
  15 0.3625 143.76 312.981
  16 0.3875 143.724 316.339
  17 0.4125 144.654 319.471
  18 0.4375 143.904 321.72
  19 0.4625 144.266 318.356
  20 0.4875 143.318 319.504
  21 0.5125 144.206 332.992
  22 0.5375 143.128 328.346
  23 0.5625 143.824 319.407
  24 0.5875 144.202 320.829
  25 0.6125 143.856 313.093
  26 0.6375 143.664 307.086
  27 0.6625 143.428 312.353
  28 0.6875 143.732 305.519
  29 0.7125 144.766 312.396
  30 0.7375 142.874 312.564
  31 0.7625 144.048 313.821
  32 0.7875 144.762 300.54
  33 0.8125 143.73 299.415
  34 0.8375 144.744 295.024
  35 0.8625 144.162 284.422
  36 0.8875 143.946 275.634
  37 0.9125 144.376 272.897
  38 0.9375 144.672 273.51
  39 0.9625 144.072 265.019
  40 0.9875 144.038 262.086
150000 40 5759.999999999999
  1 0.0125 143.468 251.096
  2 0.0375 144.722 254.987
  3 0.0625 143.596 268.453
  4 0.0875 144.27 271.849
  5 0.1125 144.446 276.876
  6 0.1375 143.896 282.989
  7 0.1625 144.496 290.729
  8 0.1875 143.358 295.496
  9 0.2125 144.336 306.144
  10 0.2375 143.78 306.97
  11 0.2625 144.352 304.502
  12 0.2875 144.098 308.95
  13 0.3125 143.562 302.07
  14 0.3375 143.982 301.878
  15 0.3625 143.876 301.727
  16 0.3875 143.82 313.412
  17 0.4125 143.468 310.786
  18 0.4375 144.776 317.867
  19 0.4625 144.532 328.116
  20 0.4875 144.326 329.245
  21 0.5125 144.4 335.067
  22 0.5375 142.89 341.54
  23 0.5625 144.328 327.464
  24 0.5875 143.878 326.216
  25 0.6125 144.084 317.091
  26 0.6375 143.504 312.463
  27 0.6625 143.864 314.565
  28 0.6875 143.682 314.695
  29 0.7125 143.302 313.923
  30 0.7375 143.824 303.452
  31 0.7625 144.258 309.766
  32 0.7875 144.432 298.555
  33 0.8125 143.636 290.816
  34 0.8375 144.938 275.909
  35 0.8625 143.88 276.107
  36 0.8875 143.982 278.586
  37 0.9125 144.566 278.277
  38 0.9375 143.888 274.132
  39 0.9625 143.402 263.284
  40 0.9875 144.102 258.101
155000 40 5760
  1 0.0125 143.558 258.963
  2 0.0375 143.95 254.796
  3 0.0625 144.092 258.993
  4 0.0875 143.504 264.971
  5 0.1125 144.368 271.397
  6 0.1375 143.816 279.941
  7 0.1625 142.916 292.168
  8 0.1875 144.142 290.091
  9 0.2125 143.64 295.15
  10 0.2375 143.834 295.333
  11 0.2625 144.816 293.028
  12 0.2875 143.572 300.785
  13 0.3125 144.538 301.887
  14 0.3375 143.174 308.537
  15 0.3625 144.052 311.862
  16 0.3875 143.598 310.358
  17 0.4125 144.486 314.488
  18 0.4375 143.362 321.345
  19 0.4625 143.86 331.41
  20 0.4875 143.784 345.064
  21 0.5125 143.448 347.444
  22 0.5375 144.266 343.532
  23 0.5625 143.84 334.879
  24 0.5875 144.384 323.999
  25 0.6125 143.75 308.238
  26 0.6375 143.948 300.816
  27 0.6625 143.784 307.32
  28 0.6875 144.378 302.487
  29 0.7125 144.902 314.926
  30 0.7375 144.096 308.193
  31 0.7625 143.496 297.324
  32 0.7875 144.07 301.422
  33 0.8125 144.318 293.606
  34 0.8375 144.688 287.652
  35 0.8625 143.992 287.933
  36 0.8875 144.352 281.134
  37 0.9125 144.44 280.009
  38 0.9375 144.918 275.23
  39 0.9625 143.924 269.036
  40 0.9875 143.944 265.415
160000 40 5759.999999999998
  1 0.0125 143.594 256.186
  2 0.0375 144.348 255.716
  3 0.0625 143.954 266.098
  4 0.0875 143.75 271.582
  5 0.1125 143.964 282.431
  6 0.1375 144.27 284.848
  7 0.1625 143.442 284.279
  8 0.1875 145.352 290.381
  9 0.2125 144.166 291.216
  10 0.2375 143.148 300.704
  11 0.2625 143.484 297.408
  12 0.2875 144.35 301.913
  13 0.3125 143.704 311.837
  14 0.3375 144.242 307.573
  15 0.3625 144.086 308.671
  16 0.3875 143.378 318.452
  17 0.4125 144.124 323.645
  18 0.4375 144.388 326.151
  19 0.4625 143.382 333.336
  20 0.4875 143.242 344.32
  21 0.5125 144.428 347.199
  22 0.5375 143.264 342.805
  23 0.5625 144.518 335.159
  24 0.5875 142.984 320.22
  25 0.6125 144.48 317.354
  26 0.6375 144.23 310.743
  27 0.6625 143.888 312.5
  28 0.6875 143.912 301.512
  29 0.7125 144.088 295.555
  30 0.7375 144.282 292.618
  31 0.7625 144.794 297.317
  32 0.7875 144.052 292.351
  33 0.8125 143.882 286.354
  34 0.8375 143.672 285.13
  35 0.8625 144.032 280.647
  36 0.8875 143.66 278.615
  37 0.9125 143.996 281.254
  38 0.9375 144.604 274.349
  39 0.9625 144.908 262.77
  40 0.9875 143.958 261.686
165000 40 5759.999999999999
  1 0.0125 143.832 250.748
  2 0.0375 143.822 248.252
  3 0.0625 144.108 260.68
  4 0.0875 144.916 272.888
  5 0.1125 143.652 283.979
  6 0.1375 142.96 287.912
  7 0.1625 144.656 286.015
  8 0.1875 144.218 288.644
  9 0.2125 144.816 300.841
  10 0.2375 143.204 310.121
  11 0.2625 144.366 304.569
  12 0.2875 143.998 307.827
  13 0.3125 143.228 313.377
  14 0.3375 144.878 314.757
  15 0.3625 144.784 321.69
  16 0.3875 143.776 322.883
  17 0.4125 143.61 312.821
  18 0.4375 144.362 319.463
  19 0.4625 143.534 329.202
  20 0.4875 143.816 328.554
  21 0.5125 143.898 343.288
  22 0.5375 144.14 335.258
  23 0.5625 143.328 329.269
  24 0.5875 143.894 327.514
  25 0.6125 144.488 312.381
  26 0.6375 143.686 315.195
  27 0.6625 143.908 309.789
  28 0.6875 144.182 301.465
  29 0.7125 144.15 298.689
  30 0.7375 144.226 295.298
  31 0.7625 144.08 290.723
  32 0.7875 143.804 292.525
  33 0.8125 143.068 291.32
  34 0.8375 144.128 275.917
  35 0.8625 144.318 280.552
  36 0.8875 143.562 282.17
  37 0.9125 144.052 287.488
  38 0.9375 144.584 282.942
  39 0.9625 144.156 261.479
  40 0.9875 143.812 256.051
170000 40 5759.999999999999
  1 0.0125 144.754 254.527
  2 0.0375 144.122 254.947
  3 0.0625 144.81 264.562
  4 0.0875 144.118 273.264
  5 0.1125 144.186 278.655
  6 0.1375 144.45 280.281
  7 0.1625 143.706 284.093
  8 0.1875 144.13 283.727
  9 0.2125 143.884 289.991
  10 0.2375 144.266 292.537
  11 0.2625 144.198 309.424
  12 0.2875 143.34 312.298
  13 0.3125 143.886 310.786
  14 0.3375 143.592 304.101
  15 0.3625 144.126 300.285
  16 0.3875 143.098 308.282
  17 0.4125 144.168 312.372
  18 0.4375 144.456 319.525
  19 0.4625 144.116 327.148
  20 0.4875 143.43 328.778
  21 0.5125 143.86 341.521
  22 0.5375 143.346 338.857
  23 0.5625 143.642 329.662
  24 0.5875 143.494 325.655
  25 0.6125 144.024 320.101
  26 0.6375 143.872 315.039
  27 0.6625 143.538 320.464
  28 0.6875 143.816 307.352
  29 0.7125 143.994 298.585
  30 0.7375 144.506 299.578
  31 0.7625 143.796 292.987
  32 0.7875 143.682 286.962
  33 0.8125 143.498 287.973
  34 0.8375 144.716 289.18
  35 0.8625 144.358 297.023
  36 0.8875 143.714 295.47
  37 0.9125 144.48 283.788
  38 0.9375 144.048 278.488
  39 0.9625 145.178 270.648
  40 0.9875 143.602 266.172
175000 40 5760
  1 0.0125 144.942 262.811
  2 0.0375 143.92 260.3
  3 0.0625 144.306 264.764
  4 0.0875 144.342 276.494
  5 0.1125 144.33 276.666
  6 0.1375 143.962 279.789
  7 0.1625 144.048 283.757
  8 0.1875 144.196 288.593
  9 0.2125 144.696 288.983
  10 0.2375 144.154 293.933
  11 0.2625 144.19 300.846
  12 0.2875 143.76 311.233
  13 0.3125 144.684 310.384
  14 0.3375 144.05 308.396
  15 0.3625 145.112 312.177
  16 0.3875 143.52 310.505
  17 0.4125 144.6 312.313
  18 0.4375 143.614 318.637
  19 0.4625 143.702 329.611
  20 0.4875 144.062 336.049
  21 0.5125 143.536 336.679
  22 0.5375 143.44 335.979
  23 0.5625 143.606 325.015
  24 0.5875 143.262 318.078
  25 0.6125 144.096 315.876
  26 0.6375 144.076 312.749
  27 0.6625 144.476 303.009
  28 0.6875 143.85 309.247
  29 0.7125 143.822 306.008
  30 0.7375 143.672 302.623
  31 0.7625 144.15 297.402
  32 0.7875 143.454 294.043
  33 0.8125 143.944 290.286
  34 0.8375 142.81 289.624
  35 0.8625 144.318 286.328
  36 0.8875 143.934 285.266
  37 0.9125 144.102 286.285
  38 0.9375 144.508 277.25
  39 0.9625 143.416 266.452
  40 0.9875 143.338 269.681
180000 40 5759.999999999999
  1 0.0125 143.132 261.967
  2 0.0375 144.218 263.739
  3 0.0625 144.24 262.071
  4 0.0875 143.61 277.963
  5 0.1125 143.558 281.854
  6 0.1375 143.606 285.715
  7 0.1625 145.07 285.182
  8 0.1875 143.654 293.604
  9 0.2125 143.902 296.778
  10 0.2375 144.41 300.864
  11 0.2625 144.694 309.384
  12 0.2875 143.858 307.028
  13 0.3125 144.19 313.662
  14 0.3375 144.178 311.59
  15 0.3625 144.23 311.874
  16 0.3875 143.744 306.846
  17 0.4125 143.928 307.405
  18 0.4375 143.914 322.881
  19 0.4625 143.63 322.331
  20 0.4875 143.186 328.569
  21 0.5125 144.01 330.119
  22 0.5375 143.492 336.208
  23 0.5625 143.896 336.019
  24 0.5875 143.546 331.758
  25 0.6125 143.39 319.279
  26 0.6375 144.734 314.42
  27 0.6625 144.104 300.051
  28 0.6875 144.7 302.99
  29 0.7125 143.302 301.486
  30 0.7375 144.266 296.261
  31 0.7625 143.852 296.386
  32 0.7875 143.756 284.562
  33 0.8125 144.472 283.39
  34 0.8375 144.022 283.014
  35 0.8625 144.304 285.709
  36 0.8875 143.638 282.322
  37 0.9125 144.574 277.23
  38 0.9375 143.66 276.947
  39 0.9625 144.18 270.759
  40 0.9875 145.15 271.107
185000 40 5760
  1 0.0125 144.238 259.584
  2 0.0375 143.822 267.98
  3 0.0625 143.714 275.464
  4 0.0875 144.504 275.514
  5 0.1125 143.718 283.315
  6 0.1375 144.966 290.728
  7 0.1625 145.02 292.15
  8 0.1875 144.028 294.934
  9 0.2125 144.014 293.315
  10 0.2375 144.374 297.695
  11 0.2625 144.502 305.593
  12 0.2875 143.446 307.97
  13 0.3125 145.112 299.107
  14 0.3375 143.942 300.58
  15 0.3625 144.192 296.67
  16 0.3875 143.732 302.849
  17 0.4125 145.114 305.935
  18 0.4375 143.144 316.508
  19 0.4625 143.416 320.202
  20 0.4875 143.324 326.906
  21 0.5125 143.844 331.766
  22 0.5375 143.22 341.849
  23 0.5625 143.978 330.435
  24 0.5875 143.786 321.168
  25 0.6125 143.428 311.519
  26 0.6375 144.316 310.746
  27 0.6625 144.376 308.561
  28 0.6875 144.022 313.702
  29 0.7125 143.412 306.257
  30 0.7375 145.116 294.006
  31 0.7625 142.588 303.224
  32 0.7875 143.614 291.14
  33 0.8125 144.304 285.438
  34 0.8375 144.274 285.729
  35 0.8625 144.072 283.246
  36 0.8875 143.988 283.295
  37 0.9125 143.972 287.341
  38 0.9375 144.052 284.717
  39 0.9625 144.31 277.65
  40 0.9875 143.006 269.547
190000 40 5760.000000000001
  1 0.0125 143.482 247.85
  2 0.0375 143.902 246.558
  3 0.0625 144.046 254.825
  4 0.0875 143.95 259.439
  5 0.1125 144.172 268.124
  6 0.1375 143.538 279.007
  7 0.1625 143.818 288.97
  8 0.1875 144.398 298.065
  9 0.2125 143.448 300.895
  10 0.2375 144.368 301.943
  11 0.2625 144.148 304.993
  12 0.2875 144.046 304.006
  13 0.3125 144.044 304.124
  14 0.3375 144.3 304.675
  15 0.3625 144.24 304.97
  16 0.3875 144.08 305.864
  17 0.4125 143.91 301.828
  18 0.4375 144.538 308.127
  19 0.4625 144.81 314.39
  20 0.4875 144.036 320.99
  21 0.5125 143.834 340.259
  22 0.5375 144.326 347.389
  23 0.5625 143.854 342.012
  24 0.5875 144.118 331.473
  25 0.6125 144.442 317.833
  26 0.6375 144.798 316.056
  27 0.6625 142.618 311.598
  28 0.6875 144.46 306.178
  29 0.7125 143.79 311.274
  30 0.7375 143.478 312.958
  31 0.7625 143.2 307.84
  32 0.7875 144.094 306.275
  33 0.8125 143.756 299.015
  34 0.8375 143.892 295.191
  35 0.8625 143.71 291.06
  36 0.8875 144.158 289.727
  37 0.9125 144.878 282.826
  38 0.9375 142.792 272.898
  39 0.9625 144.014 267.822
  40 0.9875 144.514 263.366
195000 40 5760
  1 0.0125 144.456 248.077
  2 0.0375 143.538 250.507
  3 0.0625 144.232 257.47
  4 0.0875 143.044 271.466
  5 0.1125 143.75 280.213
  6 0.1375 144.062 279.765
  7 0.1625 143.746 292.83
  8 0.1875 143.828 290.66
  9 0.2125 143.99 286.208
  10 0.2375 144.068 290.351
  11 0.2625 143.912 300.476
  12 0.2875 145.094 292.986
  13 0.3125 143.302 293.987
  14 0.3375 144.718 297.727
  15 0.3625 144.176 299.043
  16 0.3875 143.584 314.821
  17 0.4125 144.466 320.242
  18 0.4375 143.968 309.803
  19 0.4625 143.66 312.945
  20 0.4875 144.484 327.155
  21 0.5125 144.014 349.122
  22 0.5375 143.482 341.204
  23 0.5625 144.028 330.517
  24 0.5875 144.218 323.292
  25 0.6125 143.794 322.145
  26 0.6375 143.814 316.408
  27 0.6625 145.076 315.428
  28 0.6875 142.748 311.998
  29 0.7125 144.57 310.864
  30 0.7375 144.462 302.053
  31 0.7625 143.298 306.718
  32 0.7875 144.44 308.047
  33 0.8125 143.524 301.71
  34 0.8375 143.734 299.33
  35 0.8625 144.218 295.039
  36 0.8875 144.198 292.137
  37 0.9125 143.308 278.506
  38 0.9375 144.758 282.949
  39 0.9625 143.616 268.577
  40 0.9875 144.622 259.927
200000 40 5760
  1 0.0125 144.044 265.287
  2 0.0375 144.21 258.52
  3 0.0625 144.33 268.696
  4 0.0875 143.382 277.043
  5 0.1125 144.414 276.031
  6 0.1375 143.804 273.94
  7 0.1625 143.4 275.086
  8 0.1875 144.086 280.75
  9 0.2125 143.742 292.683
  10 0.2375 144.486 291.685
  11 0.2625 143.492 296.477
  12 0.2875 144.462 304.9
  13 0.3125 143.758 303.841
  14 0.3375 144.06 306.155
  15 0.3625 143.84 299.603
  16 0.3875 142.942 308.937
  17 0.4125 144.468 313.993
  18 0.4375 144.342 314.532
  19 0.4625 144.194 318.097
  20 0.4875 143.94 320.376
  21 0.5125 144.288 343.193
  22 0.5375 144.096 337.181
  23 0.5625 143.894 328.202
  24 0.5875 144.296 321.03
  25 0.6125 143.94 316.889
  26 0.6375 143.956 321.391
  27 0.6625 143.914 310.448
  28 0.6875 143.664 314.078
  29 0.7125 143.86 311.648
  30 0.7375 143.616 306.399
  31 0.7625 144.644 303.515
  32 0.7875 143.75 294.66
  33 0.8125 143.804 298.507
  34 0.8375 143.692 293.015
  35 0.8625 144.242 289.248
  36 0.8875 144.146 288.104
  37 0.9125 144.836 277.911
  38 0.9375 143.814 283.131
  39 0.9625 143.932 276.342
  40 0.9875 144.22 272.336
205000 40 5760
  1 0.0125 144.486 261.89
  2 0.0375 143.794 259.996
  3 0.0625 144.046 264.316
  4 0.0875 143.916 274.66
  5 0.1125 144.528 274.872
  6 0.1375 144.05 282.665
  7 0.1625 143.944 286.61
  8 0.1875 143.786 308.131
  9 0.2125 143.864 306.091
  10 0.2375 143.802 294.132
  11 0.2625 143.826 291.427
  12 0.2875 144.28 294.873
  13 0.3125 143.868 301.695
  14 0.3375 143.282 300.174
  15 0.3625 144.27 297.195
  16 0.3875 143.62 302.965
  17 0.4125 144.378 310.488
  18 0.4375 143.378 310.809
  19 0.4625 143.634 306.742
  20 0.4875 144.174 322.699
  21 0.5125 143.96 339.216
  22 0.5375 143.718 341.653
  23 0.5625 144.936 335.933
  24 0.5875 143.46 319.053
  25 0.6125 143.974 319.982
  26 0.6375 144.47 315.916
  27 0.6625 143.782 310.197
  28 0.6875 144.122 308.682
  29 0.7125 143.666 308.265
  30 0.7375 144.296 302.218
  31 0.7625 143.804 306.567
  32 0.7875 144.594 308.007
  33 0.8125 143.656 312.128
  34 0.8375 144.24 299.869
  35 0.8625 143.884 294.157
  36 0.8875 144.67 279.81
  37 0.9125 144.266 278.607
  38 0.9375 143.488 272.639
  39 0.9625 143.312 265.494
  40 0.9875 144.776 262.296
210000 40 5760
  1 0.0125 143.7 259.973
  2 0.0375 144.52 253.27
  3 0.0625 143.968 261.129
  4 0.0875 144.994 269.54
  5 0.1125 143.382 275.356
  6 0.1375 144.074 287.856
  7 0.1625 143.43 287.816
  8 0.1875 144.564 289.102
  9 0.2125 143.784 294.258
  10 0.2375 143.97 296.961
  11 0.2625 144.792 296.216
  12 0.2875 144.076 298.052
  13 0.3125 144.41 300.457
  14 0.3375 143.396 304.958
  15 0.3625 144.59 307.357
  16 0.3875 144.136 314.809
  17 0.4125 143.88 319.511
  18 0.4375 144.056 319.852
  19 0.4625 143.862 316.33
  20 0.4875 143.004 328.292
  21 0.5125 144.52 332.507
  22 0.5375 142.776 349.315
  23 0.5625 143.878 338.347
  24 0.5875 144.872 323.757
  25 0.6125 143.688 316.939
  26 0.6375 144.372 310.754
  27 0.6625 143.948 323.716
  28 0.6875 143.836 313.925
  29 0.7125 144.496 307.945
  30 0.7375 143.828 303.235
  31 0.7625 143.872 297.473
  32 0.7875 143.41 294.112
  33 0.8125 144.142 298.576
  34 0.8375 143.656 290.798
  35 0.8625 144.21 289.309
  36 0.8875 143.6 284.587
  37 0.9125 144.652 270.938
  38 0.9375 143.78 269.972
  39 0.9625 144.44 272.788
  40 0.9875 143.436 266.521
215000 40 5759.999999999999
  1 0.0125 143.48 253.132
  2 0.0375 144.178 255.943
  3 0.0625 143.94 265.451
  4 0.0875 143.362 279.113
  5 0.1125 144.216 281.352
  6 0.1375 143.598 281.993
  7 0.1625 143.926 278.259
  8 0.1875 142.97 271.598
  9 0.2125 143.684 278.991
  10 0.2375 144.058 282.69
  11 0.2625 143.524 284.748
  12 0.2875 144.328 293.418
  13 0.3125 144.192 301.419
  14 0.3375 144.154 308.388
  15 0.3625 143.636 306.159
  16 0.3875 143.892 319.348
  17 0.4125 144.79 322.643
  18 0.4375 143.81 323.058
  19 0.4625 143.64 318.222
  20 0.4875 143.74 327.971
  21 0.5125 144.288 330.351
  22 0.5375 144.106 334.321
  23 0.5625 143.97 333.478
  24 0.5875 144.88 319.243
  25 0.6125 143.89 321.492
  26 0.6375 145.288 323.697
  27 0.6625 143.592 323.194
  28 0.6875 145.074 322.567
  29 0.7125 143.478 316.693
  30 0.7375 143.834 301.918
  31 0.7625 143.442 298.168
  32 0.7875 144.058 295.081
  33 0.8125 144.482 284.704
  34 0.8375 144.486 284.656
  35 0.8625 143.804 292.327
  36 0.8875 143.602 290.216
  37 0.9125 144.204 279.898
  38 0.9375 143.63 288.493
  39 0.9625 144.696 287.659
  40 0.9875 144.078 269.615
220000 40 5760
  1 0.0125 144.248 258.406
  2 0.0375 144.396 266.561
  3 0.0625 143.508 277.587
  4 0.0875 144.952 274.132
  5 0.1125 143.934 281.297
  6 0.1375 144.26 280.923
  7 0.1625 143.868 290.584
  8 0.1875 143.578 291.094
  9 0.2125 144.272 291.108
  10 0.2375 143.504 294.933
  11 0.2625 144.388 309.365
  12 0.2875 144.43 295.348
  13 0.3125 143.326 294.089
  14 0.3375 143.77 290.688
  15 0.3625 143.212 298.119
  16 0.3875 144.328 302.647
  17 0.4125 143.282 306.905
  18 0.4375 144.53 304.489
  19 0.4625 143.238 311.515
  20 0.4875 144.62 324.968
  21 0.5125 143.44 344.754
  22 0.5375 143.994 335.151
  23 0.5625 143.744 340.783
  24 0.5875 144.124 331.432
  25 0.6125 144.132 324.115
  26 0.6375 143.638 319.467
  27 0.6625 143.83 310.082
  28 0.6875 143.842 309.706
  29 0.7125 144.622 304.118
  30 0.7375 144.162 308.177
  31 0.7625 143.35 305.814
  32 0.7875 143.512 301.899
  33 0.8125 144.608 292.243
  34 0.8375 144.37 283.775
  35 0.8625 144.704 283.187
  36 0.8875 142.632 289.567
  37 0.9125 145.038 283.814
  38 0.9375 143.862 280.311
  39 0.9625 143.9 275.48
  40 0.9875 144.852 266.773
225000 40 5759.999999999998
  1 0.0125 144.776 261.002
  2 0.0375 143.982 258.236
  3 0.0625 144.414 261.272
  4 0.0875 143.972 279.461
  5 0.1125 144.368 281.94
  6 0.1375 143.974 286.476
  7 0.1625 143.91 294.374
  8 0.1875 144.296 285.568
  9 0.2125 144.098 296.104
  10 0.2375 143.952 304.076
  11 0.2625 144.022 304.675
  12 0.2875 144.008 298.899
  13 0.3125 143.608 300.766
  14 0.3375 143.668 305.135
  15 0.3625 143.428 302.644
  16 0.3875 143.672 303.454
  17 0.4125 144.504 298.39
  18 0.4375 144.292 300.575
  19 0.4625 144.234 315.059
  20 0.4875 143.016 330.858
  21 0.5125 144.342 329.044
  22 0.5375 144.01 326.078
  23 0.5625 143.73 324.561
  24 0.5875 144.32 313.717
  25 0.6125 143.244 322.167
  26 0.6375 144.114 322.176
  27 0.6625 144 322.184
  28 0.6875 143.994 319.696
  29 0.7125 144.296 305.262
  30 0.7375 144.632 298.546
  31 0.7625 143.138 302.736
  32 0.7875 143.714 306.767
  33 0.8125 143.986 289.472
  34 0.8375 144.084 286.836
  35 0.8625 143.596 286.771
  36 0.8875 144.802 285.778
  37 0.9125 143.802 286.609
  38 0.9375 145.01 287.161
  39 0.9625 143.562 283.779
  40 0.9875 143.43 269.105
230000 40 5760
  1 0.0125 144.798 263.074
  2 0.0375 143.478 260.105
  3 0.0625 143.916 269.951
  4 0.0875 143.986 275.591
  5 0.1125 144.418 278.246
  6 0.1375 143.22 285.296
  7 0.1625 144.472 285.214
  8 0.1875 143.992 286.753
  9 0.2125 144.146 300.809
  10 0.2375 144.272 305.365
  11 0.2625 143.824 295.908
  12 0.2875 144.202 295.933
  13 0.3125 143.682 298.954
  14 0.3375 143.756 300.342
  15 0.3625 144.358 302.784
  16 0.3875 143.478 306.246
  17 0.4125 144.38 318.292
  18 0.4375 143.072 324.938
  19 0.4625 144.128 319.334
  20 0.4875 144.266 329.555
  21 0.5125 144.402 329.869
  22 0.5375 143.994 331.6
  23 0.5625 143.646 330.629
  24 0.5875 144.406 314.916
  25 0.6125 143.934 321.158
  26 0.6375 143.77 324.482
  27 0.6625 144.138 323.247
  28 0.6875 144.234 305.099
  29 0.7125 144.612 296.016
  30 0.7375 143.696 298.906
  31 0.7625 144.112 303.509
  32 0.7875 143.646 294.872
  33 0.8125 144.58 290.785
  34 0.8375 144.152 285.053
  35 0.8625 143.522 285.893
  36 0.8875 144.222 285.241
  37 0.9125 143.308 288.301
  38 0.9375 143.638 284.289
  39 0.9625 144.826 269.263
  40 0.9875 143.318 267.416
235000 40 5760.000000000002
  1 0.0125 144.532 261.131
  2 0.0375 143.86 257.683
  3 0.0625 144.306 260.917
  4 0.0875 144.81 265.819
  5 0.1125 143.798 270.124
  6 0.1375 143.872 280.48
  7 0.1625 144.76 284.826
  8 0.1875 144.326 295.248
  9 0.2125 144.246 301.486
  10 0.2375 143.554 298.566
  11 0.2625 144.172 300.156
  12 0.2875 144.096 302.132
  13 0.3125 144.216 302.072
  14 0.3375 143.908 304.15
  15 0.3625 143.938 303.879
  16 0.3875 144.318 311.176
  17 0.4125 143.186 325.216
  18 0.4375 143.938 323.604
  19 0.4625 143.974 318.361
  20 0.4875 143.644 331.042
  21 0.5125 144.792 338.208
  22 0.5375 143.226 329.5
  23 0.5625 144.318 323.195
  24 0.5875 143.312 316.15
  25 0.6125 144.112 312.016
  26 0.6375 143.6 315.255
  27 0.6625 143.994 321.515
  28 0.6875 144.096 313.31
  29 0.7125 143.11 308.513
  30 0.7375 144.978 295.634
  31 0.7625 143.776 291.226
  32 0.7875 143.564 291.571
  33 0.8125 144.312 289.962
  34 0.8375 143.728 288.623
  35 0.8625 143.92 291.406
  36 0.8875 143.89 297.333
  37 0.9125 144.752 290.463
  38 0.9375 143.388 288.666
  39 0.9625 143.508 269.958
  40 0.9875 144.17 265.88
240000 40 5760
  1 0.0125 144.268 263.554
  2 0.0375 144.028 263.887
  3 0.0625 144.166 263.504
  4 0.0875 144.222 268.555
  5 0.1125 143.434 274.835
  6 0.1375 144.158 282.012
  7 0.1625 144.334 289.425
  8 0.1875 143.746 293.709
  9 0.2125 143.258 303.716
  10 0.2375 144.192 300.399
  11 0.2625 144.272 299.854
  12 0.2875 143.504 301.471
  13 0.3125 144.244 309.406
  14 0.3375 143.876 304.641
  15 0.3625 144.384 300.905
  16 0.3875 143.406 305.932
  17 0.4125 144.066 307.839
  18 0.4375 144.424 315.856
  19 0.4625 144.4 324.066
  20 0.4875 143.358 327.046
  21 0.5125 143.726 334.573
  22 0.5375 144.022 318.939
  23 0.5625 143.564 311.233
  24 0.5875 144.44 308.301
  25 0.6125 143.726 310.018
  26 0.6375 143.762 308.044
  27 0.6625 144.254 300.615
  28 0.6875 143.638 310.489
  29 0.7125 144.828 313.259
  30 0.7375 142.956 300.804
  31 0.7625 143.92 302.415
  32 0.7875 144.092 294.456
  33 0.8125 144.106 298.755
  34 0.8375 144.242 295.464
  35 0.8625 144.212 290.85
  36 0.8875 144.298 291.928
  37 0.9125 144.198 290.926
  38 0.9375 143.622 289.7
  39 0.9625 144.768 286.401
  40 0.9875 143.886 275.925
245000 40 5759.999999999997
  1 0.0125 143.994 258.595
  2 0.0375 143.926 253.702
  3 0.0625 144.202 272.985
  4 0.0875 144.312 277.019
  5 0.1125 144.414 273.661
  6 0.1375 143.778 281.444
  7 0.1625 144.768 295.342
  8 0.1875 143.79 302.588
  9 0.2125 143.83 297.244
  10 0.2375 143.088 288.964
  11 0.2625 143.876 297.746
  12 0.2875 144.402 303.38
  13 0.3125 144.264 304.11
  14 0.3375 143.68 301.63
  15 0.3625 143.712 306.719
  16 0.3875 143.698 303.976
  17 0.4125 144.042 308.938
  18 0.4375 142.758 315.519
  19 0.4625 144.044 317.903
  20 0.4875 143.508 326.351
  21 0.5125 143.316 337.063
  22 0.5375 144.144 343.665
  23 0.5625 143.446 326.399
  24 0.5875 144.142 315.589
  25 0.6125 143.996 313.473
  26 0.6375 144.212 306.982
  27 0.6625 143.832 314.81
  28 0.6875 144.386 309.835
  29 0.7125 144.402 300.168
  30 0.7375 143.748 299.421
  31 0.7625 143.896 297.897
  32 0.7875 144.456 293.565
  33 0.8125 144.008 297.077
  34 0.8375 144.496 297.195
  35 0.8625 143.562 288.273
  36 0.8875 144.458 292.396
  37 0.9125 144.616 292.3
  38 0.9375 144.47 279.878
  39 0.9625 144.472 273.326
  40 0.9875 143.856 268.873
250000 40 5759.999999999999
  1 0.0125 144.71 254.412
  2 0.0375 143.842 255.717
  3 0.0625 143.612 266.952
  4 0.0875 144.46 275.027
  5 0.1125 144.848 288.341
  6 0.1375 143.81 290.322
  7 0.1625 143.684 294.994
  8 0.1875 144.168 298.267
  9 0.2125 144.25 289.008
  10 0.2375 143.446 294.406
  11 0.2625 144.222 294.009
  12 0.2875 144.17 303.352
  13 0.3125 143.892 305.026
  14 0.3375 143.978 314.203
  15 0.3625 144.232 310.969
  16 0.3875 143.54 308.217
  17 0.4125 144.294 298.085
  18 0.4375 144.228 309.218
  19 0.4625 143.138 313.554
  20 0.4875 143.782 322.711
  21 0.5125 143.794 337.706
  22 0.5375 144.096 344.718
  23 0.5625 144.358 331.947
  24 0.5875 144.104 324.567
  25 0.6125 144.12 315.274
  26 0.6375 144.35 309.174
  27 0.6625 144.396 310.644
  28 0.6875 143.636 308.323
  29 0.7125 144.682 299.154
  30 0.7375 143.61 298.913
  31 0.7625 144.244 302.927
  32 0.7875 143.334 295.221
  33 0.8125 144.058 295.33
  34 0.8375 144.212 291.395
  35 0.8625 144.034 286.696
  36 0.8875 143.38 292.197
  37 0.9125 144.604 277.293
  38 0.9375 143.48 278.965
  39 0.9625 143.326 276.831
  40 0.9875 143.876 269.862
255000 40 5759.999999999998
  1 0.0125 143.91 259.556
  2 0.0375 144.408 263.771
  3 0.0625 144.11 277.541
  4 0.0875 143.972 274.774
  5 0.1125 144.074 277.736
  6 0.1375 143.65 284.091
  7 0.1625 144.572 284.676
  8 0.1875 144.008 287.288
  9 0.2125 143.444 282.561
  10 0.2375 143.386 286.81
  11 0.2625 144.134 292.798
  12 0.2875 144.696 296.969
  13 0.3125 144.062 298.714
  14 0.3375 145.122 307.767
  15 0.3625 142.636 316.927
  16 0.3875 144.078 318.743
  17 0.4125 143.236 320.611
  18 0.4375 144.01 311.509
  19 0.4625 143.844 317.519
  20 0.4875 144.198 320.861
  21 0.5125 143.592 338.866
  22 0.5375 143.266 335.636
  23 0.5625 144.356 335.912
  24 0.5875 144.332 321.867
  25 0.6125 143.518 323.846
  26 0.6375 144.696 317.924
  27 0.6625 143.94 310.068
  28 0.6875 144.136 310.998
  29 0.7125 144.594 309.291
  30 0.7375 143.504 296.247
  31 0.7625 144.876 296.911
  32 0.7875 144.134 287.896
  33 0.8125 143.912 290.648
  34 0.8375 144.08 287.342
  35 0.8625 143.244 286.667
  36 0.8875 144.4 285.111
  37 0.9125 144.382 277.996
  38 0.9375 144.284 288.476
  39 0.9625 144.138 284.021
  40 0.9875 143.066 270.138
260000 40 5759.999999999998
  1 0.0125 144.2 253.63
  2 0.0375 144.976 256.178
  3 0.0625 143.082 264.104
  4 0.0875 144.102 271.188
  5 0.1125 144.434 275.258
  6 0.1375 144.738 274.61
  7 0.1625 143.694 282.083
  8 0.1875 144.856 290.269
  9 0.2125 144.01 291.442
  10 0.2375 143.96 297.075
  11 0.2625 144.112 296.132
  12 0.2875 143.26 301.065
  13 0.3125 144.874 307.898
  14 0.3375 143.978 311.812
  15 0.3625 144.692 307.805
  16 0.3875 143.884 306.358
  17 0.4125 143.898 313.035
  18 0.4375 143.452 315.715
  19 0.4625 144.74 324.455
  20 0.4875 144.55 329.733
  21 0.5125 144.22 341.993
  22 0.5375 142.354 352.304
  23 0.5625 144.442 339.141
  24 0.5875 144.102 325.341
  25 0.6125 143.93 324.659
  26 0.6375 143.158 316.122
  27 0.6625 144.366 306.828
  28 0.6875 143.446 309.485
  29 0.7125 144.064 310.773
  30 0.7375 144.476 302.278
  31 0.7625 143.862 302.517
  32 0.7875 144.132 297.661
  33 0.8125 143.15 297.309
  34 0.8375 143.62 287.917
  35 0.8625 144.9 273.76
  36 0.8875 143.292 277.224
  37 0.9125 143.848 283.606
  38 0.9375 143.682 279.886
  39 0.9625 143.496 273.72
  40 0.9875 143.968 261.874
265000 40 5760
  1 0.0125 143.954 260.447
  2 0.0375 143.656 261.711
  3 0.0625 143.9 269.407
  4 0.0875 144.406 270.695
  5 0.1125 142.886 277.673
  6 0.1375 144.774 282.557
  7 0.1625 143.956 286.046
  8 0.1875 144.104 290.909
  9 0.2125 144.072 295.944
  10 0.2375 143.882 296.28
  11 0.2625 144.082 298.301
  12 0.2875 143.71 302.812
  13 0.3125 143.944 303.383
  14 0.3375 143.938 314.151
  15 0.3625 144.426 314.458
  16 0.3875 144.222 312.315
  17 0.4125 143.702 312.714
  18 0.4375 143.488 313.914
  19 0.4625 144.464 304.592
  20 0.4875 144.022 319.783
  21 0.5125 143.37 335.924
  22 0.5375 144.09 333.367
  23 0.5625 143.52 321.543
  24 0.5875 143.756 319.914
  25 0.6125 145.184 327.607
  26 0.6375 144.058 323.267
  27 0.6625 143.67 318.642
  28 0.6875 143.992 312.906
  29 0.7125 144.51 305.54
  30 0.7375 143.582 300.807
  31 0.7625 143.72 291.372
  32 0.7875 144.436 290.468
  33 0.8125 143.942 292.965
  34 0.8375 144.158 283.578
  35 0.8625 143.798 288.787
  36 0.8875 143.994 286.276
  37 0.9125 144.32 278.68
  38 0.9375 143.948 282.229
  39 0.9625 144.384 282.674
  40 0.9875 143.98 269.529
270000 40 5760.000000000001
  1 0.0125 143.746 259.305
  2 0.0375 144.398 254.24
  3 0.0625 143.222 268.608
  4 0.0875 144.962 272.42
  5 0.1125 143.484 282.196
  6 0.1375 144.534 287.626
  7 0.1625 144.026 287.193
  8 0.1875 143.296 288.952
  9 0.2125 143.612 288.806
  10 0.2375 144.204 294.463
  11 0.2625 144.056 296.032
  12 0.2875 144.19 304.681
  13 0.3125 144.568 307.824
  14 0.3375 144.392 311.016
  15 0.3625 143.27 313.955
  16 0.3875 144.374 317.039
  17 0.4125 143.87 314.879
  18 0.4375 144.868 313.928
  19 0.4625 143.688 307.648
  20 0.4875 143.598 318.514
  21 0.5125 144.274 326.958
  22 0.5375 143.116 335.363
  23 0.5625 144.692 324.854
  24 0.5875 143.284 323.094
  25 0.6125 144.158 310.578
  26 0.6375 145.036 313.006
  27 0.6625 143.922 314.149
  28 0.6875 144.662 309.142
  29 0.7125 143.084 296.607
  30 0.7375 144.18 294.231
  31 0.7625 143.494 299.929
  32 0.7875 144.154 298.405
  33 0.8125 144.77 299.271
  34 0.8375 143.52 294.51
  35 0.8625 144.298 288.841
  36 0.8875 143.568 293.378
  37 0.9125 143.72 291.755
  38 0.9375 143.772 284.132
  39 0.9625 144.516 276.023
  40 0.9875 143.422 268.12
275000 40 5759.999999999999
  1 0.0125 143.788 259.71
  2 0.0375 144.146 259.297
  3 0.0625 144.11 267.614
  4 0.0875 144.286 273.377
  5 0.1125 144.496 284.413
  6 0.1375 144.604 289.659
  7 0.1625 143.972 279.957
  8 0.1875 143.672 292.754
  9 0.2125 144.772 290.405
  10 0.2375 144.128 290.916
  11 0.2625 144.264 293.339
  12 0.2875 144.124 291.904
  13 0.3125 144.186 298.929
  14 0.3375 143.884 301.221
  15 0.3625 143.24 307.493
  16 0.3875 143.758 323.34
  17 0.4125 143.238 325.316
  18 0.4375 144.802 317.805
  19 0.4625 143.872 315.541
  20 0.4875 143.708 325.898
  21 0.5125 144.604 332.087
  22 0.5375 143.874 343.14
  23 0.5625 144.04 333.234
  24 0.5875 143.52 324.232
  25 0.6125 144.256 317.959
  26 0.6375 143.734 317.925
  27 0.6625 144.096 308.887
  28 0.6875 144.2 309.881
  29 0.7125 143.65 308.051
  30 0.7375 144.528 303.286
  31 0.7625 143.394 293.649
  32 0.7875 144.456 291.711
  33 0.8125 142.864 297.791
  34 0.8375 144.982 294.579
  35 0.8625 143.178 291.333
  36 0.8875 144.846 285.538
  37 0.9125 142.74 278.751
  38 0.9375 144.178 275.733
  39 0.9625 143.858 273.947
  40 0.9875 143.952 261.874
280000 40 5760.000000000001
  1 0.0125 143.694 255.066
  2 0.0375 143.746 253.818
  3 0.0625 144.3 257.134
  4 0.0875 143.468 273.15
  5 0.1125 143.856 274.664
  6 0.1375 144.158 276.388
  7 0.1625 143.028 274.268
  8 0.1875 143.658 282.866
  9 0.2125 144.364 283.675
  10 0.2375 143.132 292.221
  11 0.2625 144.252 296.708
  12 0.2875 143.964 296.906
  13 0.3125 143.798 295.407
  14 0.3375 143.996 302.779
  15 0.3625 144.696 309.595
  16 0.3875 143.392 313.56
  17 0.4125 144.028 316.166
  18 0.4375 143.304 330.097
  19 0.4625 144.434 327.767
  20 0.4875 143.718 330.217
  21 0.5125 143.954 337.132
  22 0.5375 143.96 335.942
  23 0.5625 143.996 328.615
  24 0.5875 144.604 322.375
  25 0.6125 144.486 325.377
  26 0.6375 144.086 317.779
  27 0.6625 144.59 309.94
  28 0.6875 144.304 308.901
  29 0.7125 143.966 310.511
  30 0.7375 143.796 305.43
  31 0.7625 144.372 292.582
  32 0.7875 143.684 306.814
  33 0.8125 144.44 305.817
  34 0.8375 144.83 301.781
  35 0.8625 144.836 295.29
  36 0.8875 143.59 293.891
  37 0.9125 143.406 286.901
  38 0.9375 144.298 277.047
  39 0.9625 143.708 269.254
  40 0.9875 144.108 257.867
285000 40 5760.000000000002
  1 0.0125 143.51 254.513
  2 0.0375 144.922 253.579
  3 0.0625 143.798 267.015
  4 0.0875 144.808 274.91
  5 0.1125 143.206 275.98
  6 0.1375 144.742 277.225
  7 0.1625 144.038 280.304
  8 0.1875 143.956 286.721
  9 0.2125 143.702 291.018
  10 0.2375 143.728 283.983
  11 0.2625 143.676 283.435
  12 0.2875 144.218 292.308
  13 0.3125 144.018 297.305
  14 0.3375 143.668 314.861
  15 0.3625 143.784 309.535
  16 0.3875 144.074 310.163
  17 0.4125 144.576 318.646
  18 0.4375 143.886 320.339
  19 0.4625 144.282 331.853
  20 0.4875 144.922 333.187
  21 0.5125 143.408 335.088
  22 0.5375 144.214 338.549
  23 0.5625 143.884 330.3
  24 0.5875 143.626 327.256
  25 0.6125 144.42 324.484
  26 0.6375 143.398 321.736
  27 0.6625 144.112 303.714
  28 0.6875 143.282 304.608
  29 0.7125 143.66 303.712
  30 0.7375 143.826 298.611
  31 0.7625 143.822 294.668
  32 0.7875 144.252 299.856
  33 0.8125 143.85 302.404
  34 0.8375 143.778 291.75
  35 0.8625 143.896 292.791
  36 0.8875 143.464 289.408
  37 0.9125 143.902 286.979
  38 0.9375 145.032 277.329
  39 0.9625 143.08 279.784
  40 0.9875 145.58 273.134
290000 40 5759.999999999999
  1 0.0125 143.95 262.093
  2 0.0375 144.508 268.932
  3 0.0625 144.554 275.656
  4 0.0875 143.878 283.365
  5 0.1125 143.912 278.361
  6 0.1375 144.434 279.497
  7 0.1625 145.026 274.947
  8 0.1875 143.91 281.433
  9 0.2125 143.662 285.98
  10 0.2375 144.75 290.68
  11 0.2625 143.628 288.639
  12 0.2875 143.934 297.525
  13 0.3125 144.158 298.473
  14 0.3375 143.76 303.253
  15 0.3625 143.898 306.903
  16 0.3875 143.674 306.505
  17 0.4125 143.85 308.208
  18 0.4375 143.45 313.694
  19 0.4625 144.12 310.711
  20 0.4875 144.068 322.631
  21 0.5125 143.766 338.212
  22 0.5375 143.966 343.42
  23 0.5625 144.102 328.288
  24 0.5875 143.422 326.788
  25 0.6125 143.662 323.91
  26 0.6375 143.364 317.417
  27 0.6625 143.836 309.976
  28 0.6875 144.182 308.555
  29 0.7125 143.61 302.776
  30 0.7375 143.906 299.744
  31 0.7625 143.454 297.969
  32 0.7875 144.448 293.778
  33 0.8125 144.948 301.63
  34 0.8375 143.586 298.396
  35 0.8625 144.11 299.084
  36 0.8875 143.778 294.455
  37 0.9125 144.45 281.814
  38 0.9375 143.568 278.583
  39 0.9625 144.782 277.796
  40 0.9875 143.936 274.109
295000 40 5759.999999999999
  1 0.0125 143.398 254.987
  2 0.0375 143.78 254.931
  3 0.0625 143.232 266.887
  4 0.0875 144.012 269.745
  5 0.1125 144.2 271.63
  6 0.1375 144.002 278.235
  7 0.1625 144.136 276.43
  8 0.1875 144.296 284.59
  9 0.2125 143.602 283.404
  10 0.2375 144.428 282.104
  11 0.2625 143.388 283.699
  12 0.2875 144.362 294.906
  13 0.3125 142.996 305.746
  14 0.3375 144.576 302.154
  15 0.3625 143.64 304.527
  16 0.3875 143.628 310.484
  17 0.4125 144.386 313.107
  18 0.4375 143.856 312.663
  19 0.4625 144.67 316.598
  20 0.4875 143.928 330.686
  21 0.5125 144.008 340.102
  22 0.5375 143.784 330.524
  23 0.5625 144.6 328.98
  24 0.5875 143.388 323.813
  25 0.6125 143.716 316.316
  26 0.6375 143.814 316.615
  27 0.6625 144.488 317.45
  28 0.6875 144.326 317.296
  29 0.7125 143.978 315.905
  30 0.7375 144.576 313.865
  31 0.7625 144.002 309.813
  32 0.7875 144.408 301.873
  33 0.8125 144.258 304.556
  34 0.8375 143.806 295.961
  35 0.8625 143.914 292.246
  36 0.8875 144.116 288.115
  37 0.9125 143.75 287.84
  38 0.9375 143.442 285.069
  39 0.9625 144.36 278.687
  40 0.9875 144.75 270.146
300000 40 5759.999999999999
  1 0.0125 144.87 249.283
  2 0.0375 144.302 258.27
  3 0.0625 143.644 269.202
  4 0.0875 144.136 274.538
  5 0.1125 144.614 271.682
  6 0.1375 144.436 271.75
  7 0.1625 143.91 277.18
  8 0.1875 143.73 281.12
  9 0.2125 144.312 290.75
  10 0.2375 144.112 301.61
  11 0.2625 145.07 307.701
  12 0.2875 143.4 306.883
  13 0.3125 144.878 306.251
  14 0.3375 143.77 296.15
  15 0.3625 143.946 290.937
  16 0.3875 143.676 300.334
  17 0.4125 143.576 302.392
  18 0.4375 143.898 309.926
  19 0.4625 144.226 314.146
  20 0.4875 144.23 317.551
  21 0.5125 143.532 346.685
  22 0.5375 143.854 350.262
  23 0.5625 143.176 345.419
  24 0.5875 143.996 334.623
  25 0.6125 144.358 321.634
  26 0.6375 143.756 318.536
  27 0.6625 143.542 314.928
  28 0.6875 143.544 320.063
  29 0.7125 143.322 318.988
  30 0.7375 144.474 310.872
  31 0.7625 143.056 303.76
  32 0.7875 144.65 300.261
  33 0.8125 143.85 292.901
  34 0.8375 143.724 288.277
  35 0.8625 144.008 283.474
  36 0.8875 143.65 281.972
  37 0.9125 144.396 283.78
  38 0.9375 143.896 283.633
  39 0.9625 144.234 274.003
  40 0.9875 144.246 266.214
305000 40 5760
  1 0.0125 144.374 252.428
  2 0.0375 143.72 248.703
  3 0.0625 143.884 257.351
  4 0.0875 143.692 271.463
  5 0.1125 143.856 277.331
  6 0.1375 144.37 271.679
  7 0.1625 143.348 275.572
  8 0.1875 144.356 282.697
  9 0.2125 144.222 297.567
  10 0.2375 143.22 299.273
  11 0.2625 144.634 296.712
  12 0.2875 143.824 288.402
  13 0.3125 143.76 295.553
  14 0.3375 144.068 300.924
  15 0.3625 145.008 306.417
  16 0.3875 144.226 315.596
  17 0.4125 144.046 315.817
  18 0.4375 144.4 312.117
  19 0.4625 143.812 317.469
  20 0.4875 144.894 330.658
  21 0.5125 143.672 344.29
  22 0.5375 144.846 332.347
  23 0.5625 143.98 334.236
  24 0.5875 143.922 319.961
  25 0.6125 143.784 321.005
  26 0.6375 143.326 319.958
  27 0.6625 144.602 325.117
  28 0.6875 143.308 317.721
  29 0.7125 144.074 321.907
  30 0.7375 144.504 318.62
  31 0.7625 143.652 304.674
  32 0.7875 144.354 296.593
  33 0.8125 144.078 295.792
  34 0.8375 143.058 286.595
  35 0.8625 143.718 285.037
  36 0.8875 143.848 284.215
  37 0.9125 143.566 280.198
  38 0.9375 144.08 279.437
  39 0.9625 144.696 280.831
  40 0.9875 143.218 271.113
310000 40 5759.999999999999
  1 0.0125 144.524 251.624
  2 0.0375 143.572 254.098
  3 0.0625 143.622 274.605
  4 0.0875 144.434 276.883
  5 0.1125 144.058 269.915
  6 0.1375 143.796 273.024
  7 0.1625 143.632 276.874
  8 0.1875 144.694 282.5
  9 0.2125 142.37 292.569
  10 0.2375 144.392 289.524
  11 0.2625 143.868 295.11
  12 0.2875 143.726 286.399
  13 0.3125 144.352 286.66
  14 0.3375 143.706 301.689
  15 0.3625 144.996 299.674
  16 0.3875 143.3 308.392
  17 0.4125 144.102 311.994
  18 0.4375 143.62 313.476
  19 0.4625 143.348 315.585
  20 0.4875 145.388 312.676
  21 0.5125 143.23 330.936
  22 0.5375 142.736 333.611
  23 0.5625 144.14 328.872
  24 0.5875 144.832 328.376
  25 0.6125 143.16 328.241
  26 0.6375 143.96 319.141
  27 0.6625 144.106 317.94
  28 0.6875 143.48 316.424
  29 0.7125 144.814 320.505
  30 0.7375 144.294 324.761
  31 0.7625 144.526 320.691
  32 0.7875 143.522 303.736
  33 0.8125 144.634 294.199
  34 0.8375 143.202 304.483
  35 0.8625 144.538 292.155
  36 0.8875 144.076 286.455
  37 0.9125 144.592 279.083
  38 0.9375 143.892 276.717
  39 0.9625 144.774 279.036
  40 0.9875 143.992 275.568
315000 40 5760
  1 0.0125 143.552 261.726
  2 0.0375 144.394 260.676
  3 0.0625 143.136 267.668
  4 0.0875 144.506 270.107
  5 0.1125 143.908 283.077
  6 0.1375 144.298 291.226
  7 0.1625 144.234 286.787
  8 0.1875 142.922 285.662
  9 0.2125 144.464 294.588
  10 0.2375 143.348 297.704
  11 0.2625 144.046 298.212
  12 0.2875 145.322 284.958
  13 0.3125 142.822 297.922
  14 0.3375 144.238 301.186
  15 0.3625 144.9 294.826
  16 0.3875 143.432 296.404
  17 0.4125 144.21 306.102
  18 0.4375 143.974 309.241
  19 0.4625 144.348 329.669
  20 0.4875 144.14 330.578
  21 0.5125 144.182 333.56
  22 0.5375 143.672 338.294
  23 0.5625 143.896 323.103
  24 0.5875 143.84 325.15
  25 0.6125 143.932 324.833
  26 0.6375 144.166 320.108
  27 0.6625 143.622 310.086
  28 0.6875 144.012 315.748
  29 0.7125 144.47 313.647
  30 0.7375 144.186 307.342
  31 0.7625 143.214 296.267
  32 0.7875 143.532 289.84
  33 0.8125 143.956 301.905
  34 0.8375 144.224 300.385
  35 0.8625 143.922 287.383
  36 0.8875 144.868 290.091
  37 0.9125 144.224 294.215
  38 0.9375 143.624 277.116
  39 0.9625 143.836 269.494
  40 0.9875 144.428 268.731
320000 40 5760.000000000001
  1 0.0125 144.04 259.995
  2 0.0375 144.248 251.722
  3 0.0625 144.304 263.82
  4 0.0875 143.6 273.12
  5 0.1125 144.076 278.872
  6 0.1375 143.05 284.351
  7 0.1625 144.948 288.557
  8 0.1875 143.752 278.782
  9 0.2125 144.336 282.454
  10 0.2375 143.922 281.478
  11 0.2625 144.786 289.73
  12 0.2875 143.336 293.22
  13 0.3125 144.246 293.325
  14 0.3375 143.646 297.366
  15 0.3625 144.464 301.076
  16 0.3875 144.53 306.637
  17 0.4125 144.534 315.064
  18 0.4375 143.494 325.967
  19 0.4625 144.512 327.892
  20 0.4875 144.344 324.515
  21 0.5125 144.364 337.027
  22 0.5375 143.326 339.918
  23 0.5625 143.874 324.45
  24 0.5875 144.57 328.251
  25 0.6125 143.894 321.779
  26 0.6375 144.02 315.633
  27 0.6625 144.218 314.343
  28 0.6875 143.968 312.034
  29 0.7125 144.392 312.001
  30 0.7375 143.488 314.082
  31 0.7625 143.726 303.034
  32 0.7875 143.694 304.485
  33 0.8125 143.284 307.901
  34 0.8375 144.332 294.473
  35 0.8625 142.852 286.457
  36 0.8875 144.928 283.386
  37 0.9125 143.492 284.782
  38 0.9375 144.384 283.643
  39 0.9625 143.746 278.31
  40 0.9875 143.28 269.263
325000 40 5760.000000000002
  1 0.0125 144.776 250.699
  2 0.0375 144.206 252.898
  3 0.0625 144.568 259.518
  4 0.0875 144.67 263.735
  5 0.1125 143.28 275.124
  6 0.1375 143.998 276.318
  7 0.1625 143.668 283.166
  8 0.1875 144.33 282.682
  9 0.2125 143.828 289.407
  10 0.2375 144.42 292.956
  11 0.2625 144.068 296.209
  12 0.2875 144.042 296.408
  13 0.3125 144.314 293.477
  14 0.3375 143.674 298.966
  15 0.3625 144.006 308.699
  16 0.3875 144.018 305.963
  17 0.4125 144.34 306.671
  18 0.4375 144.086 314.08
  19 0.4625 143.452 327.758
  20 0.4875 144.162 338.257
  21 0.5125 143.52 347.705
  22 0.5375 143.658 343.997
  23 0.5625 143.648 343.776
  24 0.5875 144.146 337.595
  25 0.6125 143.73 332.26
  26 0.6375 144.104 322.24
  27 0.6625 143.564 317.168
  28 0.6875 143.852 311.733
  29 0.7125 143.882 310.777
  30 0.7375 143.994 306.18
  31 0.7625 143.666 298.15
  32 0.7875 144.274 299.734
  33 0.8125 143.872 296.009
  34 0.8375 144.06 292.167
  35 0.8625 144.02 284.039
  36 0.8875 144.434 278.786
  37 0.9125 143.572 278.212
  38 0.9375 144.062 282.149
  39 0.9625 143.3 277.409
  40 0.9875 144.736 263.909
330000 40 5760.000000000001
  1 0.0125 144.128 262.385
  2 0.0375 144.156 261.8
  3 0.0625 144.67 263.061
  4 0.0875 144.134 267.044
  5 0.1125 144.2 276.263
  6 0.1375 144.656 283.381
  7 0.1625 143.56 285.535
  8 0.1875 144.414 290.416
  9 0.2125 143.602 287.143
  10 0.2375 143.648 287.806
  11 0.2625 144.034 294.102
  12 0.2875 143.816 295.603
  13 0.3125 144.44 306.159
  14 0.3375 144.2 309.887
  15 0.3625 144.492 306.813
  16 0.3875 143.762 309.617
  17 0.4125 143.94 319.275
  18 0.4375 144.606 308.972
  19 0.4625 143.974 321.638
  20 0.4875 144.158 346.796
  21 0.5125 143.772 357.275
  22 0.5375 144.006 347.871
  23 0.5625 143.862 332.283
  24 0.5875 143.98 325.07
  25 0.6125 144.24 326.667
  26 0.6375 143.588 316.202
  27 0.6625 143.974 319.871
  28 0.6875 143.594 310.888
  29 0.7125 143.554 303.246
  30 0.7375 143.478 302.721
  31 0.7625 143.584 300.942
  32 0.7875 143.696 291.413
  33 0.8125 143.958 284.507
  34 0.8375 144.614 274.019
  35 0.8625 144.22 283.085
  36 0.8875 143.42 289.228
  37 0.9125 144.252 275.649
  38 0.9375 143.374 267.528
  39 0.9625 143.77 272.448
  40 0.9875 144.474 267.848
335000 40 5760.000000000001
  1 0.0125 143.86 253.573
  2 0.0375 144.984 257.357
  3 0.0625 143.934 258.365
  4 0.0875 144.362 272.664
  5 0.1125 144.006 284.009
  6 0.1375 144.016 282.529
  7 0.1625 143.93 290.52
  8 0.1875 143.972 294.666
  9 0.2125 143.594 290.398
  10 0.2375 143.006 290.652
  11 0.2625 144.542 288.804
  12 0.2875 144.554 290.655
  13 0.3125 143.922 291.33
  14 0.3375 144.082 297.442
  15 0.3625 143.306 302.68
  16 0.3875 144.122 314.629
  17 0.4125 143.66 328.293
  18 0.4375 143.798 328.216
  19 0.4625 143.98 330.792
  20 0.4875 143.872 342.194
  21 0.5125 144.518 345.067
  22 0.5375 144.02 342.113
  23 0.5625 144.058 327.269
  24 0.5875 143.584 329.937
  25 0.6125 143.732 326.267
  26 0.6375 143.674 312.761
  27 0.6625 143.406 309.279
  28 0.6875 143.852 310.57
  29 0.7125 144.284 304.857
  30 0.7375 143.912 303.809
  31 0.7625 143.898 290.533
  32 0.7875 144.97 294.838
  33 0.8125 144.608 290.69
  34 0.8375 143.926 290.659
  35 0.8625 143.816 286.475
  36 0.8875 144.024 281.282
  37 0.9125 144.386 287.453
  38 0.9375 144.116 278.573
  39 0.9625 144.152 268.2
  40 0.9875 143.562 261.474
340000 40 5759.999999999999
  1 0.0125 145.332 254.712
  2 0.0375 143.69 252.634
  3 0.0625 143.938 258.442
  4 0.0875 144.566 266.939
  5 0.1125 143.874 281.809
  6 0.1375 144.154 277.008
  7 0.1625 144.104 284.009
  8 0.1875 143.326 286.881
  9 0.2125 143.544 294.7
  10 0.2375 143.864 296.846
  11 0.2625 143.118 295.36
  12 0.2875 143.794 301.222
  13 0.3125 144.394 301.523
  14 0.3375 143.354 313.983
  15 0.3625 144.116 316.651
  16 0.3875 143.596 313.908
  17 0.4125 143.738 323.106
  18 0.4375 144.206 315.512
  19 0.4625 144.162 327.224
  20 0.4875 143.42 350.071
  21 0.5125 144.786 354.178
  22 0.5375 143.258 346.008
  23 0.5625 143.56 330.763
  24 0.5875 143.794 316.607
  25 0.6125 143.718 312.072
  26 0.6375 144.038 313.42
  27 0.6625 144.234 320.266
  28 0.6875 144.684 308.12
  29 0.7125 143.876 301.794
  30 0.7375 144.35 298.722
  31 0.7625 143.828 293.455
  32 0.7875 144.244 295.009
  33 0.8125 144.048 290.036
  34 0.8375 144.32 287.742
  35 0.8625 143.548 281.886
  36 0.8875 144.098 275.759
  37 0.9125 144.402 281.003
  38 0.9375 144.518 271.985
  39 0.9625 144.41 273.217
  40 0.9875 143.996 271.139
345000 40 5759.999999999999
  1 0.0125 144.108 257.021
  2 0.0375 142.97 253.523
  3 0.0625 144.582 264.024
  4 0.0875 143.496 274.387
  5 0.1125 144.292 278.03
  6 0.1375 144.584 278.062
  7 0.1625 144.078 278.113
  8 0.1875 144.672 281.937
  9 0.2125 143.584 290.6
  10 0.2375 145.688 291.437
  11 0.2625 142.894 305.117
  12 0.2875 144.086 308.682
  13 0.3125 144.198 308.434
  14 0.3375 143.384 303.647
  15 0.3625 144.5 313.178
  16 0.3875 144.168 322.223
  17 0.4125 144.088 328.852
  18 0.4375 144.508 321.018
  19 0.4625 143.862 317.549
  20 0.4875 143.408 334.211
  21 0.5125 143.894 346.624
  22 0.5375 143.656 355.054
  23 0.5625 144.228 331.374
  24 0.5875 144.176 326.492
  25 0.6125 143.706 312.753
  26 0.6375 144.13 301.582
  27 0.6625 143.712 314.764
  28 0.6875 144.38 311.793
  29 0.7125 144.106 311.432
  30 0.7375 143.832 305.339
  31 0.7625 144.304 294.881
  32 0.7875 143.186 300.44
  33 0.8125 143.93 293.312
  34 0.8375 143.614 290.895
  35 0.8625 142.824 282.346
  36 0.8875 144.636 270.063
  37 0.9125 143.352 273.51
  38 0.9375 144.364 271.192
  39 0.9625 144.824 269.614
  40 0.9875 143.996 262.168
350000 40 5760.000000000001
  1 0.0125 144.194 251.528
  2 0.0375 144.204 255.298
  3 0.0625 143.78 268.622
  4 0.0875 144.002 269.229
  5 0.1125 144.41 269.252
  6 0.1375 143.802 275.183
  7 0.1625 143.712 274.876
  8 0.1875 144.306 279.773
  9 0.2125 143.554 284.502
  10 0.2375 143.506 288.686
  11 0.2625 143.936 288.554
  12 0.2875 143.464 301.904
  13 0.3125 144.148 297.568
  14 0.3375 143.712 303.726
  15 0.3625 143.93 312.831
  16 0.3875 144.092 314.864
  17 0.4125 143.118 331.84
  18 0.4375 143.636 330.61
  19 0.4625 143.43 324.996
  20 0.4875 143.538 330.284
  21 0.5125 143.89 346.54
  22 0.5375 143.456 354.831
  23 0.5625 143.508 341.763
  24 0.5875 143.73 329.181
  25 0.6125 143.616 318.018
  26 0.6375 143.562 318.101
  27 0.6625 144.898 309.439
  28 0.6875 143.916 309.365
  29 0.7125 144.684 319.703
  30 0.7375 144.68 319.681
  31 0.7625 144.158 304.22
  32 0.7875 144.378 298.86
  33 0.8125 144.942 286.43
  34 0.8375 144.542 285.341
  35 0.8625 145.072 281.148
  36 0.8875 143.636 281.67
  37 0.9125 143.694 276.564
  38 0.9375 144.758 268.049
  39 0.9625 144.364 270.427
  40 0.9875 144.042 261.553
355000 40 5760
  1 0.0125 143.472 250.277
  2 0.0375 143.646 245.963
  3 0.0625 144.618 253.287
  4 0.0875 143.286 261.829
  5 0.1125 143.736 268.175
  6 0.1375 143.574 272.632
  7 0.1625 143.364 278.423
  8 0.1875 144.732 279.295
  9 0.2125 143.804 285.579
  10 0.2375 144.012 280.645
  11 0.2625 143 285.342
  12 0.2875 143.964 296.399
  13 0.3125 144.616 302.178
  14 0.3375 144.372 305.156
  15 0.3625 143.498 315.259
  16 0.3875 144.12 315.321
  17 0.4125 143.496 321.335
  18 0.4375 143.582 323.444
  19 0.4625 143.964 324.896
  20 0.4875 145.168 338.189
  21 0.5125 143.732 353.573
  22 0.5375 144.5 360.914
  23 0.5625 143.686 344.332
  24 0.5875 144.594 333.025
  25 0.6125 144.15 312.839
  26 0.6375 143.748 319.492
  27 0.6625 145.604 317.145
  28 0.6875 143.75 322.584
  29 0.7125 143.806 318.294
  30 0.7375 144.194 314.249
  31 0.7625 143.538 302.972
  32 0.7875 143.912 293.648
  33 0.8125 144.56 295.313
  34 0.8375 143.556 291.139
  35 0.8625 144.344 284.947
  36 0.8875 144.026 277.02
  37 0.9125 144.28 274.184
  38 0.9375 143.784 271.955
  39 0.9625 143.776 273.886
  40 0.9875 144.436 266.737
360000 40 5759.999999999999
  1 0.0125 144.3 255.447
  2 0.0375 144.21 249.564
  3 0.0625 143.554 260.359
  4 0.0875 144.506 268.222
  5 0.1125 143.452 272.285
  6 0.1375 144.614 286.789
  7 0.1625 144.35 284.504
  8 0.1875 143.736 280.696
  9 0.2125 144.006 287.925
  10 0.2375 144.268 292.65
  11 0.2625 143.912 294.215
  12 0.2875 144.26 293.783
  13 0.3125 144.216 299.56
  14 0.3375 144.154 302.696
  15 0.3625 144.832 310.021
  16 0.3875 143.792 312.666
  17 0.4125 143.45 324.868
  18 0.4375 144.678 322.987
  19 0.4625 144.468 326.043
  20 0.4875 144.318 332.825
  21 0.5125 143.224 342.938
  22 0.5375 142.998 347.87
  23 0.5625 143.714 331.386
  24 0.5875 143.522 330.572
  25 0.6125 144.128 312.993
  26 0.6375 142.476 320.337
  27 0.6625 144.662 312.258
  28 0.6875 143.516 314.465
  29 0.7125 143.232 310.367
  30 0.7375 145.056 304.816
  31 0.7625 143.584 305.43
  32 0.7875 143.914 308.387
  33 0.8125 143.828 303.856
  34 0.8375 144.966 294.549
  35 0.8625 143.398 284.786
  36 0.8875 144.48 280.141
  37 0.9125 144.298 271.774
  38 0.9375 144.132 265.648
  39 0.9625 143.872 268.352
  40 0.9875 143.924 266.87
365000 40 5759.999999999998
  1 0.0125 144.53 247.371
  2 0.0375 143.98 255.881
  3 0.0625 144.352 261.132
  4 0.0875 144.844 267.858
  5 0.1125 143.408 283.336
  6 0.1375 144.304 294.442
  7 0.1625 143.808 300.591
  8 0.1875 144.14 288.334
  9 0.2125 143.594 292.462
  10 0.2375 144.464 300.8
  11 0.2625 142.77 302.549
  12 0.2875 144.47 299.838
  13 0.3125 143.612 299.656
  14 0.3375 144.44 305.821
  15 0.3625 143.552 305.168
  16 0.3875 143.36 303.167
  17 0.4125 144.396 316.232
  18 0.4375 144.142 317.459
  19 0.4625 143.518 322.668
  20 0.4875 143.532 339.128
  21 0.5125 144.616 344.154
  22 0.5375 144.326 340.649
  23 0.5625 144.718 332.54
  24 0.5875 142.97 328.903
  25 0.6125 143.966 319.777
  26 0.6375 144.1 317.23
  27 0.6625 143.78 311.635
  28 0.6875 143.032 313.779
  29 0.7125 144.958 309.446
  30 0.7375 143.518 306.106
  31 0.7625 144.286 300.266
  32 0.7875 144.07 292.194
  33 0.8125 143.606 295.564
  34 0.8375 144.23 282.752
  35 0.8625 143.818 283.274
  36 0.8875 144.168 277.785
  37 0.9125 143.864 274.384
  38 0.9375 144.078 268.046
  39 0.9625 143.788 267.351
  40 0.9875 144.892 262.096
370000 40 5759.999999999998
  1 0.0125 144.642 241.109
  2 0.0375 144.214 244.722
  3 0.0625 143.204 258.843
  4 0.0875 143.736 274.481
  5 0.1125 144.378 279.832
  6 0.1375 143.942 297.504
  7 0.1625 144.41 294.816
  8 0.1875 143.948 298.627
  9 0.2125 144.152 302.712
  10 0.2375 144.35 299.219
  11 0.2625 144.198 298.661
  12 0.2875 144.37 302.131
  13 0.3125 143.628 306.878
  14 0.3375 144.434 312.286
  15 0.3625 143.99 313.18
  16 0.3875 143.816 310.034
  17 0.4125 144.874 309.696
  18 0.4375 144.444 319.717
  19 0.4625 143.254 325.563
  20 0.4875 144.692 334.842
  21 0.5125 143.296 338.001
  22 0.5375 144.358 352.586
  23 0.5625 144.084 343.369
  24 0.5875 144.334 332.349
  25 0.6125 144.724 323.737
  26 0.6375 144.106 315.816
  27 0.6625 143.972 305.154
  28 0.6875 143.758 298.688
  29 0.7125 143.49 301.807
  30 0.7375 144.616 295.941
  31 0.7625 143.6 297.516
  32 0.7875 143.878 304.57
  33 0.8125 142.958 300.124
  34 0.8375 143.338 290.638
  35 0.8625 143.54 284.895
  36 0.8875 143.856 277.376
  37 0.9125 144.29 268.223
  38 0.9375 143.542 265.471
  39 0.9625 144.24 263.739
  40 0.9875 143.344 250.32
375000 40 5760
  1 0.0125 144.572 249.516
  2 0.0375 144.598 254.036
  3 0.0625 143.444 265.803
  4 0.0875 143.774 273.611
  5 0.1125 144.624 283.654
  6 0.1375 143.97 297.38
  7 0.1625 143.834 296.032
  8 0.1875 143.886 297.576
  9 0.2125 143.956 301.592
  10 0.2375 144.704 293.232
  11 0.2625 144.142 295.609
  12 0.2875 143.994 293.288
  13 0.3125 144.15 296.754
  14 0.3375 143.782 308.037
  15 0.3625 143.288 309.365
  16 0.3875 144.288 313.013
  17 0.4125 143.652 322.598
  18 0.4375 143.824 335.023
  19 0.4625 143.518 333.296
  20 0.4875 143.994 346.674
  21 0.5125 143.288 337.629
  22 0.5375 144.31 334.913
  23 0.5625 144.126 334.311
  24 0.5875 143.62 328.421
  25 0.6125 143.796 321.572
  26 0.6375 144.154 324.306
  27 0.6625 144.036 316.625
  28 0.6875 143.206 313.046
  29 0.7125 144.152 302.819
  30 0.7375 143.644 293.137
  31 0.7625 144.184 285.703
  32 0.7875 144.138 283.519
  33 0.8125 143.594 295.521
  34 0.8375 144.91 288.576
  35 0.8625 144.456 279.424
  36 0.8875 143.26 276.314
  37 0.9125 144.748 264.864
  38 0.9375 144.496 265.751
  39 0.9625 143.98 258.375
  40 0.9875 143.908 261.113
380000 40 5759.999999999999
  1 0.0125 144.016 252.535
  2 0.0375 143.792 254.43
  3 0.0625 144.146 264.617
  4 0.0875 143.82 269.841
  5 0.1125 142.99 278.039
  6 0.1375 144.82 275.097
  7 0.1625 143.818 274.478
  8 0.1875 144.302 282.458
  9 0.2125 143.786 286.061
  10 0.2375 144.18 286.543
  11 0.2625 144.264 286.343
  12 0.2875 144.142 295.467
  13 0.3125 144.078 304.894
  14 0.3375 144.538 308.47
  15 0.3625 143.714 314.6
  16 0.3875 144.008 317.414
  17 0.4125 144.914 326.609
  18 0.4375 143.308 338.024
  19 0.4625 144.76 335.63
  20 0.4875 143.616 345.227
  21 0.5125 143.88 354.602
  22 0.5375 144.144 350.724
  23 0.5625 144.422 333.705
  24 0.5875 144.434 332.39
  25 0.6125 145.178 331.16
  26 0.6375 143.612 327.491
  27 0.6625 143.276 318.295
  28 0.6875 143.716 307.17
  29 0.7125 143.238 300.15
  30 0.7375 144.308 293.677
  31 0.7625 143.676 299.577
  32 0.7875 143.896 287.542
  33 0.8125 143.976 297.835
  34 0.8375 143.91 288.851
  35 0.8625 143.846 277.04
  36 0.8875 143.266 278.885
  37 0.9125 143.672 269.185
  38 0.9375 144.618 265.282
  39 0.9625 144.38 261.171
  40 0.9875 143.54 258.31
385000 40 5759.999999999998
  1 0.0125 143.274 253.258
  2 0.0375 144.17 259.739
  3 0.0625 143.072 261.908
  4 0.0875 143.472 264.826
  5 0.1125 144.426 268.177
  6 0.1375 143.99 279.645
  7 0.1625 144.214 278.37
  8 0.1875 143.282 285.06
  9 0.2125 143.394 293.176
  10 0.2375 143.518 290.421
  11 0.2625 143.74 293.739
  12 0.2875 144.442 290.676
  13 0.3125 143.814 307.062
  14 0.3375 143.7 316.804
  15 0.3625 144.186 312.807
  16 0.3875 143.296 309.097
  17 0.4125 143.934 312.233
  18 0.4375 144.846 319.108
  19 0.4625 144.044 336.05
  20 0.4875 144.406 342.03
  21 0.5125 144.452 350.714
  22 0.5375 144.132 352.529
  23 0.5625 144.516 327.713
  24 0.5875 143.798 311.997
  25 0.6125 143.316 310.084
  26 0.6375 144.55 316.112
  27 0.6625 144.482 320.679
  28 0.6875 144.098 317.996
  29 0.7125 144.262 315.941
  30 0.7375 144.212 306.201
  31 0.7625 144.702 301.441
  32 0.7875 143.306 298.023
  33 0.8125 144.104 290.243
  34 0.8375 143.74 294.881
  35 0.8625 144.626 283.768
  36 0.8875 144.474 282.954
  37 0.9125 144.228 280.179
  38 0.9375 144.07 270.686
  39 0.9625 143.642 264.301
  40 0.9875 144.07 260.895
390000 40 5759.999999999998
  1 0.0125 144.086 255.556
  2 0.0375 145.214 255.911
  3 0.0625 143.794 258.494
  4 0.0875 144.714 266.155
  5 0.1125 144.148 271.642
  6 0.1375 144.252 282.01
  7 0.1625 144.942 288.651
  8 0.1875 143.448 288.265
  9 0.2125 144.668 287.817
  10 0.2375 144.084 291.16
  11 0.2625 143.866 296.941
  12 0.2875 143.554 297.872
  13 0.3125 144.41 301.127
  14 0.3375 143.538 301.944
  15 0.3625 144.45 299.056
  16 0.3875 143.462 306.26
  17 0.4125 144.04 311.185
  18 0.4375 143.102 322.334
  19 0.4625 143.858 333.552
  20 0.4875 144.18 344.636
  21 0.5125 143.704 356.314
  22 0.5375 143.646 346.089
  23 0.5625 143.912 331.885
  24 0.5875 143.856 322.457
  25 0.6125 143.562 314.79
  26 0.6375 144.086 309.168
  27 0.6625 143.576 304.509
  28 0.6875 143.714 308.524
  29 0.7125 144.07 311.108
  30 0.7375 144.052 312.76
  31 0.7625 144.336 305.748
  32 0.7875 143.648 304.87
  33 0.8125 144.378 294.943
  34 0.8375 144.056 285.706
  35 0.8625 143.604 283.63
  36 0.8875 143.632 286.025
  37 0.9125 144.21 289.575
  38 0.9375 144.19 277.268
  39 0.9625 143.816 265.719
  40 0.9875 144.142 263.204
395000 40 5759.999999999999
  1 0.0125 143.704 256.662
  2 0.0375 144.44 253.299
  3 0.0625 143.658 259.952
  4 0.0875 143.874 273.353
  5 0.1125 143.748 283.179
  6 0.1375 144.616 288.71
  7 0.1625 143.694 294.573
  8 0.1875 144.762 302.736
  9 0.2125 143.432 297.971
  10 0.2375 143.858 292.361
  11 0.2625 144.29 283.683
  12 0.2875 143.614 291.368
  13 0.3125 143.984 300.706
  14 0.3375 143.652 299.733
  15 0.3625 145.14 296.038
  16 0.3875 143.388 308.042
  17 0.4125 144.356 305.747
  18 0.4375 143.734 318.488
  19 0.4625 144.164 314.209
  20 0.4875 144.062 324.16
  21 0.5125 143.742 332.127
  22 0.5375 144.574 344.041
  23 0.5625 144.242 328.086
  24 0.5875 144.15 315.495
  25 0.6125 144.156 317.978
  26 0.6375 144.12 311.149
  27 0.6625 143.738 314.682
  28 0.6875 144.178 321.257
  29 0.7125 144.034 318.895
  30 0.7375 143.228 311.674
  31 0.7625 144.284 305.362
  32 0.7875 143.962 298.493
  33 0.8125 143.774 297.382
  34 0.8375 143.852 294.607
  35 0.8625 144.366 299.021
  36 0.8875 143.052 285.16
  37 0.9125 144.71 278.005
  38 0.9375 143.304 274.13
  39 0.9625 144.882 276.771
  40 0.9875 143.482 262.455
400000 40 5759.999999999999
  1 0.0125 144.25 253.649
  2 0.0375 144.414 259.838
  3 0.0625 143.596 272.442
  4 0.0875 144.18 271.851
  5 0.1125 144.36 281.333
  6 0.1375 142.744 291.565
  7 0.1625 144.136 293.361
  8 0.1875 143.104 283.906
  9 0.2125 143.678 299.837
  10 0.2375 143.748 300.997
  11 0.2625 144.562 293.116
  12 0.2875 143.486 300.326
  13 0.3125 143.916 299.874
  14 0.3375 143.906 298.886
  15 0.3625 144.2 298.887
  16 0.3875 144.106 312.482
  17 0.4125 144.47 315.023
  18 0.4375 143.536 311.35
  19 0.4625 143.088 313.414
  20 0.4875 144.154 319.829
  21 0.5125 144.76 328.708
  22 0.5375 143.6 341.69
  23 0.5625 144.122 322.971
  24 0.5875 143.678 313.928
  25 0.6125 144.13 311.345
  26 0.6375 144.29 313.633
  27 0.6625 143.938 313.513
  28 0.6875 143.638 311.668
  29 0.7125 144.194 314.264
  30 0.7375 144.208 312.922
  31 0.7625 144.332 311.378
  32 0.7875 144.304 307.334
  33 0.8125 143.454 298.696
  34 0.8375 144.746 288.255
  35 0.8625 144.23 287.495
  36 0.8875 143.898 282.657
  37 0.9125 144.166 280.794
  38 0.9375 143.628 281.395
  39 0.9625 144.602 274.979
  40 0.9875 144.448 265.65
