# Chunk-averaged data for fix temp_profile and group all
# Timestep Number-of-chunks Total-count
# Chunk Coord1 Ncount temp
5000 40 11520
  1 0.0125 287.486 298.038
  2 0.0375 287.616 297.476
  3 0.0625 288.12 296.685
  4 0.0875 287.488 298.461
  5 0.1125 287.87 303.813
  6 0.1375 287.276 298.134
  7 0.1625 287.738 303.716
  8 0.1875 287.744 300.989
  9 0.2125 288.184 291.04
  10 0.2375 287.696 289.895
  11 0.2625 288.664 298.326
  12 0.2875 287.948 298.561
  13 0.3125 287.854 304.304
  14 0.3375 288.8 295.54
  15 0.3625 288.252 295.279
  16 0.3875 288.282 298.336
  17 0.4125 288.084 297.371
  18 0.4375 288.174 296.553
  19 0.4625 287.828 304.017
  20 0.4875 288.81 304.697
  21 0.5125 288.678 299.997
  22 0.5375 288.5 299.033
  23 0.5625 287.662 298.467
  24 0.5875 287.522 308.933
  25 0.6125 287.42 299.514
  26 0.6375 288.498 297.811
  27 0.6625 287.81 299.591
  28 0.6875 288.468 300.3
  29 0.7125 288.246 299.397
  30 0.7375 287.132 297.046
  31 0.7625 288.582 296.443
  32 0.7875 287.202 304.746
  33 0.8125 288.442 296.05
  34 0.8375 287.534 294.282
  35 0.8625 288.13 302.044
  36 0.8875 288.068 294.928
  37 0.9125 287.914 294.391
  38 0.9375 288.342 294.031
  39 0.9625 288.142 299.606
  40 0.9875 287.794 303.075
10000 40 11520.000000000005
  1 0.0125 288.238 293.807
  2 0.0375 288.382 295.378
  3 0.0625 287.89 297.303
  4 0.0875 288.106 293.7
  5 0.1125 287.992 294.884
  6 0.1375 287.622 293.918
  7 0.1625 288.894 298.333
  8 0.1875 288.312 296.119
  9 0.2125 287.772 290.55
  10 0.2375 287.89 295.687
  11 0.2625 288.608 289.801
  12 0.2875 288.34 293.339
  13 0.3125 288.222 294.999
  14 0.3375 288.122 295.398
  15 0.3625 287.66 297.495
  16 0.3875 288.066 306.838
  17 0.4125 288.584 307.618
  18 0.4375 288.15 303.66
  19 0.4625 287.934 309.871
  20 0.4875 287.8 315.582
  21 0.5125 288.56 317.136
  22 0.5375 287.426 311.918
  23 0.5625 287.658 301.342
  24 0.5875 288.678 306.381
  25 0.6125 288.212 310.318
  26 0.6375 287.67 305.808
  27 0.6625 287.964 299.883
  28 0.6875 287.68 298.449
  29 0.7125 288.012 297.776
  30 0.7375 287.914 296.226
  31 0.7625 287.054 293.415
  32 0.7875 287.432 289.226
  33 0.8125 288.24 290.036
  34 0.8375 287.602 293.99
  35 0.8625 287.108 291.469
  36 0.8875 287.93 292.294
  37 0.9125 287.34 301.929
  38 0.9375 288.378 297.88
  39 0.9625 288.234 297.76
  40 0.9875 288.324 291.189
15000 40 11520
  1 0.0125 288.62 289.774
  2 0.0375 288.312 295.477
  3 0.0625 288.112 282.425
  4 0.0875 287.3 288.649
  5 0.1125 288.39 286.226
  6 0.1375 287.376 287.035
  7 0.1625 287.652 293.91
  8 0.1875 288.484 293.597
  9 0.2125 288.462 295.492
  10 0.2375 288.148 305.155
  11 0.2625 288.206 297.742
  12 0.2875 288.502 298.576
  13 0.3125 288.106 292.957
  14 0.3375 287.978 295.115
  15 0.3625 287.898 292.842
  16 0.3875 287.764 294.548
  17 0.4125 287.86 299.079
  18 0.4375 287.966 297.924
  19 0.4625 287.608 302.626
  20 0.4875 287.538 312.596
  21 0.5125 287.9 312.322
  22 0.5375 287.81 313.173
  23 0.5625 287.764 309.354
  24 0.5875 287.92 311.343
  25 0.6125 287.94 308.417
  26 0.6375 287.812 309.614
  27 0.6625 287.732 308.864
  28 0.6875 288.154 313.902
  29 0.7125 288.056 312.373
  30 0.7375 288.302 306.908
  31 0.7625 288.202 302.811
  32 0.7875 288.272 296.627
  33 0.8125 287.444 293.803
  34 0.8375 287.64 297.649
  35 0.8625 287.748 295.045
  36 0.8875 288.914 292.864
  37 0.9125 287.834 288.306
  38 0.9375 288.1 290.916
  39 0.9625 288.478 292.378
  40 0.9875 287.696 290.571
20000 40 11520.000000000002
  1 0.0125 287.794 287.736
  2 0.0375 287.292 283.579
  3 0.0625 288.228 280.941
  4 0.0875 286.98 283.718
  5 0.1125 287.96 288.03
  6 0.1375 287.738 293.142
  7 0.1625 288.29 290.757
  8 0.1875 288.078 294.771
  9 0.2125 287.602 296.404
  10 0.2375 287.814 294.466
  11 0.2625 288.02 298.656
  12 0.2875 287.922 297.966
  13 0.3125 287.63 296.65
  14 0.3375 289.27 294.131
  15 0.3625 287.766 294
  16 0.3875 288.798 306.998
  17 0.4125 288.642 306.125
  18 0.4375 287.89 300.365
  19 0.4625 287.43 302.491
  20 0.4875 288.234 308.706
  21 0.5125 288.348 307.019
  22 0.5375 287.892 314.141
  23 0.5625 287.742 314.224
  24 0.5875 287.846 313.448
  25 0.6125 288.032 311.549
  26 0.6375 289.148 306.326
  27 0.6625 287.912 306.319
  28 0.6875 288.004 307.866
  29 0.7125 288.548 311.63
  30 0.7375 288.544 316.188
  31 0.7625 288.056 300.207
  32 0.7875 287.36 300.351
  33 0.8125 287.936 298.649
  34 0.8375 287.848 292.961
  35 0.8625 287.638 296.491
  36 0.8875 287.18 290.459
  37 0.9125 288.672 285.791
  38 0.9375 288.666 293.005
  39 0.9625 287.968 291.384
  40 0.9875 287.282 292
25000 40 11520.000000000004
  1 0.0125 288.174 286.654
  2 0.0375 288.306 285.115
  3 0.0625 288.41 284.991
  4 0.0875 288.72 286.349
  5 0.1125 288.516 289.374
  6 0.1375 289.332 294.883
  7 0.1625 287.784 285.522
  8 0.1875 288.322 289.701
  9 0.2125 287.598 297.143
  10 0.2375 288.388 302.581
  11 0.2625 287.504 297.702
  12 0.2875 288.096 302.555
  13 0.3125 287.146 300.812
  14 0.3375 288.444 299.931
  15 0.3625 287.708 297.509
  16 0.3875 287.214 302.821
  17 0.4125 287.008 303.975
  18 0.4375 288.116 308.031
  19 0.4625 287.626 307.324
  20 0.4875 288.678 308.723
  21 0.5125 287.128 321.02
  22 0.5375 287.508 319.036
  23 0.5625 288.412 312.924
  24 0.5875 287.492 315.923
  25 0.6125 287.5 314.384
  26 0.6375 287.248 308.163
  27 0.6625 288.12 306.233
  28 0.6875 288.1 306.201
  29 0.7125 288.092 302.936
  30 0.7375 287.54 299.892
  31 0.7625 288.296 295.596
  32 0.7875 288.448 294.99
  33 0.8125 288.258 293.024
  34 0.8375 288.29 293.621
  35 0.8625 288.924 293.113
  36 0.8875 287.582 287.02
  37 0.9125 288.19 287.017
  38 0.9375 287.746 290.489
  39 0.9625 287.764 288.091
  40 0.9875 288.272 287.807
30000 40 11519.999999999996
  1 0.0125 287.824 288.085
  2 0.0375 287.88 285.77
  3 0.0625 288.006 283.204
  4 0.0875 287.824 288.471
  5 0.1125 287.564 289.555
  6 0.1375 287.742 289.85
  7 0.1625 287.722 285.973
  8 0.1875 287.454 286.686
  9 0.2125 287.368 294.647
  10 0.2375 287.788 293.458
  11 0.2625 287.668 287.395
  12 0.2875 288.456 289.871
  13 0.3125 288.184 297.238
  14 0.3375 287.58 301.281
  15 0.3625 288.196 300.782
  16 0.3875 288.668 301.517
  17 0.4125 287.992 312.154
  18 0.4375 288.07 306.629
  19 0.4625 288.912 310.989
  20 0.4875 288.266 318.107
  21 0.5125 288.586 317.481
  22 0.5375 288.308 314.958
  23 0.5625 288.192 319.949
  24 0.5875 288 307.375
  25 0.6125 288.352 310.891
  26 0.6375 287.784 312.157
  27 0.6625 287.914 310.19
  28 0.6875 289.138 303.436
  29 0.7125 288.4 304.747
  30 0.7375 288.042 300.535
  31 0.7625 287.512 307.145
  32 0.7875 288.184 304.584
  33 0.8125 288.606 297.413
  34 0.8375 287.178 291.963
  35 0.8625 287.872 292.709
  36 0.8875 287.544 289.187
  37 0.9125 287.728 289.06
  38 0.9375 287.96 287.809
  39 0.9625 287.546 285.66
  40 0.9875 287.99 290.52
35000 40 11520
  1 0.0125 288.524 280.704
  2 0.0375 288.456 282.822
  3 0.0625 288.128 278.647
  4 0.0875 288 283.72
  5 0.1125 287.592 289.193
  6 0.1375 288.308 286.708
  7 0.1625 287.812 287.788
  8 0.1875 288.694 291.194
  9 0.2125 287.984 295.974
  10 0.2375 287.2 295.764
  11 0.2625 288.312 289.636
  12 0.2875 288.222 293.152
  13 0.3125 288.268 295.731
  14 0.3375 287.95 299.896
  15 0.3625 288.258 293.908
  16 0.3875 287.668 298.347
  17 0.4125 288.648 306.923
  18 0.4375 287.53 305.111
  19 0.4625 288.104 304.054
  20 0.4875 288.198 307.652
  21 0.5125 287.384 321.403
  22 0.5375 288.16 319.324
  23 0.5625 287.412 317.584
  24 0.5875 288.626 311.914
  25 0.6125 286.426 313.054
  26 0.6375 288.332 309.002
  27 0.6625 287.226 311.954
  28 0.6875 287.814 309.668
  29 0.7125 287.774 316.087
  30 0.7375 288.208 308.188
  31 0.7625 288.13 299.905
  32 0.7875 288.722 298.631
  33 0.8125 288.632 297.22
  34 0.8375 287.696 297.346
  35 0.8625 288.32 300.184
  36 0.8875 287.266 295.784
  37 0.9125 288.406 293.27
  38 0.9375 287.462 292.345
  39 0.9625 287.876 285.928
  40 0.9875 288.272 284.719
40000 40 11520
  1 0.0125 288.454 284.861
  2 0.0375 287.61 286.73
  3 0.0625 287.55 280.76
  4 0.0875 288.102 280.135
  5 0.1125 288.378 283.603
  6 0.1375 288.91 287.269
  7 0.1625 287.602 296.963
  8 0.1875 288.11 290.488
  9 0.2125 288.09 294.83
  10 0.2375 287.822 292.83
  11 0.2625 288.75 301.188
  12 0.2875 287.952 307.336
  13 0.3125 288.34 299.099
  14 0.3375 287.35 295.056
  15 0.3625 288.348 287.473
  16 0.3875 287.946 297.083
  17 0.4125 287.892 304.61
  18 0.4375 287.836 302.031
  19 0.4625 287.892 306.008
  20 0.4875 288.804 308.457
  21 0.5125 287.73 323.742
  22 0.5375 287.738 315.965
  23 0.5625 287.288 315.754
  24 0.5875 287.462 312.539
  25 0.6125 287.65 304.491
  26 0.6375 287.142 309.946
  27 0.6625 287.712 312.307
  28 0.6875 287.502 308.818
  29 0.7125 287.518 305.677
  30 0.7375 288.006 297.955
  31 0.7625 287.974 291.478
  32 0.7875 287.85 291.466
  33 0.8125 287.928 295.824
  34 0.8375 288.336 298.284
  35 0.8625 287.674 303.15
  36 0.8875 287.984 306.088
  37 0.9125 288.762 295.246
  38 0.9375 289.202 294.783
  39 0.9625 288.432 290.135
  40 0.9875 288.372 289.301
45000 40 11520
  1 0.0125 288.34 283.994
  2 0.0375 288.722 286.337
  3 0.0625 287.336 282.509
  4 0.0875 288.512 287.32
  5 0.1125 287.234 293.299
  6 0.1375 288.268 288.478
  7 0.1625 287.076 291.744
  8 0.1875 287.742 290.362
  9 0.2125 288.472 289.194
  10 0.2375 288.116 290.111
  11 0.2625 287.788 298.026
  12 0.2875 288.642 291.301
  13 0.3125 288.212 296.944
  14 0.3375 288.042 301.778
  15 0.3625 288.272 296.239
  16 0.3875 287.788 308.836
  17 0.4125 288.416 299.419
  18 0.4375 288.032 302.237
  19 0.4625 287.688 310.067
  20 0.4875 287.64 309.554
  21 0.5125 287.964 318.647
  22 0.5375 287.93 321.857
  23 0.5625 288.572 313.989
  24 0.5875 288.156 311.355
  25 0.6125 287.8 313.263
  26 0.6375 287.62 308.645
  27 0.6625 288.224 311.4
  28 0.6875 288.078 305.13
  29 0.7125 288.82 306.065
  30 0.7375 287.684 299.752
  31 0.7625 288.122 295.874
  32 0.7875 287.414 296.13
  33 0.8125 287.224 297.254
  34 0.8375 288.124 299.365
  35 0.8625 288.48 294.44
  36 0.8875 287.814 290.666
  37 0.9125 288.216 291.896
  38 0.9375 288.308 293.814
  39 0.9625 287.61 293.182
  40 0.9875 287.502 290.144
50000 40 11520.000000000005
  1 0.0125 288.112 281.962
  2 0.0375 288.23 286.149
  3 0.0625 288.528 283.625
  4 0.0875 288.206 282.714
  5 0.1125 288.174 285.335
  6 0.1375 288.654 282.644
  7 0.1625 288.768 290.494
  8 0.1875 287.606 301.603
  9 0.2125 287.734 298.04
  10 0.2375 288.11 296.97
  11 0.2625 288.642 298.876
  12 0.2875 288.43 294.578
  13 0.3125 287.25 298.777
  14 0.3375 288.11 293.552
  15 0.3625 287.824 299.119
  16 0.3875 288.18 307.638
  17 0.4125 288.29 302.019
  18 0.4375 287.438 302.019
  19 0.4625 288.38 310.703
  20 0.4875 287.878 312.628
  21 0.5125 288.352 315.825
  22 0.5375 288.292 321.462
  23 0.5625 287.716 319.744
  24 0.5875 288.574 311.819
  25 0.6125 286.55 314.41
  26 0.6375 288.08 317.157
  27 0.6625 287.732 308.472
  28 0.6875 287.47 305.997
  29 0.7125 287.49 307.359
  30 0.7375 287.432 294.643
  31 0.7625 287.852 298.062
  32 0.7875 287.822 295.373
  33 0.8125 287.846 295.119
  34 0.8375 288.164 289.042
  35 0.8625 287.494 289.323
  36 0.8875 288.22 289.588
  37 0.9125 288.004 292.397
  38 0.9375 288.272 296.553
  39 0.9625 287.788 289.904
  40 0.9875 288.306 288.573
55000 40 11519.999999999998
  1 0.0125 287.284 270.558
  2 0.0375 287.626 275.608
  3 0.0625 288.046 277.406
  4 0.0875 288.208 286.714
  5 0.1125 288.004 293.792
  6 0.1375 288.126 285.058
  7 0.1625 288.742 286.724
  8 0.1875 287.876 298.778
  9 0.2125 288.14 298.353
  10 0.2375 287.366 296.178
  11 0.2625 287.326 299.411
  12 0.2875 287.936 303.297
  13 0.3125 287.612 301.182
  14 0.3375 288.366 301.254
  15 0.3625 287.784 300.274
  16 0.3875 287.79 310.368
  17 0.4125 288.232 307.633
  18 0.4375 288.468 307.166
  19 0.4625 288.134 309.425
  20 0.4875 288.292 309.575
  21 0.5125 287.458 315.635
  22 0.5375 288.278 314.4
  23 0.5625 288.32 310.318
  24 0.5875 288 312.03
  25 0.6125 288.468 312.852
  26 0.6375 288.502 317.216
  27 0.6625 289.002 303.199
  28 0.6875 287.802 307.372
  29 0.7125 287.916 310.635
  30 0.7375 286.968 300.741
  31 0.7625 288.444 298.366
  32 0.7875 288.41 301.33
  33 0.8125 288.348 298.749
  34 0.8375 287.594 297.023
  35 0.8625 287.286 295.4
  36 0.8875 287.966 289.127
  37 0.9125 287.786 291.165
  38 0.9375 288.15 289.274
  39 0.9625 287.83 290.348
  40 0.9875 288.114 276.194
60000 40 11520.000000000002
  1 0.0125 288.67 285.11
  2 0.0375 288.7 276.944
  3 0.0625 287.902 282.104
  4 0.0875 287.83 276.49
  5 0.1125 288.488 281.599
  6 0.1375 287.83 286.527
  7 0.1625 288.498 292.906
  8 0.1875 287.298 292.885
  9 0.2125 287.834 288.978
  10 0.2375 288.208 295.246
  11 0.2625 287.826 301.632
  12 0.2875 288.298 295.759
  13 0.3125 287.468 301
  14 0.3375 287.816 299.477
  15 0.3625 288.71 301.225
  16 0.3875 287.4 308.09
  17 0.4125 288.734 306.623
  18 0.4375 288.326 308.012
  19 0.4625 287.502 310.226
  20 0.4875 287.932 310.951
  21 0.5125 288.06 311.049
  22 0.5375 287.43 311.208
  23 0.5625 287.712 317.321
  24 0.5875 287.742 309.158
  25 0.6125 288.43 304.822
  26 0.6375 288.438 301.885
  27 0.6625 287.898 308.128
  28 0.6875 288.022 305.448
  29 0.7125 287.668 304.095
  30 0.7375 287.944 304.934
  31 0.7625 288.39 305.06
  32 0.7875 287.582 305.376
  33 0.8125 287.906 299.687
  34 0.8375 287.984 300.141
  35 0.8625 287.492 299.725
  36 0.8875 287.716 292.351
  37 0.9125 288.416 296.453
  38 0.9375 288.432 296.329
  39 0.9625 287.554 289.543
  40 0.9875 287.914 286.116
65000 40 11520.000000000004
  1 0.0125 288.406 284.256
  2 0.0375 288.128 280.605
  3 0.0625 287.46 281.347
  4 0.0875 288.676 283.605
  5 0.1125 287.52 288.464
  6 0.1375 288.586 284.859
  7 0.1625 287.754 287.885
  8 0.1875 288.286 294.334
  9 0.2125 288.286 286.04
  10 0.2375 288.41 292.235
  11 0.2625 287.798 292.098
  12 0.2875 287.924 298.92
  13 0.3125 287.944 306.025
  14 0.3375 287.744 295.438
  15 0.3625 288.156 296.533
  16 0.3875 287.898 305.511
  17 0.4125 288.284 306.609
  18 0.4375 287.814 307.203
  19 0.4625 287.694 308.353
  20 0.4875 288.082 309.811
  21 0.5125 287.586 307.114
  22 0.5375 287.948 314.968
  23 0.5625 287.652 322.354
  24 0.5875 287.564 317.351
  25 0.6125 288.726 308.69
  26 0.6375 287.754 309.965
  27 0.6625 287.652 308.201
  28 0.6875 287.816 305.886
  29 0.7125 287.79 303.021
  30 0.7375 287.992 307.491
  31 0.7625 287.894 301.922
  32 0.7875 288.324 300.5
  33 0.8125 288.416 299.913
  34 0.8375 287.378 298.281
  35 0.8625 288.102 297.491
  36 0.8875 287.902 297.453
  37 0.9125 288.342 298.219
  38 0.9375 287.524 283.89
  39 0.9625 288.384 287.705
  40 0.9875 288.404 289.716
70000 40 11519.999999999996
  1 0.0125 287.758 284.641
  2 0.0375 287.462 289.703
  3 0.0625 287.816 288.608
  4 0.0875 288.028 290.912
  5 0.1125 288.258 290.331
  6 0.1375 288.156 293.276
  7 0.1625 287.644 283.179
  8 0.1875 288.122 284.505
  9 0.2125 287.578 288.322
  10 0.2375 288.39 290.513
  11 0.2625 288.01 295.814
  12 0.2875 288.266 290.197
  13 0.3125 287.624 291.709
  14 0.3375 287.692 293.627
  15 0.3625 287.612 297.188
  16 0.3875 289.068 299.245
  17 0.4125 288.254 309.772
  18 0.4375 288.024 307.342
  19 0.4625 288.93 304.712
  20 0.4875 287.286 308.685
  21 0.5125 287.638 310.267
  22 0.5375 288.574 310.093
  23 0.5625 288.726 322.403
  24 0.5875 287.27 323.573
  25 0.6125 287.71 319.777
  26 0.6375 287.8 305.888
  27 0.6625 288.306 299.954
  28 0.6875 287.898 305.194
  29 0.7125 288.362 302.894
  30 0.7375 288.304 304.773
  31 0.7625 288.534 298.802
  32 0.7875 288.442 303.423
  33 0.8125 287.938 302.033
  34 0.8375 287.844 299.607
  35 0.8625 287.336 302.583
  36 0.8875 288.106 298.281
  37 0.9125 287.816 292.404
  38 0.9375 287.796 289.768
  39 0.9625 287.838 289.736
  40 0.9875 287.784 285.527
75000 40 11520
  1 0.0125 287.776 286.709
  2 0.0375 288.502 285.195
  3 0.0625 288.538 283.171
  4 0.0875 288.86 286.426
  5 0.1125 288.382 290.83
  6 0.1375 288.834 290.054
  7 0.1625 288.524 290.276
  8 0.1875 288.084 289.395
  9 0.2125 287.854 293.951
  10 0.2375 288.312 293.34
  11 0.2625 288.738 295.104
  12 0.2875 287.568 298.187
  13 0.3125 287.71 294.474
  14 0.3375 288.592 300.984
  15 0.3625 288.028 298.046
  16 0.3875 287.686 300.533
  17 0.4125 287.396 301.37
  18 0.4375 287.882 305.538
  19 0.4625 287.852 304.973
  20 0.4875 287.972 307.709
  21 0.5125 287.676 311.873
  22 0.5375 286.87 313.807
  23 0.5625 287.824 316.448
  24 0.5875 288.208 313.085
  25 0.6125 287.442 314.383
  26 0.6375 287.55 311.892
  27 0.6625 287.792 309.369
  28 0.6875 287.62 306.658
  29 0.7125 287.698 306.284
  30 0.7375 288.656 309.21
  31 0.7625 287.428 305.557
  32 0.7875 288.444 300.42
  33 0.8125 288.6 296.541
  34 0.8375 288.074 297.661
  35 0.8625 287.824 289.902
  36 0.8875 287.69 295.212
  37 0.9125 288.068 296.288
  38 0.9375 287.948 285.073
  39 0.9625 287.606 286.605
  40 0.9875 287.892 287.477
80000 40 11519.999999999998
  1 0.0125 287.57 289.493
  2 0.0375 287.842 284.247
  3 0.0625 288.21 283.691
  4 0.0875 287.412 281.842
  5 0.1125 288.694 279.601
  6 0.1375 288.672 283.41
  7 0.1625 287.842 286.499
  8 0.1875 287.772 292.72
  9 0.2125 288.132 299.548
  10 0.2375 287.968 297.334
  11 0.2625 288.17 292.537
  12 0.2875 287.54 292.109
  13 0.3125 287.684 299.702
  14 0.3375 288.396 308.458
  15 0.3625 287.7 299.445
  16 0.3875 288.036 297.8
  17 0.4125 287.634 299.359
  18 0.4375 288.532 299.026
  19 0.4625 287.892 298.97
  20 0.4875 287 310.546
  21 0.5125 287.788 310.915
  22 0.5375 288.532 310.501
  23 0.5625 288.382 317.624
  24 0.5875 288.048 322.881
  25 0.6125 287.968 316.769
  26 0.6375 287.134 309.77
  27 0.6625 287.83 309.264
  28 0.6875 287.84 305.062
  29 0.7125 287.948 302.435
  30 0.7375 288.648 299.341
  31 0.7625 288.066 297.077
  32 0.7875 288.336 297.85
  33 0.8125 287.576 298.243
  34 0.8375 288.348 298.272
  35 0.8625 287.94 301.444
  36 0.8875 288.05 303.519
  37 0.9125 288.078 299.953
  38 0.9375 288.314 294.485
  39 0.9625 288.234 288.954
  40 0.9875 288.242 289.243
85000 40 11520.000000000002
  1 0.0125 287.848 289.507
  2 0.0375 288.014 283.751
  3 0.0625 288.078 280.955
  4 0.0875 289.072 276.517
  5 0.1125 288.05 281.483
  6 0.1375 288.482 291.532
  7 0.1625 287.416 296.644
  8 0.1875 288.346 294.249
  9 0.2125 288.682 290.646
  10 0.2375 288.322 295.448
  11 0.2625 288.662 293.693
  12 0.2875 287.572 298.881
  13 0.3125 287.272 296.418
  14 0.3375 288.028 295.077
  15 0.3625 288.322 299.382
  16 0.3875 288.076 300.856
  17 0.4125 287.46 300.219
  18 0.4375 287.924 298.094
  19 0.4625 287.606 297.871
  20 0.4875 287.792 312.457
  21 0.5125 288.016 313.662
  22 0.5375 287.972 319.342
  23 0.5625 287.752 315.36
  24 0.5875 287.988 312.592
  25 0.6125 288.044 313.429
  26 0.6375 287.022 307.677
  27 0.6625 288.288 307.206
  28 0.6875 287.58 303.653
  29 0.7125 287.966 297.458
  30 0.7375 287.592 296.286
  31 0.7625 287.872 298.565
  32 0.7875 287.734 305.349
  33 0.8125 287.772 305.75
  34 0.8375 288.424 297.978
  35 0.8625 287.698 302.444
  36 0.8875 288.512 297.9
  37 0.9125 288.094 287.418
  38 0.9375 289.088 297.791
  39 0.9625 287.716 299.048
  40 0.9875 287.846 297.084
90000 40 11520
  1 0.0125 287.796 290.553
  2 0.0375 288.004 285.891
  3 0.0625 288.206 280.827
  4 0.0875 287.674 284.91
  5 0.1125 288.01 284.369
  6 0.1375 287.62 286.375
  7 0.1625 287.65 294.068
  8 0.1875 288.268 292.423
  9 0.2125 287.888 288.739
  10 0.2375 286.954 298.927
  11 0.2625 287.82 299.771
  12 0.2875 287.468 300.432
  13 0.3125 287.844 303.31
  14 0.3375 287.51 306.962
  15 0.3625 288.32 300.961
  16 0.3875 287.87 299.643
  17 0.4125 287.752 304.202
  18 0.4375 288.268 305.129
  19 0.4625 288.336 304.724
  20 0.4875 288.12 307.578
  21 0.5125 287.378 311.167
  22 0.5375 288.038 310.257
  23 0.5625 287.63 312.882
  24 0.5875 287.456 307.044
  25 0.6125 288.136 303.958
  26 0.6375 287.844 300.198
  27 0.6625 287.92 300.415
  28 0.6875 288.658 300.852
  29 0.7125 288.262 304.984
  30 0.7375 288.05 300.309
  31 0.7625 287.986 300.854
  32 0.7875 288.49 303.11
  33 0.8125 288.3 304.306
  34 0.8375 288.3 300.739
  35 0.8625 287.93 302.919
  36 0.8875 288.394 303.864
  37 0.9125 288.854 295.545
  38 0.9375 288.352 291.701
  39 0.9625 288.034 286.136
  40 0.9875 288.61 288.104
95000 40 11520.000000000004
  1 0.0125 287.126 282.009
  2 0.0375 287.284 288.089
  3 0.0625 287.816 281.53
  4 0.0875 287.98 283.405
  5 0.1125 288.224 290.326
  6 0.1375 288.46 292.283
  7 0.1625 287.732 299.937
  8 0.1875 288.228 292.731
  9 0.2125 288.178 297.524
  10 0.2375 287.862 302.725
  11 0.2625 287.736 304.032
  12 0.2875 288.646 297.997
  13 0.3125 288.05 299.942
  14 0.3375 287.886 305.661
  15 0.3625 287.94 303.573
  16 0.3875 288.386 300.737
  17 0.4125 288.16 302.016
  18 0.4375 288.082 303.842
  19 0.4625 287.85 309.53
  20 0.4875 288.01 313.479
  21 0.5125 287.756 312.48
  22 0.5375 287.818 315.248
  23 0.5625 288.506 311.978
  24 0.5875 288.654 307.44
  25 0.6125 288.158 301.106
  26 0.6375 288.46 302.302
  27 0.6625 287.994 301.732
  28 0.6875 287.934 305.071
  29 0.7125 288.402 303.918
  30 0.7375 288.656 300.842
  31 0.7625 288.598 298.234
  32 0.7875 287.698 294.178
  33 0.8125 287.154 298.947
  34 0.8375 287.73 301.579
  35 0.8625 288.204 300.636
  36 0.8875 287.834 302.609
  37 0.9125 288.23 292.493
  38 0.9375 287.466 285.391
  39 0.9625 288.068 279.155
  40 0.9875 287.044 284.234
100000 40 11520.000000000004
  1 0.0125 287.866 283.565
  2 0.0375 288.578 280.865
  3 0.0625 288.118 284.86
  4 0.0875 288.818 287.422
  5 0.1125 287.914 294.137
  6 0.1375 288.054 286.474
  7 0.1625 287.792 291.527
  8 0.1875 287.514 291.85
  9 0.2125 287.326 302.1
  10 0.2375 288.866 305.247
  11 0.2625 287.568 301.318
  12 0.2875 288.18 300.793
  13 0.3125 287.36 300.571
  14 0.3375 288.05 299.372
  15 0.3625 288.136 294.154
  16 0.3875 288.248 305.316
  17 0.4125 288.566 307.459
  18 0.4375 287.926 306.233
  19 0.4625 286.966 311.799
  20 0.4875 287.938 311.209
  21 0.5125 287.712 310.124
  22 0.5375 287.938 316.704
  23 0.5625 287.856 320.391
  24 0.5875 288.35 312.184
  25 0.6125 287.254 303.102
  26 0.6375 288.722 303.472
  27 0.6625 287.648 305.105
  28 0.6875 287.592 302.087
  29 0.7125 288.156 303.081
  30 0.7375 287.778 299.344
  31 0.7625 288.004 301.353
  32 0.7875 288.22 296.687
  33 0.8125 288.508 297.903
  34 0.8375 288.072 300.736
  35 0.8625 288.29 294.905
  36 0.8875 288.08 294.31
  37 0.9125 287.87 291.28
  38 0.9375 287.946 283.808
  39 0.9625 287.734 285.409
  40 0.9875 288.486 280.64
105000 40 11520
  1 0.0125 288.026 281.147
  2 0.0375 288.008 276.023
  3 0.0625 287.732 279.559
  4 0.0875 287.686 284.062
  5 0.1125 288.256 286.335
  6 0.1375 288.238 294.255
  7 0.1625 287.794 300.594
  8 0.1875 287.864 294.535
  9 0.2125 287.642 296.076
  10 0.2375 288.1 296.58
  11 0.2625 287.9 289.474
  12 0.2875 287.674 290.556
  13 0.3125 287.744 297.524
  14 0.3375 288.288 300.565
  15 0.3625 287.584 299.872
  16 0.3875 288.92 298.091
  17 0.4125 288.452 308.829
  18 0.4375 288.124 308.816
  19 0.4625 288.318 317.224
  20 0.4875 287.894 328.964
  21 0.5125 288.802 326.175
  22 0.5375 287.81 324.22
  23 0.5625 287.886 318.871
  24 0.5875 288.248 313.148
  25 0.6125 288.39 308.03
  26 0.6375 288.182 300.009
  27 0.6625 288.334 299.857
  28 0.6875 287.616 300.921
  29 0.7125 287.688 306.277
  30 0.7375 287.684 302.888
  31 0.7625 288.022 296.402
  32 0.7875 287.622 301.933
  33 0.8125 287.342 297.233
  34 0.8375 288.9 299.858
  35 0.8625 287.394 293.318
  36 0.8875 287.8 289.217
  37 0.9125 287.564 287.835
  38 0.9375 287.86 287.912
  39 0.9625 288.266 284.664
  40 0.9875 288.346 281.704
110000 40 11520
  1 0.0125 287.326 272.035
  2 0.0375 288.254 279.045
  3 0.0625 287.872 277.98
  4 0.0875 288.112 281.597
  5 0.1125 287.64 285.035
  6 0.1375 288.976 292.235
  7 0.1625 287.844 292.371
  8 0.1875 287.634 294.95
  9 0.2125 287.794 300.354
  10 0.2375 287.02 299.68
  11 0.2625 288.362 293.206
  12 0.2875 287.862 293.722
  13 0.3125 288.488 298.006
  14 0.3375 288.44 299.314
  15 0.3625 288.264 303.223
  16 0.3875 288.072 305.509
  17 0.4125 288.112 310.478
  18 0.4375 287.864 310.876
  19 0.4625 287.796 316.492
  20 0.4875 287.334 320.304
  21 0.5125 288.27 320.401
  22 0.5375 287.63 321.475
  23 0.5625 287.728 315.66
  24 0.5875 288.068 308.128
  25 0.6125 288.416 311.908
  26 0.6375 287.832 309.849
  27 0.6625 287.684 300.976
  28 0.6875 288.104 293.612
  29 0.7125 289.254 303.612
  30 0.7375 287.586 303.425
  31 0.7625 288.012 303.615
  32 0.7875 288.174 296.643
  33 0.8125 287.692 293.304
  34 0.8375 288.266 291.175
  35 0.8625 288.294 293.725
  36 0.8875 288.502 301.731
  37 0.9125 287.434 298.183
  38 0.9375 288.34 290.41
  39 0.9625 287.87 289.864
  40 0.9875 287.778 276.34
115000 40 11520
  1 0.0125 288.288 278.632
  2 0.0375 288.34 279.139
  3 0.0625 288.374 278.526
  4 0.0875 288.178 286.268
  5 0.1125 287.486 287.117
  6 0.1375 287.656 292.31
  7 0.1625 287.382 292.663
  8 0.1875 288.564 292.196
  9 0.2125 287.786 293.596
  10 0.2375 288.072 299.397
  11 0.2625 287.934 300.565
  12 0.2875 288.536 296.796
  13 0.3125 287.228 295.844
  14 0.3375 288.568 295.812
  15 0.3625 288.21 305.641
  16 0.3875 287.444 308.115
  17 0.4125 287.932 303.897
  18 0.4375 287.36 308.679
  19 0.4625 287.752 304.57
  20 0.4875 287.218 311.09
  21 0.5125 287.91 317.831
  22 0.5375 287.848 321.818
  23 0.5625 287.422 318.478
  24 0.5875 287.914 315.232
  25 0.6125 287.772 309.803
  26 0.6375 287.592 308.557
  27 0.6625 287.41 305.983
  28 0.6875 287.518 303.799
  29 0.7125 289.33 300.883
  30 0.7375 288.236 302.297
  31 0.7625 287.774 301.78
  32 0.7875 287.722 300.721
  33 0.8125 288.53 293.75
  34 0.8375 288.552 288.257
  35 0.8625 288.164 291.277
  36 0.8875 288.23 299.097
  37 0.9125 288.88 291.155
  38 0.9375 288.012 292.836
  39 0.9625 288.336 289.458
  40 0.9875 288.54 286.276
120000 40 11519.999999999998
  1 0.0125 287.76 280.266
  2 0.0375 288.24 282.797
  3 0.0625 287.89 286.255
  4 0.0875 288.238 290.332
  5 0.1125 287.594 287.73
  6 0.1375 288.142 288.285
  7 0.1625 287.636 294.253
  8 0.1875 288.43 292.522
  9 0.2125 288.11 294.956
  10 0.2375 287.79 295.095
  11 0.2625 287.37 295.42
  12 0.2875 288.048 293.148
  13 0.3125 288.168 301.181
  14 0.3375 287.68 296.888
  15 0.3625 288.04 295.179
  16 0.3875 287.684 295.272
  17 0.4125 288.608 302.835
  18 0.4375 287.326 317.681
  19 0.4625 287.624 316.031
  20 0.4875 288.336 314.004
  21 0.5125 287.92 317.075
  22 0.5375 288.136 313.968
  23 0.5625 288.226 322.884
  24 0.5875 288.234 323.5
  25 0.6125 288.222 313.827
  26 0.6375 287.95 312.665
  27 0.6625 288.608 305.731
  28 0.6875 287.94 307.79
  29 0.7125 288.176 303.648
  30 0.7375 288.532 302.681
  31 0.7625 287.944 301.583
  32 0.7875 288.282 296.23
  33 0.8125 288.128 291.239
  34 0.8375 287.536 278.998
  35 0.8625 287.394 283.989
  36 0.8875 288.1 288.946
  37 0.9125 287.88 298.802
  38 0.9375 288.298 284.943
  39 0.9625 287.22 295.273
  40 0.9875 288.56 286.361
125000 40 11520
  1 0.0125 287.636 287.105
  2 0.0375 288.23 281.943
  3 0.0625 288.74 281.371
  4 0.0875 288.046 280.738
  5 0.1125 288.682 287.359
  6 0.1375 287.956 290.99
  7 0.1625 287.882 292.691
  8 0.1875 287.748 300.795
  9 0.2125 287.934 298.054
  10 0.2375 287.21 294.839
  11 0.2625 288.168 297.83
  12 0.2875 287.812 300.925
  13 0.3125 287.868 291.304
  14 0.3375 287.82 298.969
  15 0.3625 287.794 304.988
  16 0.3875 287.888 306.181
  17 0.4125 287.612 305.158
  18 0.4375 287.858 312.878
  19 0.4625 288.228 312.297
  20 0.4875 288.33 313.8
  21 0.5125 288.024 313.886
  22 0.5375 287.752 318.007
  23 0.5625 287.99 317.384
  24 0.5875 288.338 319.376
  25 0.6125 287.994 305.518
  26 0.6375 287.984 303.716
  27 0.6625 287.936 302.388
  28 0.6875 287.384 299.747
  29 0.7125 287.83 303.217
  30 0.7375 288.356 302.263
  31 0.7625 287.91 303.625
  32 0.7875 287.828 291.51
  33 0.8125 288.432 291.847
  34 0.8375 288.668 290.428
  35 0.8625 288.052 293.157
  36 0.8875 288.31 286.258
  37 0.9125 288.214 290.345
  38 0.9375 287.84 290.455
  39 0.9625 287.798 293.072
  40 0.9875 287.918 294.369
130000 40 11520.000000000002
  1 0.0125 287.45 288.526
  2 0.0375 288.758 283.247
  3 0.0625 287.66 286.218
  4 0.0875 288.222 284.174
  5 0.1125 287.306 289.568
  6 0.1375 287.354 286.291
  7 0.1625 288.302 289.803
  8 0.1875 288.186 293.912
  9 0.2125 287.856 300.631
  10 0.2375 287.342 301.999
  11 0.2625 287.572 300.599
  12 0.2875 288.184 300.75
  13 0.3125 287.84 297.2
  14 0.3375 287.426 298.189
  15 0.3625 288.238 306.125
  16 0.3875 287.874 309.525
  17 0.4125 287.384 305.39
  18 0.4375 287.598 298.963
  19 0.4625 288.446 307.603
  20 0.4875 287.828 314.882
  21 0.5125 288.27 314.129
  22 0.5375 287.134 314.422
  23 0.5625 288.018 315.787
  24 0.5875 288.35 313.546
  25 0.6125 288.082 311.082
  26 0.6375 287.616 304.104
  27 0.6625 288.632 304.789
  28 0.6875 288.044 309.948
  29 0.7125 288.212 300.361
  30 0.7375 288.592 302.116
  31 0.7625 288.316 302.327
  32 0.7875 288.408 305.326
  33 0.8125 289.202 301.052
  34 0.8375 288.074 291.921
  35 0.8625 287.696 290.114
  36 0.8875 287.758 291.185
  37 0.9125 287.764 280.527
  38 0.9375 287.848 279.6
  39 0.9625 288.744 285.571
  40 0.9875 288.414 288.52
135000 40 11520
  1 0.0125 288.024 284.058
  2 0.0375 288.08 282.598
  3 0.0625 287.914 275.314
  4 0.0875 287.908 284.207
  5 0.1125 287.02 297.532
  6 0.1375 288.462 291.252
  7 0.1625 286.916 298.534
  8 0.1875 288.372 299.456
  9 0.2125 287.394 297.943
  10 0.2375 287.558 290.47
  11 0.2625 287.716 297.115
  12 0.2875 287.488 296.862
  13 0.3125 287.462 300.939
  14 0.3375 288.538 294.157
  15 0.3625 288.012 302.085
  16 0.3875 288.186 295.254
  17 0.4125 288.326 300.765
  18 0.4375 288.448 302.573
  19 0.4625 288.792 306.992
  20 0.4875 287.608 311.562
  21 0.5125 288.386 314.329
  22 0.5375 288.124 318.774
  23 0.5625 288.29 317.745
  24 0.5875 288.724 306.824
  25 0.6125 288.218 312.102
  26 0.6375 287.916 316.054
  27 0.6625 288.636 310.203
  28 0.6875 287.9 302.329
  29 0.7125 288.192 303.626
  30 0.7375 288.578 310.244
  31 0.7625 288.038 305.161
  32 0.7875 287.17 302.088
  33 0.8125 287.682 296.479
  34 0.8375 288.308 293.058
  35 0.8625 287.776 292.481
  36 0.8875 288.018 289.857
  37 0.9125 287.844 285.101
  38 0.9375 287.952 286.123
  39 0.9625 287.394 290.093
  40 0.9875 288.63 286.735
140000 40 11520
  1 0.0125 288.38 292.984
  2 0.0375 288.468 287.391
  3 0.0625 287.84 277.939
  4 0.0875 288.594 286.611
  5 0.1125 287.692 298.42
  6 0.1375 288.4 295.467
  7 0.1625 288.092 290.338
  8 0.1875 287.72 288.304
  9 0.2125 287.546 295.45
  10 0.2375 288.25 291.719
  11 0.2625 287.466 294.299
  12 0.2875 288.036 297.899
  13 0.3125 287.666 301.473
  14 0.3375 287.926 305.313
  15 0.3625 287.476 299.485
  16 0.3875 287.904 303.479
  17 0.4125 288.024 298.096
  18 0.4375 287.768 298.061
  19 0.4625 288.266 302.932
  20 0.4875 288.656 306.999
  21 0.5125 287.216 304.671
  22 0.5375 287.544 308.092
  23 0.5625 287.062 317.868
  24 0.5875 288.226 313.131
  25 0.6125 287.21 312.285
  26 0.6375 289.024 305.65
  27 0.6625 288.292 313.516
  28 0.6875 287.936 313.47
  29 0.7125 287.548 312.283
  30 0.7375 288.18 303.68
  31 0.7625 288.21 302.34
  32 0.7875 288 294.556
  33 0.8125 287.576 299.911
  34 0.8375 287.722 293.343
  35 0.8625 287.704 291.946
  36 0.8875 288.382 293.94
  37 0.9125 288.29 296.461
  38 0.9375 288.29 285.498
  39 0.9625 288.88 286.789
  40 0.9875 288.538 287.669
145000 40 11519.999999999998
  1 0.0125 286.764 289.816
  2 0.0375 287.892 286.259
  3 0.0625 287.828 285.709
  4 0.0875 287.434 290.19
  5 0.1125 288.322 292.888
  6 0.1375 288.46 293.191
  7 0.1625 288.25 289.847
  8 0.1875 288.154 290.119
  9 0.2125 287.658 297.993
  10 0.2375 287.868 284.706
  11 0.2625 288.188 292.064
  12 0.2875 287.352 307.45
  13 0.3125 287.932 306.274
  14 0.3375 287.924 306.33
  15 0.3625 288.07 298.037
  16 0.3875 288.248 301.632
  17 0.4125 287.684 298.524
  18 0.4375 287.988 302.843
  19 0.4625 287.132 307.556
  20 0.4875 288.192 307.843
  21 0.5125 288.412 313.092
  22 0.5375 287.63 315.833
  23 0.5625 288.154 312.896
  24 0.5875 288.224 311.815
  25 0.6125 287.936 312.907
  26 0.6375 288.242 309.246
  27 0.6625 288.334 304.948
  28 0.6875 287.99 306.93
  29 0.7125 288.066 309.505
  30 0.7375 288.364 300.322
  31 0.7625 287.228 296.606
  32 0.7875 288.53 294.133
  33 0.8125 288.356 291.358
  34 0.8375 288.524 288.049
  35 0.8625 288.188 286.682
  36 0.8875 288.26 293.767
  37 0.9125 287.984 293.977
  38 0.9375 287.756 293.194
  39 0.9625 288.274 290.054
  40 0.9875 288.208 295.013
150000 40 11520.000000000002
  1 0.0125 287.508 289.226
  2 0.0375 288.486 294.845
  3 0.0625 287.722 290.378
  4 0.0875 287.998 292.811
  5 0.1125 288.57 291.998
  6 0.1375 288.318 293.124
  7 0.1625 287.702 292.731
  8 0.1875 287.892 294.973
  9 0.2125 288.492 289.205
  10 0.2375 288.38 295.729
  11 0.2625 288.184 302.451
  12 0.2875 288.304 302.455
  13 0.3125 287.586 298.746
  14 0.3375 288.4 302.999
  15 0.3625 288.166 309.472
  16 0.3875 288.18 301.677
  17 0.4125 287.076 301.926
  18 0.4375 287.754 311.526
  19 0.4625 288.232 306.111
  20 0.4875 288.162 308.94
  21 0.5125 287.908 312.257
  22 0.5375 288.376 315.489
  23 0.5625 287.208 317.019
  24 0.5875 288.038 318.542
  25 0.6125 288.25 306.217
  26 0.6375 287.508 305.183
  27 0.6625 287.54 300.013
  28 0.6875 288.158 298.262
  29 0.7125 287.482 299.238
  30 0.7375 288.328 304.054
  31 0.7625 287.522 294.561
  32 0.7875 288.19 293.599
  33 0.8125 288.212 292.483
  34 0.8375 288.696 293.735
  35 0.8625 287.972 286.688
  36 0.8875 287.604 289.908
  37 0.9125 288.222 287.844
  38 0.9375 287.644 290.905
  39 0.9625 288.146 285.423
  40 0.9875 287.884 289.049
155000 40 11520.000000000004
  1 0.0125 287.484 289.19
  2 0.0375 288.462 289.531
  3 0.0625 288.022 285.277
  4 0.0875 288.698 292.315
  5 0.1125 288.024 287.707
  6 0.1375 288.048 288.808
  7 0.1625 287.674 295.989
  8 0.1875 287.932 287.491
  9 0.2125 288.28 290.915
  10 0.2375 287.962 287.375
  11 0.2625 288.262 298.017
  12 0.2875 287.474 302.015
  13 0.3125 287.714 300.698
  14 0.3375 287.916 306.295
  15 0.3625 288.224 311.492
  16 0.3875 287.262 311.504
  17 0.4125 288.444 305.168
  18 0.4375 287.92 307.3
  19 0.4625 287.768 311.087
  20 0.4875 287.916 309.42
  21 0.5125 287.526 310.498
  22 0.5375 287.348 319.293
  23 0.5625 287.57 311.096
  24 0.5875 288.066 305.811
  25 0.6125 287.198 303.805
  26 0.6375 287.568 304.379
  27 0.6625 287.844 308.799
  28 0.6875 287.772 303.17
  29 0.7125 287.8 299.177
  30 0.7375 288.092 293.225
  31 0.7625 287.462 291.505
  32 0.7875 289.378 293.826
  33 0.8125 288.638 294.839
  34 0.8375 288.456 291.909
  35 0.8625 288.006 294.614
  36 0.8875 288.986 300.012
  37 0.9125 288.442 295.876
  38 0.9375 287.848 293.001
  39 0.9625 288.822 288.489
  40 0.9875 287.692 289.003
160000 40 11520
  1 0.0125 287.99 281.541
  2 0.0375 288.228 284.408
  3 0.0625 287.396 285.162
  4 0.0875 288.194 289.3
  5 0.1125 287.964 291.081
  6 0.1375 288.148 290.248
  7 0.1625 287.484 287.381
  8 0.1875 288.218 289.766
  9 0.2125 288.144 293.389
  10 0.2375 287.692 287.77
  11 0.2625 288.548 300.833
  12 0.2875 287.292 301.907
  13 0.3125 289.036 302.937
  14 0.3375 288.216 304.94
  15 0.3625 288.586 296.096
  16 0.3875 288.454 305.29
  17 0.4125 287.884 308.171
  18 0.4375 287.944 306.727
  19 0.4625 287.564 314.928
  20 0.4875 288.33 313.499
  21 0.5125 288.566 306.73
  22 0.5375 287.848 314.922
  23 0.5625 288.09 318.509
  24 0.5875 287.506 318.598
  25 0.6125 288.114 303.415
  26 0.6375 288.156 307.587
  27 0.6625 287.772 313.988
  28 0.6875 288.278 307.683
  29 0.7125 287.082 298.048
  30 0.7375 288.676 299.566
  31 0.7625 288.386 294.041
  32 0.7875 287.11 299.464
  33 0.8125 288.848 293.111
  34 0.8375 288.01 295.061
  35 0.8625 288.134 292.133
  36 0.8875 288.166 294.53
  37 0.9125 287.462 291.437
  38 0.9375 287.94 289.084
  39 0.9625 286.742 291.576
  40 0.9875 287.802 285.253
165000 40 11520.000000000002
  1 0.0125 288.284 282.182
  2 0.0375 288.328 278.936
  3 0.0625 288.612 280.69
  4 0.0875 288.392 283.196
  5 0.1125 289.128 286.673
  6 0.1375 287.84 288.75
  7 0.1625 288.444 290.003
  8 0.1875 288.372 288.545
  9 0.2125 288.286 301.334
  10 0.2375 287.626 304.432
  11 0.2625 288.024 302.543
  12 0.2875 288.12 299.591
  13 0.3125 287.946 296.013
  14 0.3375 287.894 302.767
  15 0.3625 288.186 304.625
  16 0.3875 287.546 304.444
  17 0.4125 287.782 304.867
  18 0.4375 287.502 315.157
  19 0.4625 287.43 309.945
  20 0.4875 287.848 310.944
  21 0.5125 288.082 314.721
  22 0.5375 287.646 313.954
  23 0.5625 287.498 312.888
  24 0.5875 287.21 310.907
  25 0.6125 287.662 313.991
  26 0.6375 288.276 310.744
  27 0.6625 287.982 308.594
  28 0.6875 288.77 300.769
  29 0.7125 287.244 296.216
  30 0.7375 288.216 295.422
  31 0.7625 288.386 290.682
  32 0.7875 287 297.141
  33 0.8125 287.536 299.352
  34 0.8375 288.364 295.452
  35 0.8625 287.96 299.674
  36 0.8875 287.848 301.592
  37 0.9125 288.292 292.415
  38 0.9375 288.368 291.731
  39 0.9625 287.566 285.302
  40 0.9875 288.504 283.392
170000 40 11520
  1 0.0125 288.162 290.269
  2 0.0375 288.23 282.356
  3 0.0625 287.756 280.399
  4 0.0875 288.332 282.609
  5 0.1125 288.46 283.594
  6 0.1375 287.836 292.858
  7 0.1625 288.918 293.467
  8 0.1875 288.026 300.498
  9 0.2125 287.954 294.979
  10 0.2375 288.148 294.27
  11 0.2625 287.308 296.501
  12 0.2875 288.572 292.65
  13 0.3125 287.522 291.663
  14 0.3375 288.534 300.294
  15 0.3625 287.928 302.037
  16 0.3875 287.722 314.958
  17 0.4125 287.486 312.112
  18 0.4375 287.168 304.961
  19 0.4625 287.962 309.56
  20 0.4875 288.04 317.772
  21 0.5125 287.872 310.789
  22 0.5375 288.36 314.502
  23 0.5625 287.872 311.217
  24 0.5875 287.92 308.736
  25 0.6125 288.598 310.598
  26 0.6375 288.104 311.93
  27 0.6625 287.996 308.908
  28 0.6875 287.41 300.46
  29 0.7125 288.098 299.336
  30 0.7375 287.676 297.909
  31 0.7625 287.728 293.037
  32 0.7875 287.536 290.845
  33 0.8125 288.226 298.725
  34 0.8375 287.052 302.007
  35 0.8625 288.35 298.104
  36 0.8875 287.874 295.001
  37 0.9125 288.074 288.15
  38 0.9375 288.962 287.103
  39 0.9625 288.046 289.148
  40 0.9875 288.182 295.431
175000 40 11520
  1 0.0125 287.482 284.74
  2 0.0375 288.382 288.656
  3 0.0625 289.186 286.495
  4 0.0875 288.568 285.646
  5 0.1125 288.296 290.365
  6 0.1375 287.962 290.405
  7 0.1625 288.302 296.581
  8 0.1875 288.55 297.912
  9 0.2125 287.796 291.634
  10 0.2375 287.924 295.591
  11 0.2625 288 298.979
  12 0.2875 288.828 301.98
  13 0.3125 288.164 298.407
  14 0.3375 288.126 293.963
  15 0.3625 287.442 303.565
  16 0.3875 288.394 299.734
  17 0.4125 288.398 311.745
  18 0.4375 286.996 309.954
  19 0.4625 288.068 308.533
  20 0.4875 287.764 310.864
  21 0.5125 287.962 307.926
  22 0.5375 287.344 311.682
  23 0.5625 288.578 316.094
  24 0.5875 288.542 308.934
  25 0.6125 287.294 303.603
  26 0.6375 287.714 305.829
  27 0.6625 287.082 303.59
  28 0.6875 287.164 311.604
  29 0.7125 288.132 314.657
  30 0.7375 287.256 309.612
  31 0.7625 287.282 297.935
  32 0.7875 288.268 288.128
  33 0.8125 287.582 296.721
  34 0.8375 287.538 295.028
  35 0.8625 288.07 291.731
  36 0.8875 288.458 292.453
  37 0.9125 287.974 288.61
  38 0.9375 288.494 287.292
  39 0.9625 288.06 285.584
  40 0.9875 288.578 285.459
180000 40 11519.999999999998
  1 0.0125 288.172 281.637
  2 0.0375 288.306 281.896
  3 0.0625 287.752 285.088
  4 0.0875 288.156 287.711
  5 0.1125 287.896 289.529
  6 0.1375 287.944 285.908
  7 0.1625 288.578 291.239
  8 0.1875 288.156 291.506
  9 0.2125 288.562 289.879
  10 0.2375 287.982 291.46
  11 0.2625 288.546 296.587
  12 0.2875 287.534 300.37
  13 0.3125 288.288 303.015
  14 0.3375 287.822 301.734
  15 0.3625 287.982 300.491
  16 0.3875 287.986 306.575
  17 0.4125 287.722 306.741
  18 0.4375 287.85 307.738
  19 0.4625 287.344 308.33
  20 0.4875 288.02 300.862
  21 0.5125 288.122 311.075
  22 0.5375 287.708 317.502
  23 0.5625 287.618 312.128
  24 0.5875 288.06 311.306
  25 0.6125 288.952 310.141
  26 0.6375 288.038 310.729
  27 0.6625 287.316 314.331
  28 0.6875 288.414 307.461
  29 0.7125 287.382 313.238
  30 0.7375 287.782 308.02
  31 0.7625 287.996 305.501
  32 0.7875 288.346 303.422
  33 0.8125 288.426 300.665
  34 0.8375 288.15 295.114
  35 0.8625 287.91 294.264
  36 0.8875 288.216 284.554
  37 0.9125 288.236 283.122
  38 0.9375 287.8 288.126
  39 0.9625 287.694 286.096
  40 0.9875 287.236 283.612
185000 40 11520
  1 0.0125 288.336 285.314
  2 0.0375 288.16 277.255
  3 0.0625 286.716 279.548
  4 0.0875 287.742 287.472
  5 0.1125 287.838 290.963
  6 0.1375 288.38 289.691
  7 0.1625 286.952 289.445
  8 0.1875 288.706 286.748
  9 0.2125 287.744 292.804
  10 0.2375 288.376 296.771
  11 0.2625 288.052 297.592
  12 0.2875 288.466 295.922
  13 0.3125 288.376 296.017
  14 0.3375 288.986 300.025
  15 0.3625 288.712 303.038
  16 0.3875 288.148 304.905
  17 0.4125 288.312 308.906
  18 0.4375 287.18 309.549
  19 0.4625 289.014 308.508
  20 0.4875 287.524 304.116
  21 0.5125 287.784 314.921
  22 0.5375 288.076 315.948
  23 0.5625 287.93 318.694
  24 0.5875 288.13 313.479
  25 0.6125 287.562 301.006
  26 0.6375 288 304.001
  27 0.6625 287.568 307.559
  28 0.6875 287.404 303.343
  29 0.7125 288.046 303.359
  30 0.7375 287.618 303.551
  31 0.7625 287.828 302.988
  32 0.7875 287.998 302.492
  33 0.8125 288.456 298.673
  34 0.8375 287.868 297.108
  35 0.8625 288.192 302.64
  36 0.8875 287.724 294.832
  37 0.9125 288.054 293.258
  38 0.9375 287.806 287.812
  39 0.9625 288.094 291.87
  40 0.9875 288.142 286.515
190000 40 11519.999999999996
  1 0.0125 287.906 286.479
  2 0.0375 287.75 280.047
  3 0.0625 288.632 285.887
  4 0.0875 288.144 288.079
  5 0.1125 288.802 290.321
  6 0.1375 288.496 292.88
  7 0.1625 287.932 295.461
  8 0.1875 288.72 295.079
  9 0.2125 287.916 296.976
  10 0.2375 288.034 297.343
  11 0.2625 288.442 296.564
  12 0.2875 288.566 302.822
  13 0.3125 288.082 298.045
  14 0.3375 287.43 293.489
  15 0.3625 287.836 296.509
  16 0.3875 288.536 296.449
  17 0.4125 288.346 302.181
  18 0.4375 287.602 305.809
  19 0.4625 288.892 313.047
  20 0.4875 287.718 318.117
  21 0.5125 287.71 316.524
  22 0.5375 287.66 309.269
  23 0.5625 287.56 305.844
  24 0.5875 287.968 313.979
  25 0.6125 287.862 303.184
  26 0.6375 287.486 304.685
  27 0.6625 287.844 302.845
  28 0.6875 288.628 301.037
  29 0.7125 287.692 296.244
  30 0.7375 287.296 299.27
  31 0.7625 288.042 297.59
  32 0.7875 287.48 296.994
  33 0.8125 287.014 305.531
  34 0.8375 288.676 304.913
  35 0.8625 286.984 300.085
  36 0.8875 288.046 298.291
  37 0.9125 288.034 295.428
  38 0.9375 287.326 289.476
  39 0.9625 288.32 290.139
  40 0.9875 288.59 286.424
195000 40 11519.999999999998
  1 0.0125 288.362 280.118
  2 0.0375 288.372 287.728
  3 0.0625 288.224 283.491
  4 0.0875 287.546 279.771
  5 0.1125 288.126 284.819
  6 0.1375 287.906 292.323
  7 0.1625 288.046 299.586
  8 0.1875 287.756 301.014
  9 0.2125 287.282 299.575
  10 0.2375 287.914 297.533
  11 0.2625 287.206 299.192
  12 0.2875 288.02 299.337
  13 0.3125 288.398 293.98
  14 0.3375 287.422 303.452
  15 0.3625 288.644 300.35
  16 0.3875 287.62 296.151
  17 0.4125 287.98 301.687
  18 0.4375 287.796 305.462
  19 0.4625 289.126 310.161
  20 0.4875 287.462 311.354
  21 0.5125 287.746 316.575
  22 0.5375 288.602 318.313
  23 0.5625 287.78 311.735
  24 0.5875 288.322 307.107
  25 0.6125 288.64 301.367
  26 0.6375 288.762 306.525
  27 0.6625 288.86 304.331
  28 0.6875 288.31 303.051
  29 0.7125 287.208 304.217
  30 0.7375 288.372 298.117
  31 0.7625 287.318 303.097
  32 0.7875 288.39 297.805
  33 0.8125 287.694 297.402
  34 0.8375 287.528 298.58
  35 0.8625 287.91 296.425
  36 0.8875 287.536 293.001
  37 0.9125 288.576 288.767
  38 0.9375 287.546 288.867
  39 0.9625 288.098 294.336
  40 0.9875 287.594 292.921
200000 40 11520
  1 0.0125 288.056 282.048
  2 0.0375 288.27 279.447
  3 0.0625 288.14 280.305
  4 0.0875 288.454 277.84
  5 0.1125 287.514 293.805
  6 0.1375 287.922 293.75
  7 0.1625 287.698 289.199
  8 0.1875 287.924 292.873
  9 0.2125 287.722 294.265
  10 0.2375 287.948 302.811
  11 0.2625 287.398 307.436
  12 0.2875 288.236 299.662
  13 0.3125 287.964 292.039
  14 0.3375 287.496 298.487
  15 0.3625 287.388 297.515
  16 0.3875 287.844 294.278
  17 0.4125 288.064 304.335
  18 0.4375 288.448 304.829
  19 0.4625 288.234 301
  20 0.4875 288.55 311.095
  21 0.5125 288.284 314.478
  22 0.5375 287.712 324.095
  23 0.5625 288.234 320.564
  24 0.5875 288.876 315.295
  25 0.6125 287.704 309.35
  26 0.6375 288.532 308.469
  27 0.6625 287.588 311.405
  28 0.6875 288.704 307.807
  29 0.7125 287.782 308.908
  30 0.7375 287.696 300.935
  31 0.7625 287.836 303.181
  32 0.7875 287.488 303.271
  33 0.8125 288.098 300.816
  34 0.8375 287.998 297.162
  35 0.8625 287.692 298.046
  36 0.8875 287.716 294.472
  37 0.9125 288.456 290.686
  38 0.9375 287.722 277.484
  39 0.9625 288.68 278.923
  40 0.9875 287.932 286.943
