# Chunk-averaged data for fix temp_profile and group all
# Timestep Number-of-chunks Total-count
# Chunk Coord1 Ncount temp
5000 40 8639.999999999998
  1 0.0125 215.258 297.405
  2 0.0375 216.3 294.445
  3 0.0625 216.088 299.382
  4 0.0875 215.266 292.611
  5 0.1125 216.444 295.649
  6 0.1375 215.52 288.402
  7 0.1625 216.368 297.043
  8 0.1875 215.796 296.838
  9 0.2125 216.09 299.327
  10 0.2375 216.31 293.887
  11 0.2625 215.846 291.387
  12 0.2875 216.146 291.763
  13 0.3125 215.666 300.053
  14 0.3375 216.808 300.679
  15 0.3625 215.352 298.615
  16 0.3875 215.658 293.577
  17 0.4125 216.64 292.65
  18 0.4375 215.51 300.09
  19 0.4625 216.054 292.012
  20 0.4875 216.894 295.695
  21 0.5125 215.672 300.124
  22 0.5375 215.19 302.988
  23 0.5625 216.882 297.136
  24 0.5875 215.508 296.004
  25 0.6125 215.428 300.72
  26 0.6375 216.194 302.354
  27 0.6625 215.96 303.648
  28 0.6875 215.984 308.906
  29 0.7125 215.65 304.889
  30 0.7375 215.862 304.467
  31 0.7625 216.132 305.334
  32 0.7875 216.184 302.788
  33 0.8125 216.534 292.472
  34 0.8375 215.98 297.314
  35 0.8625 216.358 303.519
  36 0.8875 215.91 301.314
  37 0.9125 215.772 304.249
  38 0.9375 216.128 295.663
  39 0.9625 216.088 293.637
  40 0.9875 216.57 299.087
10000 40 8640
  1 0.0125 216.404 288.505
  2 0.0375 216.684 283.371
  3 0.0625 215.442 295.573
  4 0.0875 216.318 292.206
  5 0.1125 215.68 293.795
  6 0.1375 216.868 293.447
  7 0.1625 215.718 293.468
  8 0.1875 215.768 293.735
  9 0.2125 216.346 297.879
  10 0.2375 216.44 295.759
  11 0.2625 215.996 291.872
  12 0.2875 216.392 292.365
  13 0.3125 215.766 296.025
  14 0.3375 215.464 298.214
  15 0.3625 216.152 302.4
  16 0.3875 215.66 295.948
  17 0.4125 216.04 294.334
  18 0.4375 215.692 296.313
  19 0.4625 215.868 295.397
  20 0.4875 215.648 300.29
  21 0.5125 216.024 302.48
  22 0.5375 215.928 302.593
  23 0.5625 215.26 306.059
  24 0.5875 216.28 307.534
  25 0.6125 214.87 311.467
  26 0.6375 215.492 308.503
  27 0.6625 215.31 304.651
  28 0.6875 216.478 306.372
  29 0.7125 215.814 304.579
  30 0.7375 216.24 300.213
  31 0.7625 215.764 300.667
  32 0.7875 216.316 299.043
  33 0.8125 216.244 303.642
  34 0.8375 216.402 307.19
  35 0.8625 216.386 304.352
  36 0.8875 216.2 299.638
  37 0.9125 216.998 295.836
  38 0.9375 215.6 293.584
  39 0.9625 216.398 293.276
  40 0.9875 215.65 285.561
15000 40 8639.999999999996
  1 0.0125 215.612 285.465
  2 0.0375 216.716 279.395
  3 0.0625 215.428 273.88
  4 0.0875 216.526 276.196
  5 0.1125 215.822 291.876
  6 0.1375 215.982 295.109
  7 0.1625 215.648 297.326
  8 0.1875 216.54 303.758
  9 0.2125 216.102 298.316
  10 0.2375 215.982 295.468
  11 0.2625 216.184 294.319
  12 0.2875 215.788 292.197
  13 0.3125 215.896 293.083
  14 0.3375 215.606 296.144
  15 0.3625 216.086 293.184
  16 0.3875 215.634 295.275
  17 0.4125 215.738 297.944
  18 0.4375 216.218 298.519
  19 0.4625 215.372 299.833
  20 0.4875 215.648 304.594
  21 0.5125 216.04 310.751
  22 0.5375 215.748 312.785
  23 0.5625 216.022 309.848
  24 0.5875 215.168 318.926
  25 0.6125 217.084 309.56
  26 0.6375 216.174 311.791
  27 0.6625 215.64 309.959
  28 0.6875 215.966 307.786
  29 0.7125 216.218 306.209
  30 0.7375 216.074 308.228
  31 0.7625 216.226 308.728
  32 0.7875 216.33 304.109
  33 0.8125 216.414 302.709
  34 0.8375 216.638 300.485
  35 0.8625 216.29 290.839
  36 0.8875 215.98 294.58
  37 0.9125 215.24 286.844
  38 0.9375 216.224 292.722
  39 0.9625 215.732 290.099
  40 0.9875 216.264 290.314
20000 40 8640.000000000002
  1 0.0125 216.352 280.706
  2 0.0375 215.63 278.634
  3 0.0625 215.87 282.074
  4 0.0875 216.362 286.25
  5 0.1125 215.868 287.876
  6 0.1375 216.314 289.448
  7 0.1625 216.412 290.536
  8 0.1875 215.592 297.673
  9 0.2125 215.87 293.435
  10 0.2375 216.528 296.102
  11 0.2625 215.676 299.239
  12 0.2875 215.82 301.029
  13 0.3125 216.594 299.346
  14 0.3375 215.764 295.256
  15 0.3625 216.346 295.207
  16 0.3875 215.496 295.515
  17 0.4125 216.018 295.727
  18 0.4375 216.392 297.105
  19 0.4625 216.132 304.422
  20 0.4875 216.156 306.204
  21 0.5125 216.226 304.866
  22 0.5375 216.42 309.954
  23 0.5625 215.472 324.241
  24 0.5875 216.17 322.513
  25 0.6125 215.898 310.222
  26 0.6375 216.582 305.428
  27 0.6625 215.362 308.74
  28 0.6875 216.112 312.572
  29 0.7125 215.162 305.44
  30 0.7375 216.598 300.946
  31 0.7625 215.542 300.541
  32 0.7875 215.456 298.776
  33 0.8125 216.518 298.871
  34 0.8375 215.932 298.254
  35 0.8625 215.812 297.825
  36 0.8875 216.234 300.128
  37 0.9125 215.364 295.832
  38 0.9375 215.928 286.113
  39 0.9625 216.224 288.936
  40 0.9875 215.796 285.612
25000 40 8640
  1 0.0125 216.526 288.342
  2 0.0375 215.952 289.558
  3 0.0625 216.192 296.798
  4 0.0875 216.382 289.474
  5 0.1125 215.826 294.684
  6 0.1375 216.272 292.243
  7 0.1625 216.626 297.289
  8 0.1875 216.622 296.363
  9 0.2125 216.146 296.969
  10 0.2375 216.044 292.54
  11 0.2625 215.506 290.244
  12 0.2875 216.194 295.704
  13 0.3125 215.736 295.165
  14 0.3375 216.086 297.011
  15 0.3625 216.116 304.573
  16 0.3875 216.298 299.743
  17 0.4125 215.754 300.588
  18 0.4375 215.884 308.841
  19 0.4625 216.382 305.566
  20 0.4875 216.356 310.77
  21 0.5125 216.25 305.907
  22 0.5375 215.778 300.778
  23 0.5625 215.808 307.866
  24 0.5875 215.638 315.212
  25 0.6125 216.034 320.832
  26 0.6375 216.096 309.573
  27 0.6625 215.314 310.036
  28 0.6875 216.26 310.521
  29 0.7125 216.294 305.367
  30 0.7375 215.372 298.98
  31 0.7625 215.898 293.188
  32 0.7875 215.838 288.384
  33 0.8125 215.702 292.225
  34 0.8375 215.536 293.218
  35 0.8625 216.01 288.338
  36 0.8875 216.436 291.026
  37 0.9125 215.494 289.477
  38 0.9375 216.012 288.65
  39 0.9625 215.862 288.16
  40 0.9875 215.468 288.083
30000 40 8639.999999999998
  1 0.0125 215.568 292.84
  2 0.0375 216.47 289.645
  3 0.0625 216.158 296.696
  4 0.0875 215.578 295.186
  5 0.1125 215.812 296.873
  6 0.1375 215.732 294.103
  7 0.1625 215.776 291.785
  8 0.1875 216.524 294.361
  9 0.2125 215.732 292.419
  10 0.2375 216.208 295.556
  11 0.2625 216.736 296.56
  12 0.2875 216.35 296.751
  13 0.3125 216.448 294.74
  14 0.3375 216.118 296.209
  15 0.3625 216.406 295.682
  16 0.3875 216.158 297.091
  17 0.4125 215.612 301.498
  18 0.4375 216.084 307.361
  19 0.4625 216.826 309.256
  20 0.4875 215.088 315.8
  21 0.5125 216.39 311.523
  22 0.5375 215.362 313.213
  23 0.5625 216.146 306.741
  24 0.5875 215.64 304.569
  25 0.6125 216.33 304.733
  26 0.6375 215.948 302.532
  27 0.6625 216.038 300.748
  28 0.6875 215.738 304.716
  29 0.7125 216.008 300.549
  30 0.7375 215.436 296.434
  31 0.7625 215.702 291.069
  32 0.7875 216.36 290.573
  33 0.8125 215.72 294.896
  34 0.8375 215.736 291.005
  35 0.8625 216.654 293.118
  36 0.8875 215.848 291.957
  37 0.9125 215.35 295.26
  38 0.9375 216.458 290.627
  39 0.9625 215.256 299.185
  40 0.9875 216.496 296.071
35000 40 8639.999999999998
  1 0.0125 216.592 291.579
  2 0.0375 215.212 289.834
  3 0.0625 215.346 288.868
  4 0.0875 215.546 290.962
  5 0.1125 215.924 299.335
  6 0.1375 216.902 293.4
  7 0.1625 215.502 286.625
  8 0.1875 216.286 292.016
  9 0.2125 216.15 294.653
  10 0.2375 216.278 301.724
  11 0.2625 216.184 295.823
  12 0.2875 215.782 291.381
  13 0.3125 216.142 293.639
  14 0.3375 215.864 296.546
  15 0.3625 217.066 303.642
  16 0.3875 215.932 299.949
  17 0.4125 216.16 299.42
  18 0.4375 215.984 300.783
  19 0.4625 216.036 301.998
  20 0.4875 216.39 308.355
  21 0.5125 215.956 316.265
  22 0.5375 215.686 314.497
  23 0.5625 215.664 315.428
  24 0.5875 216.788 308.919
  25 0.6125 216.442 312.037
  26 0.6375 216.096 299.749
  27 0.6625 215.372 310.396
  28 0.6875 215.858 300.473
  29 0.7125 215.936 298.782
  30 0.7375 215.506 292.014
  31 0.7625 216.446 296.073
  32 0.7875 215.342 295.264
  33 0.8125 215.994 295.697
  34 0.8375 215.766 287.177
  35 0.8625 217.032 293.831
  36 0.8875 215.904 295.56
  37 0.9125 215.572 294.054
  38 0.9375 215.99 293.958
  39 0.9625 215.826 293.693
  40 0.9875 215.546 294.683
40000 40 8640
  1 0.0125 215.812 277.485
  2 0.0375 216.412 282.756
  3 0.0625 216.664 284.8
  4 0.0875 215.75 285.776
  5 0.1125 216.87 291.084
  6 0.1375 215.68 288.932
  7 0.1625 216.37 294.461
  8 0.1875 215.644 303.638
  9 0.2125 215.946 300.321
  10 0.2375 216.158 300.25
  11 0.2625 216.172 303.732
  12 0.2875 215.406 303.776
  13 0.3125 215.964 308.802
  14 0.3375 215.696 306.307
  15 0.3625 216.08 297.648
  16 0.3875 216.346 301.308
  17 0.4125 215.506 297.312
  18 0.4375 216.06 298.014
  19 0.4625 216.096 296.235
  20 0.4875 215.23 301.929
  21 0.5125 216.784 305.196
  22 0.5375 216.1 314.851
  23 0.5625 216.18 310.597
  24 0.5875 216.226 317.411
  25 0.6125 216.026 308.408
  26 0.6375 215.218 311.179
  27 0.6625 216.464 304.42
  28 0.6875 215.63 300.853
  29 0.7125 215.954 295.51
  30 0.7375 216.004 294.999
  31 0.7625 215.592 298.415
  32 0.7875 216.162 291.412
  33 0.8125 215.542 293.29
  34 0.8375 215.976 296.492
  35 0.8625 215.792 297.204
  36 0.8875 215.818 299.706
  37 0.9125 216 298.515
  38 0.9375 216.988 291.891
  39 0.9625 215.796 285.522
  40 0.9875 215.886 288.322
45000 40 8639.999999999998
  1 0.0125 215.826 288.476
  2 0.0375 215.7 280.065
  3 0.0625 216.836 281.915
  4 0.0875 216.016 285.268
  5 0.1125 216.242 294.835
  6 0.1375 215.564 291.202
  7 0.1625 216.528 287.411
  8 0.1875 215.894 294.901
  9 0.2125 215.56 304.609
  10 0.2375 216.322 297.354
  11 0.2625 216.058 307.35
  12 0.2875 216.488 303.616
  13 0.3125 216.41 302.909
  14 0.3375 215.326 307.722
  15 0.3625 215.882 305.619
  16 0.3875 216.132 305.949
  17 0.4125 216.286 301.515
  18 0.4375 215.216 306.998
  19 0.4625 215.808 300.272
  20 0.4875 215.67 303.957
  21 0.5125 215.746 307.944
  22 0.5375 215.266 312.374
  23 0.5625 216.098 304.843
  24 0.5875 215.966 307.383
  25 0.6125 215.888 307.664
  26 0.6375 215.872 305.148
  27 0.6625 215.91 304.94
  28 0.6875 216.544 302.027
  29 0.7125 215.83 290.786
  30 0.7375 216.63 295.873
  31 0.7625 215.276 296.352
  32 0.7875 216.592 295.684
  33 0.8125 215.736 296.542
  34 0.8375 215.692 290.999
  35 0.8625 216.288 290.15
  36 0.8875 216.078 296.525
  37 0.9125 216.504 291.246
  38 0.9375 216.036 296.711
  39 0.9625 216.358 288.722
  40 0.9875 215.926 293.416
50000 40 8640.000000000002
  1 0.0125 215.764 283.275
  2 0.0375 215.744 276.899
  3 0.0625 216.068 275.597
  4 0.0875 215.64 281.428
  5 0.1125 215.45 287.836
  6 0.1375 215.384 288.695
  7 0.1625 215.528 292
  8 0.1875 216.342 293.814
  9 0.2125 216.266 299.926
  10 0.2375 216.162 299.01
  11 0.2625 215.792 302.357
  12 0.2875 216.126 304.841
  13 0.3125 216.06 301.974
  14 0.3375 216.414 309.703
  15 0.3625 215.956 310.181
  16 0.3875 216.184 303.617
  17 0.4125 216.054 301.545
  18 0.4375 216.364 300.875
  19 0.4625 215.976 307.879
  20 0.4875 216.464 308.779
  21 0.5125 216.35 311.208
  22 0.5375 216.648 311.066
  23 0.5625 215.762 316.614
  24 0.5875 216.212 316.414
  25 0.6125 215.964 311.513
  26 0.6375 216.078 306.311
  27 0.6625 215.316 311.853
  28 0.6875 216.21 306.763
  29 0.7125 216.51 300.231
  30 0.7375 216.076 296.502
  31 0.7625 215.768 298.329
  32 0.7875 216.15 299.962
  33 0.8125 216.824 298.27
  34 0.8375 215.454 298.069
  35 0.8625 215.934 289.323
  36 0.8875 215.58 284.073
  37 0.9125 216.234 282.533
  38 0.9375 215.574 287.232
  39 0.9625 216.19 286.757
  40 0.9875 215.428 285.762
55000 40 8640
  1 0.0125 216.378 283.882
  2 0.0375 215.834 276.26
  3 0.0625 215.876 283.345
  4 0.0875 215.94 284.446
  5 0.1125 215.914 285.451
  6 0.1375 215.892 286.896
  7 0.1625 216.364 291.861
  8 0.1875 216.048 302.213
  9 0.2125 215.802 307.343
  10 0.2375 216.614 302.698
  11 0.2625 215.618 303.127
  12 0.2875 215.888 306.29
  13 0.3125 216.538 302.294
  14 0.3375 216.12 301.26
  15 0.3625 216.23 296.906
  16 0.3875 216.294 300.892
  17 0.4125 216.294 301.501
  18 0.4375 216.642 301.257
  19 0.4625 215.106 305.917
  20 0.4875 216.62 313.136
  21 0.5125 215.42 316.883
  22 0.5375 216.526 324.297
  23 0.5625 215.81 315.521
  24 0.5875 216.27 319.079
  25 0.6125 215.644 310.645
  26 0.6375 215.418 311.828
  27 0.6625 215.982 299.38
  28 0.6875 215.534 293.27
  29 0.7125 215.658 297.049
  30 0.7375 216.514 304.829
  31 0.7625 215.8 305.758
  32 0.7875 216.014 299.361
  33 0.8125 216.134 290.575
  34 0.8375 215.746 295.054
  35 0.8625 216.008 289.66
  36 0.8875 215.73 284.008
  37 0.9125 216.034 276.905
  38 0.9375 215.976 283.403
  39 0.9625 216.128 284.803
  40 0.9875 215.642 288.626
60000 40 8640.000000000002
  1 0.0125 215.784 283.903
  2 0.0375 215.986 274.164
  3 0.0625 216.328 283.74
  4 0.0875 216.416 279.886
  5 0.1125 216.58 284.204
  6 0.1375 216.27 295.54
  7 0.1625 215.87 290.076
  8 0.1875 216.49 293.479
  9 0.2125 215.984 298.873
  10 0.2375 216.638 298.465
  11 0.2625 215.968 294.871
  12 0.2875 216 300.666
  13 0.3125 215.624 299.571
  14 0.3375 216.164 294.597
  15 0.3625 216.01 297.835
  16 0.3875 215.982 297.516
  17 0.4125 216.046 292.527
  18 0.4375 215.61 297.429
  19 0.4625 214.908 298.441
  20 0.4875 216.42 302.745
  21 0.5125 215.26 320.37
  22 0.5375 216.74 325.237
  23 0.5625 215.52 313.478
  24 0.5875 215.912 312.569
  25 0.6125 216.118 311.87
  26 0.6375 216.486 317.958
  27 0.6625 216.196 308.528
  28 0.6875 216.006 299.112
  29 0.7125 215.794 310.162
  30 0.7375 216.392 307.628
  31 0.7625 215.778 299.695
  32 0.7875 216.294 289.387
  33 0.8125 216.104 297.859
  34 0.8375 215.69 299.543
  35 0.8625 215.966 297.196
  36 0.8875 215.35 294.138
  37 0.9125 216.428 293.684
  38 0.9375 215.45 291.644
  39 0.9625 216.02 290.394
  40 0.9875 215.418 289.242
65000 40 8639.999999999998
  1 0.0125 216.39 288.469
  2 0.0375 215.794 283.26
  3 0.0625 216.402 287.739
  4 0.0875 216.686 285.505
  5 0.1125 215.898 287.334
  6 0.1375 216.44 280.516
  7 0.1625 215.824 290.891
  8 0.1875 216.408 296.807
  9 0.2125 216.332 297.288
  10 0.2375 216.01 297.468
  11 0.2625 216.6 299.313
  12 0.2875 215.554 301.923
  13 0.3125 216.36 299.747
  14 0.3375 215.956 293.348
  15 0.3625 216.538 290.898
  16 0.3875 215.688 293.856
  17 0.4125 215.65 300.402
  18 0.4375 216.176 306.064
  19 0.4625 215.588 309.112
  20 0.4875 215.78 308.143
  21 0.5125 215.748 308.067
  22 0.5375 214.686 308.643
  23 0.5625 215.834 317.416
  24 0.5875 216.114 310.643
  25 0.6125 215.926 304.793
  26 0.6375 215.958 311.321
  27 0.6625 215.83 302.529
  28 0.6875 216.748 302.522
  29 0.7125 215.764 307.844
  30 0.7375 215.598 302.315
  31 0.7625 215.614 304.488
  32 0.7875 216.15 302.118
  33 0.8125 215.262 297.459
  34 0.8375 215.802 294.028
  35 0.8625 215.89 291.352
  36 0.8875 216.682 294.189
  37 0.9125 216.13 290.597
  38 0.9375 216.224 299.452
  39 0.9625 216.446 290.643
  40 0.9875 215.52 289.331
70000 40 8640.000000000002
  1 0.0125 215.972 286.401
  2 0.0375 216.026 284.903
  3 0.0625 216.406 283.865
  4 0.0875 216.066 288.358
  5 0.1125 216.188 292.168
  6 0.1375 216.166 292.393
  7 0.1625 216.016 288.199
  8 0.1875 216.192 294.506
  9 0.2125 216.044 305.645
  10 0.2375 215.892 302.229
  11 0.2625 216.382 299.789
  12 0.2875 216.178 295.783
  13 0.3125 215.664 303.874
  14 0.3375 216.05 293.504
  15 0.3625 215.856 305.202
  16 0.3875 215.8 305.344
  17 0.4125 216.024 301.719
  18 0.4375 215.088 309.053
  19 0.4625 215.832 308.187
  20 0.4875 216.404 308.52
  21 0.5125 215.886 310.564
  22 0.5375 216.518 312.531
  23 0.5625 216.408 318.683
  24 0.5875 215.822 317.613
  25 0.6125 215.808 309.803
  26 0.6375 215.768 303.96
  27 0.6625 215.78 295.988
  28 0.6875 216.344 299.058
  29 0.7125 215.576 300.431
  30 0.7375 216.126 300.422
  31 0.7625 216.272 292.368
  32 0.7875 216.286 293.536
  33 0.8125 216.11 296.91
  34 0.8375 215.184 295.044
  35 0.8625 215.838 297.121
  36 0.8875 215.844 292.009
  37 0.9125 216.358 286.709
  38 0.9375 216.174 287.948
  39 0.9625 215.494 283.962
  40 0.9875 216.158 283.622
75000 40 8640
  1 0.0125 216.4 281.679
  2 0.0375 216.022 282.116
  3 0.0625 216.118 286.166
  4 0.0875 216.346 288.434
  5 0.1125 216.112 281.764
  6 0.1375 216.178 287.592
  7 0.1625 215.892 291.803
  8 0.1875 216.426 286.224
  9 0.2125 215.736 292.345
  10 0.2375 216.506 297.443
  11 0.2625 215.82 305.419
  12 0.2875 216.31 302.362
  13 0.3125 215.178 303.509
  14 0.3375 216.17 304.611
  15 0.3625 215.196 302.836
  16 0.3875 216.112 307.816
  17 0.4125 215.724 310.418
  18 0.4375 215.87 303.012
  19 0.4625 215.864 308.945
  20 0.4875 215.198 317.276
  21 0.5125 216.314 313.861
  22 0.5375 215.462 313.417
  23 0.5625 215.936 318.149
  24 0.5875 216.828 312.841
  25 0.6125 216.318 300.44
  26 0.6375 216.43 295.641
  27 0.6625 215.928 301.437
  28 0.6875 216.222 304.096
  29 0.7125 215.472 301.151
  30 0.7375 215.564 297.539
  31 0.7625 216.09 297.185
  32 0.7875 215.61 292.768
  33 0.8125 216.168 292.277
  34 0.8375 215.562 290.596
  35 0.8625 216.22 295.406
  36 0.8875 216.206 291.989
  37 0.9125 215.62 291.184
  38 0.9375 216.382 295.444
  39 0.9625 216.298 293.139
  40 0.9875 216.192 286.243
80000 40 8640
  1 0.0125 216.46 279.269
  2 0.0375 216.232 278.314
  3 0.0625 216.386 281.916
  4 0.0875 215.912 282.948
  5 0.1125 216.136 291.747
  6 0.1375 216.272 289.063
  7 0.1625 216.286 290.775
  8 0.1875 216.078 289.769
  9 0.2125 216.1 292.843
  10 0.2375 216.108 286.448
  11 0.2625 216.468 291.007
  12 0.2875 215.872 299.673
  13 0.3125 216.604 302.693
  14 0.3375 216.116 295.829
  15 0.3625 216 306.597
  16 0.3875 215.278 310.765
  17 0.4125 215.86 308.921
  18 0.4375 215.696 310.762
  19 0.4625 215.95 309.482
  20 0.4875 215.838 318.301
  21 0.5125 215.526 325.363
  22 0.5375 216.462 316.028
  23 0.5625 215.506 317.52
  24 0.5875 215.644 308.955
  25 0.6125 215.838 307.703
  26 0.6375 215.89 306.678
  27 0.6625 216.118 298.599
  28 0.6875 215.952 294.378
  29 0.7125 215.564 294.938
  30 0.7375 216.506 297.76
  31 0.7625 215.83 302.033
  32 0.7875 216.254 307.463
  33 0.8125 216.174 295.863
  34 0.8375 215.968 291.031
  35 0.8625 215.744 297.95
  36 0.8875 216.014 295.178
  37 0.9125 215.768 290.196
  38 0.9375 215.582 287.842
  39 0.9625 216.21 288.005
  40 0.9875 215.798 285.768
85000 40 8639.999999999998
  1 0.0125 215.808 275.852
  2 0.0375 216.328 275.511
  3 0.0625 216.598 280.698
  4 0.0875 215.442 288.239
  5 0.1125 216.408 289.631
  6 0.1375 215.898 293.707
  7 0.1625 216.054 296.97
  8 0.1875 216.898 285.114
  9 0.2125 215.85 290.345
  10 0.2375 216.236 292.327
  11 0.2625 216.148 294.766
  12 0.2875 215.566 299.796
  13 0.3125 217.102 304.438
  14 0.3375 216.104 299.317
  15 0.3625 216.256 307.536
  16 0.3875 215.528 312.091
  17 0.4125 215.926 313.898
  18 0.4375 215.672 313.036
  19 0.4625 215.828 313.245
  20 0.4875 216.142 311.24
  21 0.5125 215.056 315.478
  22 0.5375 215.93 316.302
  23 0.5625 216.208 316.513
  24 0.5875 215.842 312.755
  25 0.6125 216.002 308.272
  26 0.6375 216.072 310.626
  27 0.6625 216.096 306.144
  28 0.6875 215.852 304.887
  29 0.7125 215.768 305.793
  30 0.7375 215.76 298.899
  31 0.7625 215.704 292.508
  32 0.7875 216.354 295.81
  33 0.8125 216.352 291.051
  34 0.8375 216.04 295.833
  35 0.8625 216.042 292.749
  36 0.8875 215.97 288.035
  37 0.9125 215.626 284.364
  38 0.9375 215.544 285.462
  39 0.9625 216.036 282.776
  40 0.9875 215.954 284.12
90000 40 8640
  1 0.0125 216.354 283.161
  2 0.0375 215.804 280.512
  3 0.0625 216.048 282.678
  4 0.0875 216.79 277.376
  5 0.1125 215.986 285.494
  6 0.1375 216.062 281.706
  7 0.1625 215.576 283.146
  8 0.1875 216.232 282.857
  9 0.2125 216.144 283.035
  10 0.2375 216.15 292.529
  11 0.2625 215.926 293.458
  12 0.2875 216.046 303.374
  13 0.3125 215.696 305.715
  14 0.3375 215.386 303.532
  15 0.3625 215.606 302.734
  16 0.3875 216.126 306.777
  17 0.4125 216.132 313.3
  18 0.4375 215.626 318.42
  19 0.4625 215.086 311.994
  20 0.4875 216.198 312.202
  21 0.5125 216.05 315.508
  22 0.5375 215.746 319.049
  23 0.5625 216.388 318.969
  24 0.5875 215.574 310.915
  25 0.6125 216.22 308.785
  26 0.6375 215.864 302
  27 0.6625 215.782 300.017
  28 0.6875 215.986 305.423
  29 0.7125 215.888 304.767
  30 0.7375 215.914 301.955
  31 0.7625 217 302.314
  32 0.7875 215.65 305.014
  33 0.8125 216.184 299.871
  34 0.8375 215.856 297.134
  35 0.8625 216.568 291.229
  36 0.8875 216.486 293.937
  37 0.9125 215.5 286.783
  38 0.9375 216.252 282.964
  39 0.9625 216.212 289.453
  40 0.9875 215.906 287.097
95000 40 8640
  1 0.0125 216.86 270.6
  2 0.0375 216.382 275.004
  3 0.0625 215.696 279.179
  4 0.0875 216.584 282.898
  5 0.1125 216.132 287.486
  6 0.1375 216.388 286.641
  7 0.1625 215.77 290.191
  8 0.1875 216.476 295.069
  9 0.2125 216.458 293.728
  10 0.2375 215.51 294.262
  11 0.2625 216.148 297.61
  12 0.2875 215.646 297.701
  13 0.3125 215.7 297.657
  14 0.3375 215.95 300.426
  15 0.3625 216.018 294.768
  16 0.3875 216.098 301.802
  17 0.4125 215.576 301.535
  18 0.4375 215.94 306.958
  19 0.4625 216.47 311.9
  20 0.4875 215.684 311.06
  21 0.5125 215.446 319.952
  22 0.5375 216.202 323.437
  23 0.5625 215.834 317.168
  24 0.5875 215.922 310.732
  25 0.6125 215.764 305.861
  26 0.6375 216.252 307.406
  27 0.6625 216.336 305.421
  28 0.6875 215.584 305.165
  29 0.7125 216.248 299.935
  30 0.7375 216.378 302.381
  31 0.7625 215.78 305.754
  32 0.7875 215.528 301.088
  33 0.8125 215.722 295.874
  34 0.8375 216.276 303.099
  35 0.8625 214.662 301.515
  36 0.8875 216.158 294.441
  37 0.9125 215.94 294.321
  38 0.9375 216.718 286.447
  39 0.9625 215.874 286.265
  40 0.9875 215.89 284.26
100000 40 8640
  1 0.0125 216.13 272.342
  2 0.0375 216.618 274.584
  3 0.0625 215.096 281.56
  4 0.0875 216.034 285.542
  5 0.1125 215.748 288.785
  6 0.1375 216.538 291.489
  7 0.1625 216.018 298.956
  8 0.1875 215.688 299.962
  9 0.2125 216.26 297.595
  10 0.2375 215.392 295.384
  11 0.2625 216.106 291.251
  12 0.2875 216.15 296.948
  13 0.3125 215.988 305.828
  14 0.3375 215.394 304.684
  15 0.3625 216.59 304.111
  16 0.3875 215.04 303.953
  17 0.4125 216.68 297.982
  18 0.4375 215.992 309.403
  19 0.4625 216.546 310
  20 0.4875 215.95 306.232
  21 0.5125 215.08 307.54
  22 0.5375 216.48 305.838
  23 0.5625 216.162 311.038
  24 0.5875 215.442 315.215
  25 0.6125 216.658 313.75
  26 0.6375 215.926 308.25
  27 0.6625 216.422 307.625
  28 0.6875 215.074 308.457
  29 0.7125 216.752 297.467
  30 0.7375 215.616 301.118
  31 0.7625 215.988 302.495
  32 0.7875 215.838 299.5
  33 0.8125 215.966 297.671
  34 0.8375 215.94 303.027
  35 0.8625 215.598 296.145
  36 0.8875 216.042 287.208
  37 0.9125 216.428 291.153
  38 0.9375 216.098 293.623
  39 0.9625 216.224 286.142
  40 0.9875 216.308 277.828
105000 40 8640
  1 0.0125 215.816 279.07
  2 0.0375 216.812 282.419
  3 0.0625 215.438 292.172
  4 0.0875 215.848 293.196
  5 0.1125 216.666 293.488
  6 0.1375 216.618 287.421
  7 0.1625 214.962 291.344
  8 0.1875 215.878 293.844
  9 0.2125 216.3 295.521
  10 0.2375 215.56 295.318
  11 0.2625 216.166 296.935
  12 0.2875 216.124 291.738
  13 0.3125 215.756 303.913
  14 0.3375 216.066 306.4
  15 0.3625 215.972 305.422
  16 0.3875 215.788 308.683
  17 0.4125 216.472 301.624
  18 0.4375 216.148 299.402
  19 0.4625 215.536 298.254
  20 0.4875 216.37 300.394
  21 0.5125 215.838 308.301
  22 0.5375 216.018 305.374
  23 0.5625 215.734 305.127
  24 0.5875 215.868 312.688
  25 0.6125 215.888 309.381
  26 0.6375 216.412 310.972
  27 0.6625 215.612 314.308
  28 0.6875 215.734 305.288
  29 0.7125 216.318 298.093
  30 0.7375 216.032 293.592
  31 0.7625 215.672 299.026
  32 0.7875 215.556 296.707
  33 0.8125 216.144 300.406
  34 0.8375 216.254 302.8
  35 0.8625 215.854 293.054
  36 0.8875 215.772 293.492
  37 0.9125 216.268 292.57
  38 0.9375 216.212 293.123
  39 0.9625 216.048 290.397
  40 0.9875 216.47 285.4
110000 40 8640.000000000002
  1 0.0125 215.826 292.841
  2 0.0375 216.472 287.127
  3 0.0625 215.702 288.302
  4 0.0875 216.836 291.965
  5 0.1125 215.686 298.571
  6 0.1375 216.102 296.46
  7 0.1625 216.078 292.172
  8 0.1875 216.24 287.067
  9 0.2125 215.992 294.618
  10 0.2375 216.028 291.384
  11 0.2625 216.214 291.391
  12 0.2875 216.686 286.922
  13 0.3125 215.522 291.752
  14 0.3375 216.13 292.418
  15 0.3625 215.876 300.663
  16 0.3875 216.8 301.811
  17 0.4125 215.418 306.125
  18 0.4375 216.108 303.954
  19 0.4625 215.55 308.892
  20 0.4875 215.724 314.646
  21 0.5125 215.722 312.554
  22 0.5375 216.802 305.184
  23 0.5625 216.142 301.231
  24 0.5875 216.488 309.775
  25 0.6125 215.934 311.009
  26 0.6375 216.262 308.377
  27 0.6625 216.262 301.814
  28 0.6875 215.642 308.332
  29 0.7125 216.19 303.421
  30 0.7375 215.194 309.321
  31 0.7625 215.944 303.408
  32 0.7875 215.572 300.565
  33 0.8125 216.332 298.453
  34 0.8375 216.288 294.154
  35 0.8625 215.278 291.42
  36 0.8875 215.524 288.871
  37 0.9125 215.514 292.034
  38 0.9375 216.016 289.088
  39 0.9625 215.69 292.011
  40 0.9875 216.214 287.933
115000 40 8640.000000000002
  1 0.0125 216.126 276.742
  2 0.0375 216.706 280.829
  3 0.0625 215.806 281.659
  4 0.0875 216.28 283.549
  5 0.1125 216.284 286.588
  6 0.1375 216.508 287.434
  7 0.1625 215.55 285.131
  8 0.1875 216.592 293.445
  9 0.2125 215.868 291.368
  10 0.2375 216.192 283.87
  11 0.2625 216.052 287.241
  12 0.2875 215.534 296.745
  13 0.3125 216.358 303.531
  14 0.3375 215.59 299.903
  15 0.3625 215.548 301.535
  16 0.3875 216.062 308.756
  17 0.4125 216.688 303.638
  18 0.4375 215.726 302.1
  19 0.4625 216.188 306.517
  20 0.4875 215.59 313.866
  21 0.5125 215.552 315.06
  22 0.5375 215.84 315.548
  23 0.5625 215.89 317.546
  24 0.5875 215.728 319.88
  25 0.6125 216.28 306.718
  26 0.6375 216.594 305.806
  27 0.6625 215.878 317.583
  28 0.6875 215.932 315.145
  29 0.7125 215.336 306.806
  30 0.7375 215.834 301.446
  31 0.7625 215.97 299.133
  32 0.7875 215.88 295.455
  33 0.8125 215.87 295.808
  34 0.8375 215.984 301.401
  35 0.8625 216.258 292.704
  36 0.8875 216.028 289.449
  37 0.9125 216.162 287.776
  38 0.9375 216.072 287.991
  39 0.9625 216.54 289.741
  40 0.9875 215.124 290.993
120000 40 8640
  1 0.0125 216.372 280.303
  2 0.0375 215.188 279.887
  3 0.0625 215.774 282.267
  4 0.0875 216.352 290.596
  5 0.1125 215.79 289.367
  6 0.1375 216.39 281.887
  7 0.1625 215.916 281.385
  8 0.1875 216.564 291.753
  9 0.2125 215.272 294.246
  10 0.2375 216.126 289.438
  11 0.2625 216.45 298.37
  12 0.2875 216.47 300.411
  13 0.3125 215.926 302.639
  14 0.3375 215.736 298.166
  15 0.3625 216.174 301.197
  16 0.3875 215.774 307.233
  17 0.4125 216.012 300.882
  18 0.4375 216.058 303.062
  19 0.4625 215.61 307.126
  20 0.4875 216.058 302.228
  21 0.5125 215.634 311.21
  22 0.5375 215.466 317.245
  23 0.5625 215.888 312.446
  24 0.5875 215.86 311.565
  25 0.6125 215.702 305.79
  26 0.6375 215.932 302.508
  27 0.6625 215.352 301.902
  28 0.6875 216.18 306.238
  29 0.7125 216.46 303.318
  30 0.7375 216.09 302.439
  31 0.7625 215.892 303.083
  32 0.7875 216.172 298.522
  33 0.8125 216.01 297.547
  34 0.8375 216.446 297.375
  35 0.8625 216.262 297.115
  36 0.8875 216.572 295.991
  37 0.9125 216.032 296.173
  38 0.9375 215.832 297.667
  39 0.9625 215.896 296.496
  40 0.9875 216.31 290.063
125000 40 8640.000000000002
  1 0.0125 216.18 285.21
  2 0.0375 216.662 286.059
  3 0.0625 216.576 282.086
  4 0.0875 216.446 288.985
  5 0.1125 216.13 283.947
  6 0.1375 216.064 292.721
  7 0.1625 215.664 290.942
  8 0.1875 216.266 288.115
  9 0.2125 215.372 291.339
  10 0.2375 216.052 289.986
  11 0.2625 215.504 296.348
  12 0.2875 216.562 297.15
  13 0.3125 215.766 295.889
  14 0.3375 216.362 296.075
  15 0.3625 215.98 298.977
  16 0.3875 216.098 305.552
  17 0.4125 215.8 302.75
  18 0.4375 216.086 309.713
  19 0.4625 215.776 313.968
  20 0.4875 215.968 317.24
  21 0.5125 215.068 315.15
  22 0.5375 216.112 314.925
  23 0.5625 215.86 314.861
  24 0.5875 215.51 311.226
  25 0.6125 215.564 304.086
  26 0.6375 215.696 300.996
  27 0.6625 216.48 304.906
  28 0.6875 215.694 300.115
  29 0.7125 215.636 293.124
  30 0.7375 215.68 297.585
  31 0.7625 216.046 297.391
  32 0.7875 216.612 298.725
  33 0.8125 216.188 289.009
  34 0.8375 216.154 293.697
  35 0.8625 215.592 300.116
  36 0.8875 216.214 298.227
  37 0.9125 215.734 294.942
  38 0.9375 217.294 297.349
  39 0.9625 215.094 294.494
  40 0.9875 216.458 292.299
130000 40 8639.999999999998
  1 0.0125 216.526 292.438
  2 0.0375 216.336 282.003
  3 0.0625 216.05 284.896
  4 0.0875 216.71 288.284
  5 0.1125 217.334 295.817
  6 0.1375 216.124 287.143
  7 0.1625 216.17 284.685
  8 0.1875 216.108 289.184
  9 0.2125 215.68 292.562
  10 0.2375 215.788 301.52
  11 0.2625 216.352 292.159
  12 0.2875 216.14 297.175
  13 0.3125 216.622 295.97
  14 0.3375 215.688 296.375
  15 0.3625 215.99 298.021
  16 0.3875 216.258 310.056
  17 0.4125 215.454 308.927
  18 0.4375 215.786 308.741
  19 0.4625 215.694 310.667
  20 0.4875 215.586 304.711
  21 0.5125 216.494 308.675
  22 0.5375 215.564 310.186
  23 0.5625 215.242 314.806
  24 0.5875 215.486 311.008
  25 0.6125 215.94 309.352
  26 0.6375 215.002 307.087
  27 0.6625 215.438 304.794
  28 0.6875 216.138 300.695
  29 0.7125 216.218 298.724
  30 0.7375 216.576 301.843
  31 0.7625 215.788 293.259
  32 0.7875 216.28 289.917
  33 0.8125 216.376 296.292
  34 0.8375 215.96 300.466
  35 0.8625 216.342 297.269
  36 0.8875 215.14 291.976
  37 0.9125 216.686 292.541
  38 0.9375 214.96 295.053
  39 0.9625 216.18 295.092
  40 0.9875 215.794 288.549
135000 40 8639.999999999998
  1 0.0125 215.92 285.668
  2 0.0375 216.332 284.239
  3 0.0625 215.468 282.921
  4 0.0875 216.586 282.527
  5 0.1125 216.3 287.893
  6 0.1375 216.242 286.719
  7 0.1625 215.934 285.243
  8 0.1875 216.446 292.464
  9 0.2125 215.558 286.485
  10 0.2375 216.158 298.38
  11 0.2625 215.672 291.256
  12 0.2875 215.974 299.87
  13 0.3125 215.768 309.344
  14 0.3375 216.124 309.338
  15 0.3625 215.496 298.148
  16 0.3875 215.512 296.845
  17 0.4125 216.156 301.573
  18 0.4375 216.412 307.379
  19 0.4625 215.884 302.551
  20 0.4875 215.998 303.908
  21 0.5125 215.378 308.554
  22 0.5375 216.282 310.799
  23 0.5625 216.048 315.881
  24 0.5875 216.54 318.418
  25 0.6125 216.544 312.103
  26 0.6375 216.226 307.265
  27 0.6625 215.652 300.327
  28 0.6875 216.37 292.586
  29 0.7125 216.366 294.826
  30 0.7375 216.222 300.497
  31 0.7625 216.502 305.196
  32 0.7875 215.666 304.053
  33 0.8125 215.594 306.181
  34 0.8375 216.328 296.895
  35 0.8625 215.436 296.091
  36 0.8875 215.816 293.515
  37 0.9125 215.748 289.882
  38 0.9375 216.156 293.362
  39 0.9625 215.484 296.813
  40 0.9875 215.702 292.868
140000 40 8640
  1 0.0125 215.888 290.778
  2 0.0375 216.13 289.442
  3 0.0625 215.436 289.717
  4 0.0875 216.466 287.545
  5 0.1125 215.526 297.945
  6 0.1375 215.622 291.143
  7 0.1625 216.148 285.471
  8 0.1875 215.912 286.534
  9 0.2125 215.946 292.752
  10 0.2375 216.05 292.392
  11 0.2625 215.828 293.82
  12 0.2875 215.71 287.276
  13 0.3125 216.38 296.403
  14 0.3375 215.456 305.759
  15 0.3625 216.626 301.621
  16 0.3875 215.812 300.02
  17 0.4125 216.008 305.104
  18 0.4375 216.134 311.571
  19 0.4625 215.862 308.203
  20 0.4875 216.61 304.74
  21 0.5125 216.224 305.398
  22 0.5375 216.106 306.169
  23 0.5625 215.86 306.014
  24 0.5875 216.02 308.804
  25 0.6125 216.422 304.118
  26 0.6375 215.744 302.607
  27 0.6625 216.264 299.289
  28 0.6875 215.932 302.284
  29 0.7125 215.884 298.603
  30 0.7375 216.334 301.807
  31 0.7625 215.806 304.047
  32 0.7875 216.082 301.901
  33 0.8125 215.928 298.041
  34 0.8375 215.54 292.239
  35 0.8625 215.636 296.115
  36 0.8875 215.79 304.452
  37 0.9125 216.89 294.247
  38 0.9375 216.154 298.72
  39 0.9625 215.708 295.085
  40 0.9875 216.126 290.233
145000 40 8640.000000000004
  1 0.0125 216.236 284.841
  2 0.0375 216.132 279.45
  3 0.0625 216.352 289.825
  4 0.0875 215.562 292.017
  5 0.1125 215.992 289.542
  6 0.1375 216.004 292.708
  7 0.1625 216.276 287.796
  8 0.1875 216.154 293.539
  9 0.2125 216.44 295.691
  10 0.2375 216.308 297.661
  11 0.2625 216.016 299.959
  12 0.2875 216.092 299.549
  13 0.3125 215.754 296.787
  14 0.3375 216.282 299.836
  15 0.3625 216.378 298.294
  16 0.3875 215.826 301.767
  17 0.4125 215.584 305.256
  18 0.4375 216.342 307.818
  19 0.4625 216.22 305.311
  20 0.4875 215.41 308.47
  21 0.5125 215.72 300.652
  22 0.5375 215.98 302.287
  23 0.5625 215.408 304.024
  24 0.5875 216.042 304.663
  25 0.6125 215.8 300.352
  26 0.6375 215.732 302.596
  27 0.6625 216.542 303.967
  28 0.6875 215.372 301.818
  29 0.7125 216.166 299.662
  30 0.7375 216.072 303.154
  31 0.7625 215.622 301.156
  32 0.7875 216.238 303.717
  33 0.8125 216.102 304.992
  34 0.8375 215.972 302.663
  35 0.8625 215.538 297.412
  36 0.8875 216.016 295.904
  37 0.9125 216.544 291.915
  38 0.9375 215.484 294.817
  39 0.9625 216.608 295.276
  40 0.9875 215.682 290.533
150000 40 8639.999999999998
  1 0.0125 216.574 298.952
  2 0.0375 215.732 290.489
  3 0.0625 216.314 294.039
  4 0.0875 216.43 296.327
  5 0.1125 215.574 296.664
  6 0.1375 215.62 287.985
  7 0.1625 216.654 287.788
  8 0.1875 216.472 289.425
  9 0.2125 216.048 292.635
  10 0.2375 216.654 297.82
  11 0.2625 215.97 291.708
  12 0.2875 216.184 290.539
  13 0.3125 216.356 295.818
  14 0.3375 215.562 287.767
  15 0.3625 216.348 300.133
  16 0.3875 216.05 296.17
  17 0.4125 215.632 301.856
  18 0.4375 215.958 305.664
  19 0.4625 215.704 306.877
  20 0.4875 215.74 302.984
  21 0.5125 215.598 302.832
  22 0.5375 216.182 306.103
  23 0.5625 215.922 307.488
  24 0.5875 215.844 305.441
  25 0.6125 215.618 309.678
  26 0.6375 216.092 309.914
  27 0.6625 216.16 307.134
  28 0.6875 215.82 306.276
  29 0.7125 215.522 305.752
  30 0.7375 216.436 300.658
  31 0.7625 216.452 298.591
  32 0.7875 216.216 297.721
  33 0.8125 215.864 299.616
  34 0.8375 215.828 292.414
  35 0.8625 216.246 292.403
  36 0.8875 215.574 296.68
  37 0.9125 215.8 295.471
  38 0.9375 215.524 295.08
  39 0.9625 216.264 293.498
  40 0.9875 215.462 293.518
155000 40 8639.999999999998
  1 0.0125 216.154 284.846
  2 0.0375 215.254 280.955
  3 0.0625 216.388 279.471
  4 0.0875 215.376 282.426
  5 0.1125 216.158 291.509
  6 0.1375 215.152 294.977
  7 0.1625 216.114 287.86
  8 0.1875 216.488 287.843
  9 0.2125 215.486 298.833
  10 0.2375 216.346 291.725
  11 0.2625 215.168 291.703
  12 0.2875 216.364 295.495
  13 0.3125 216.346 294.15
  14 0.3375 216.118 293.828
  15 0.3625 216.134 298.921
  16 0.3875 216.214 290.989
  17 0.4125 216.104 298.369
  18 0.4375 215.636 302.942
  19 0.4625 216.148 302.262
  20 0.4875 216.04 310.389
  21 0.5125 216.21 310.637
  22 0.5375 215.66 308.065
  23 0.5625 215.756 311.374
  24 0.5875 215.562 315.58
  25 0.6125 216.282 312.384
  26 0.6375 215.754 310.831
  27 0.6625 216.002 309.673
  28 0.6875 216.724 301.724
  29 0.7125 215.748 302.889
  30 0.7375 216.608 295.41
  31 0.7625 216.056 297.36
  32 0.7875 215.91 297.518
  33 0.8125 216.202 299.563
  34 0.8375 216.614 308.847
  35 0.8625 215.886 301.163
  36 0.8875 215.95 293.244
  37 0.9125 216.016 302.403
  38 0.9375 216.608 301.562
  39 0.9625 215.704 298.653
  40 0.9875 215.56 289.723
160000 40 8639.999999999998
  1 0.0125 216.216 283.607
  2 0.0375 217.082 283.433
  3 0.0625 216.098 280.653
  4 0.0875 216.56 278.615
  5 0.1125 214.986 281.565
  6 0.1375 216.054 291.937
  7 0.1625 215.106 290.572
  8 0.1875 216.158 293.434
  9 0.2125 216.056 298.293
  10 0.2375 215.274 294.314
  11 0.2625 216.28 292.871
  12 0.2875 216.22 298.617
  13 0.3125 216.64 300.771
  14 0.3375 215.85 292.597
  15 0.3625 215.748 296.666
  16 0.3875 215.694 301.454
  17 0.4125 216.078 301.866
  18 0.4375 215.658 304.089
  19 0.4625 215.976 312.77
  20 0.4875 215.45 309.659
  21 0.5125 215.892 303.67
  22 0.5375 216.026 309.29
  23 0.5625 216.48 316.979
  24 0.5875 216.43 315.336
  25 0.6125 215.374 315.612
  26 0.6375 216.57 311.086
  27 0.6625 215.552 305.467
  28 0.6875 215.918 299.494
  29 0.7125 216.064 298.798
  30 0.7375 215.93 299.553
  31 0.7625 216.106 294.689
  32 0.7875 215.744 295.968
  33 0.8125 215.932 302.341
  34 0.8375 215.726 300.39
  35 0.8625 216.152 294.183
  36 0.8875 215.708 299.151
  37 0.9125 216.104 302.04
  38 0.9375 216.846 298.436
  39 0.9625 215.608 291.171
  40 0.9875 216.654 286.222
165000 40 8640
  1 0.0125 216.168 282.905
  2 0.0375 216.314 280.947
  3 0.0625 216.114 281.019
  4 0.0875 216.184 284.534
  5 0.1125 216.346 286.055
  6 0.1375 216.122 288.455
  7 0.1625 216.61 288.826
  8 0.1875 215.088 295.025
  9 0.2125 215.982 294.541
  10 0.2375 216.092 299.146
  11 0.2625 215.432 296.46
  12 0.2875 215.608 288.771
  13 0.3125 216.212 292.793
  14 0.3375 215.474 292.161
  15 0.3625 215.29 298.444
  16 0.3875 216.672 298.88
  17 0.4125 215.602 300.193
  18 0.4375 215.996 302.305
  19 0.4625 215.488 299.645
  20 0.4875 216.326 306.63
  21 0.5125 215.988 310.218
  22 0.5375 216.11 317.281
  23 0.5625 215.6 321.001
  24 0.5875 215.416 318.485
  25 0.6125 216.522 318.026
  26 0.6375 215.83 318.544
  27 0.6625 215.42 311.708
  28 0.6875 216.018 307.396
  29 0.7125 215.936 305.979
  30 0.7375 215.754 300.791
  31 0.7625 216.496 297.656
  32 0.7875 215.71 296.799
  33 0.8125 215.906 296.148
  34 0.8375 216.598 303.268
  35 0.8625 216.448 295.228
  36 0.8875 215.392 303.109
  37 0.9125 216.476 295.561
  38 0.9375 216.43 286.322
  39 0.9625 216.514 283.23
  40 0.9875 216.316 281.856
170000 40 8640
  1 0.0125 216.246 281.386
  2 0.0375 216.306 280.556
  3 0.0625 216.284 284.097
  4 0.0875 215.966 287.578
  5 0.1125 216.512 297.273
  6 0.1375 216.37 306.035
  7 0.1625 216.158 305.28
  8 0.1875 215.57 305.537
  9 0.2125 216.22 306.66
  10 0.2375 216.28 300.06
  11 0.2625 215.87 295.881
  12 0.2875 216.316 285.334
  13 0.3125 215.924 294.725
  14 0.3375 215.332 293.338
  15 0.3625 215.962 297.988
  16 0.3875 216.484 296.365
  17 0.4125 216.57 301.921
  18 0.4375 215.688 300.513
  19 0.4625 215.222 304.724
  20 0.4875 215.428 309.968
  21 0.5125 216.216 305.609
  22 0.5375 215.722 301.979
  23 0.5625 215.274 301.597
  24 0.5875 215.74 305.959
  25 0.6125 216.198 307.668
  26 0.6375 215.654 301.414
  27 0.6625 216.242 297.87
  28 0.6875 215.508 301.585
  29 0.7125 215.25 307.892
  30 0.7375 216.116 304.972
  31 0.7625 216.28 303.488
  32 0.7875 215.904 300.192
  33 0.8125 216.466 298.618
  34 0.8375 215.642 302.833
  35 0.8625 216.03 293.531
  36 0.8875 216.068 297.909
  37 0.9125 216.352 293.108
  38 0.9375 216.03 291.223
  39 0.9625 216.358 292.543
  40 0.9875 216.242 282.707
175000 40 8639.999999999998
  1 0.0125 215.852 282.079
  2 0.0375 215.766 287.752
  3 0.0625 216.33 283.854
  4 0.0875 216.04 288.198
  5 0.1125 215.956 296.617
  6 0.1375 215.19 304.158
  7 0.1625 216.222 301.425
  8 0.1875 215.776 299.947
  9 0.2125 215.86 297.376
  10 0.2375 216.012 296.71
  11 0.2625 216.598 292.246
  12 0.2875 216.346 294.234
  13 0.3125 215.758 298.563
  14 0.3375 215.74 300.076
  15 0.3625 216.574 300.872
  16 0.3875 215.584 295.538
  17 0.4125 215.97 299.441
  18 0.4375 215.94 310.228
  19 0.4625 215.902 307.583
  20 0.4875 215.892 304.109
  21 0.5125 216.074 314.288
  22 0.5375 216.756 311.77
  23 0.5625 216.196 309.549
  24 0.5875 214.654 311.236
  25 0.6125 216.248 310.306
  26 0.6375 215.664 301.973
  27 0.6625 215.986 295.111
  28 0.6875 215.896 296.172
  29 0.7125 216.13 302.904
  30 0.7375 216.232 302.51
  31 0.7625 216.238 296.219
  32 0.7875 215.936 300.593
  33 0.8125 216.38 298.707
  34 0.8375 216.208 295.15
  35 0.8625 216.104 293.388
  36 0.8875 216.134 292.969
  37 0.9125 216.218 285.109
  38 0.9375 216.348 291.339
  39 0.9625 215.318 286.452
  40 0.9875 215.972 290.009
180000 40 8640.000000000004
  1 0.0125 216.338 281.145
  2 0.0375 216.022 280.76
  3 0.0625 215.706 284.036
  4 0.0875 215.084 286.479
  5 0.1125 216.464 279.579
  6 0.1375 216.188 291.465
  7 0.1625 215.458 291.993
  8 0.1875 216.604 292.359
  9 0.2125 216.394 292.738
  10 0.2375 216.626 298.213
  11 0.2625 216.04 295.728
  12 0.2875 216.344 298.668
  13 0.3125 216.322 300.82
  14 0.3375 215.64 304.333
  15 0.3625 216.398 312.063
  16 0.3875 216.532 310.586
  17 0.4125 216.144 310.216
  18 0.4375 215.98 310.777
  19 0.4625 215.516 309.831
  20 0.4875 215.84 310.912
  21 0.5125 215.82 306.623
  22 0.5375 216.192 309.014
  23 0.5625 215.534 317.906
  24 0.5875 216.302 315.971
  25 0.6125 216.104 311.156
  26 0.6375 215.752 305.605
  27 0.6625 215.836 309.771
  28 0.6875 215.814 305.648
  29 0.7125 215.83 297.207
  30 0.7375 216.26 293.669
  31 0.7625 215.652 299.016
  32 0.7875 215.586 293.755
  33 0.8125 216.06 291.639
  34 0.8375 216.058 293.301
  35 0.8625 215.494 290.862
  36 0.8875 216.51 290.507
  37 0.9125 216.158 292.634
  38 0.9375 216.16 281.338
  39 0.9625 215.798 289.887
  40 0.9875 215.44 286.599
185000 40 8639.999999999998
  1 0.0125 216.438 287.155
  2 0.0375 216.574 276.33
  3 0.0625 216.1 277.244
  4 0.0875 216.484 279.288
  5 0.1125 215.808 288.505
  6 0.1375 216.99 289.167
  7 0.1625 216.402 291.144
  8 0.1875 215.792 295.469
  9 0.2125 216.356 288.026
  10 0.2375 215.3 294.601
  11 0.2625 216.468 297.073
  12 0.2875 216.3 294.14
  13 0.3125 216.132 300.13
  14 0.3375 215.644 296.835
  15 0.3625 216.276 295.471
  16 0.3875 215.976 304.056
  17 0.4125 215.872 310.026
  18 0.4375 215.364 314.27
  19 0.4625 216.272 315.138
  20 0.4875 215.58 311.77
  21 0.5125 216.346 313.655
  22 0.5375 216.2 311.418
  23 0.5625 214.866 309.76
  24 0.5875 216.412 309.998
  25 0.6125 216.698 308.606
  26 0.6375 215.578 313.287
  27 0.6625 215.65 302.878
  28 0.6875 216.106 302.596
  29 0.7125 215.73 306.999
  30 0.7375 216.248 299.181
  31 0.7625 216.526 295.826
  32 0.7875 216 297.138
  33 0.8125 216.448 292.094
  34 0.8375 215.236 290.668
  35 0.8625 215.638 289.626
  36 0.8875 215.632 295.035
  37 0.9125 215.366 293.02
  38 0.9375 215.542 293.408
  39 0.9625 215.91 296.668
  40 0.9875 215.74 298.486
190000 40 8640.000000000002
  1 0.0125 215.882 295.019
  2 0.0375 216.13 290.308
  3 0.0625 215.518 292.274
  4 0.0875 216.32 294.56
  5 0.1125 216.17 297.437
  6 0.1375 215.834 291.3
  7 0.1625 216.112 287.097
  8 0.1875 215.414 284.59
  9 0.2125 216.108 287.543
  10 0.2375 216.518 295.169
  11 0.2625 215.6 294.751
  12 0.2875 215.448 302.17
  13 0.3125 215.804 300.509
  14 0.3375 215.926 298.415
  15 0.3625 216.216 294.473
  16 0.3875 215.532 300.808
  17 0.4125 216.896 296.714
  18 0.4375 215.662 302.523
  19 0.4625 216.148 302.143
  20 0.4875 215.72 306.549
  21 0.5125 215.326 310.337
  22 0.5375 216.238 313.745
  23 0.5625 215.304 319.606
  24 0.5875 216.21 317.628
  25 0.6125 215.634 304.377
  26 0.6375 216.204 303.675
  27 0.6625 217.098 303.262
  28 0.6875 215.55 298.572
  29 0.7125 216.06 298.521
  30 0.7375 216.352 298.384
  31 0.7625 216.242 294.354
  32 0.7875 215.394 289.35
  33 0.8125 216.184 288.735
  34 0.8375 216.548 290.293
  35 0.8625 216.176 297.214
  36 0.8875 216.358 297.968
  37 0.9125 216.124 298.996
  38 0.9375 215.888 299.099
  39 0.9625 216.432 295.073
  40 0.9875 215.72 293.085
195000 40 8640
  1 0.0125 216.08 288.453
  2 0.0375 215.64 289.853
  3 0.0625 216.286 290.299
  4 0.0875 215.678 291.821
  5 0.1125 215.736 298.894
  6 0.1375 215.466 296.389
  7 0.1625 216.094 294.393
  8 0.1875 215.718 293.463
  9 0.2125 216.322 290.226
  10 0.2375 216.032 296.296
  11 0.2625 215.696 292.368
  12 0.2875 215.824 295.925
  13 0.3125 216.382 304.414
  14 0.3375 215.12 299.71
  15 0.3625 216.248 294.892
  16 0.3875 216.446 294.072
  17 0.4125 215.788 297.901
  18 0.4375 216.09 299.549
  19 0.4625 215.972 304.513
  20 0.4875 216.138 305.205
  21 0.5125 216.168 308.548
  22 0.5375 216.142 313.626
  23 0.5625 216.258 312.551
  24 0.5875 215.914 310.129
  25 0.6125 215.804 305.766
  26 0.6375 216.3 305.171
  27 0.6625 215.664 302.987
  28 0.6875 216.746 301.441
  29 0.7125 215.806 308.331
  30 0.7375 215.684 299.321
  31 0.7625 216.95 297.194
  32 0.7875 215.62 303.578
  33 0.8125 215.596 293.316
  34 0.8375 216.172 293.37
  35 0.8625 215.696 296.122
  36 0.8875 216.138 293.966
  37 0.9125 216.698 290.143
  38 0.9375 215.894 290.159
  39 0.9625 216.258 291.865
  40 0.9875 215.736 291.562
200000 40 8640.000000000002
  1 0.0125 216.224 287.487
  2 0.0375 215.926 283.151
  3 0.0625 215.998 283.662
  4 0.0875 215.98 287.662
  5 0.1125 215.892 295.617
  6 0.1375 215.728 289.72
  7 0.1625 216.006 286.392
  8 0.1875 215.914 289.13
  9 0.2125 216.482 289.614
  10 0.2375 215.744 298.924
  11 0.2625 216.072 294.18
  12 0.2875 216.508 298.275
  13 0.3125 215.804 302.559
  14 0.3375 215.928 305.483
  15 0.3625 216.612 308.538
  16 0.3875 215.46 305.084
  17 0.4125 215.982 300.73
  18 0.4375 215.778 301.394
  19 0.4625 215.212 305.052
  20 0.4875 216.658 309.628
  21 0.5125 215.926 315.653
  22 0.5375 215.284 310.423
  23 0.5625 216.486 309.273
  24 0.5875 216.45 310.33
  25 0.6125 215.736 306.181
  26 0.6375 216.99 304.195
  27 0.6625 216.108 306.397
  28 0.6875 216.092 302.575
  29 0.7125 216.448 298.759
  30 0.7375 216.06 300.739
  31 0.7625 216.072 299.543
  32 0.7875 215.436 296.218
  33 0.8125 216.692 293.627
  34 0.8375 216.096 288.306
  35 0.8625 215.174 285.144
  36 0.8875 215.944 284.526
  37 0.9125 215.41 304.993
  38 0.9375 216.192 298.072
  39 0.9625 216.002 296.01
  40 0.9875 215.494 293.96
