# Chunk-averaged data for fix temp_profile and group all
# Timestep Number-of-chunks Total-count
# Chunk Coord1 Ncount temp
5000 40 8639.999999999996
  1 0.0125 215.534 270.497
  2 0.0375 215.88 275.054
  3 0.0625 215.738 282.12
  4 0.0875 215.604 283.121
  5 0.1125 216.758 282.903
  6 0.1375 215.986 298.804
  7 0.1625 216.316 289.769
  8 0.1875 216.32 297.208
  9 0.2125 216.712 305.564
  10 0.2375 216.77 295.582
  11 0.2625 215.046 292.8
  12 0.2875 216.444 288.226
  13 0.3125 215.672 303.389
  14 0.3375 216.432 298.225
  15 0.3625 216.496 294.187
  16 0.3875 215.504 295.585
  17 0.4125 216.272 303.726
  18 0.4375 216.278 298.869
  19 0.4625 215.166 306.306
  20 0.4875 215.966 319.408
  21 0.5125 216.49 318.429
  22 0.5375 216.062 327.095
  23 0.5625 215.9 316.348
  24 0.5875 215.786 313.284
  25 0.6125 215.426 306.481
  26 0.6375 215.774 310.544
  27 0.6625 216.368 309.923
  28 0.6875 215.766 303.493
  29 0.7125 216.834 303.375
  30 0.7375 216.088 304.901
  31 0.7625 215.846 306.607
  32 0.7875 215.544 305.122
  33 0.8125 216.232 302.198
  34 0.8375 215.492 307.103
  35 0.8625 215.812 302.486
  36 0.8875 216.064 293.235
  37 0.9125 216.462 304.888
  38 0.9375 215.184 315.467
  39 0.9625 216.48 297.593
  40 0.9875 215.496 287.559
10000 40 8639.999999999998
  1 0.0125 216.25 257.893
  2 0.0375 215.702 265.744
  3 0.0625 215.638 271.683
  4 0.0875 215.622 280.499
  5 0.1125 215.576 284.937
  6 0.1375 215.732 297.101
  7 0.1625 216.104 295.373
  8 0.1875 215.784 294.119
  9 0.2125 216.23 298.566
  10 0.2375 215.928 298.145
  11 0.2625 216.392 289.901
  12 0.2875 215.58 304.248
  13 0.3125 216.974 308.019
  14 0.3375 217.456 303.621
  15 0.3625 215.868 307.597
  16 0.3875 216.954 301.669
  17 0.4125 216.156 307.421
  18 0.4375 216.864 314.39
  19 0.4625 215.664 317.292
  20 0.4875 216.386 326.998
  21 0.5125 215.518 341.501
  22 0.5375 216.766 336.692
  23 0.5625 215.856 318.471
  24 0.5875 216.638 311.879
  25 0.6125 214.702 309.137
  26 0.6375 215.328 298.937
  27 0.6625 215.958 305.259
  28 0.6875 216.188 298.329
  29 0.7125 216.142 297.765
  30 0.7375 216.596 299.762
  31 0.7625 216.542 308.446
  32 0.7875 215.208 309.78
  33 0.8125 216.248 312.598
  34 0.8375 216.69 299.011
  35 0.8625 215.794 299.075
  36 0.8875 214.75 294.297
  37 0.9125 216.132 291.993
  38 0.9375 214.788 296.715
  39 0.9625 216.116 286.717
  40 0.9875 215.18 271.138
15000 40 8640.000000000002
  1 0.0125 216.334 260.25
  2 0.0375 216.104 265.078
  3 0.0625 216.846 274.67
  4 0.0875 216.334 283.352
  5 0.1125 215.178 292.86
  6 0.1375 216.014 298.598
  7 0.1625 216.632 297.18
  8 0.1875 215.072 300.176
  9 0.2125 216.402 299.13
  10 0.2375 215.158 305.955
  11 0.2625 215.744 305.611
  12 0.2875 215.996 306.442
  13 0.3125 216.378 304.415
  14 0.3375 216.304 304.027
  15 0.3625 215.722 305.203
  16 0.3875 217.268 305.633
  17 0.4125 217.26 302.774
  18 0.4375 216.3 318.545
  19 0.4625 215.808 315.062
  20 0.4875 216.22 326.287
  21 0.5125 215.014 331.537
  22 0.5375 215.46 331.682
  23 0.5625 215.656 331.613
  24 0.5875 215.424 322.959
  25 0.6125 215.758 317.466
  26 0.6375 216.278 313.521
  27 0.6625 215.932 305.644
  28 0.6875 215.868 301.183
  29 0.7125 216.736 298.286
  30 0.7375 215.74 299.104
  31 0.7625 216.326 297.877
  32 0.7875 215.312 295.579
  33 0.8125 216.57 300.714
  34 0.8375 214.82 297.759
  35 0.8625 215.788 295.965
  36 0.8875 216.276 291.8
  37 0.9125 215.402 293.827
  38 0.9375 215.7 281.283
  39 0.9625 216.472 271.871
  40 0.9875 216.394 269.03
20000 40 8640
  1 0.0125 217.118 264.662
  2 0.0375 216.116 260.671
  3 0.0625 216.552 266.944
  4 0.0875 216.592 269.342
  5 0.1125 215.644 277.451
  6 0.1375 215.25 296.354
  7 0.1625 215.98 309.871
  8 0.1875 216.5 305.401
  9 0.2125 214.98 296.845
  10 0.2375 215.536 294.89
  11 0.2625 216.738 303.855
  12 0.2875 216.562 309.6
  13 0.3125 216.638 295.442
  14 0.3375 216.77 310.052
  15 0.3625 216.044 311.021
  16 0.3875 216.452 309.801
  17 0.4125 216.122 320.584
  18 0.4375 215.9 318.348
  19 0.4625 215.594 311.337
  20 0.4875 216.816 319.287
  21 0.5125 215.87 342.082
  22 0.5375 214.972 337.756
  23 0.5625 216.654 328.738
  24 0.5875 214.488 312.841
  25 0.6125 216.604 318.075
  26 0.6375 214.562 318.587
  27 0.6625 216.156 315.898
  28 0.6875 215.528 308.403
  29 0.7125 216.404 299.098
  30 0.7375 215.93 299.774
  31 0.7625 215.786 299.58
  32 0.7875 215.708 290.169
  33 0.8125 215.462 286.725
  34 0.8375 215.732 289.419
  35 0.8625 215.046 293.941
  36 0.8875 216.562 287.08
  37 0.9125 216.838 288.499
  38 0.9375 215.804 296.984
  39 0.9625 216.394 278.909
  40 0.9875 215.596 270.795
25000 40 8640.000000000002
  1 0.0125 216.736 256.551
  2 0.0375 215.71 252.787
  3 0.0625 216.96 265.575
  4 0.0875 216.282 289.796
  5 0.1125 216.314 293.565
  6 0.1375 215.12 291.209
  7 0.1625 216.348 291.638
  8 0.1875 216.026 290.994
  9 0.2125 215.812 287.935
  10 0.2375 216.324 281.967
  11 0.2625 214.758 292.133
  12 0.2875 216.126 303.103
  13 0.3125 215.87 298.267
  14 0.3375 216.034 304.817
  15 0.3625 215.482 306.48
  16 0.3875 216.862 303.679
  17 0.4125 214.982 317.364
  18 0.4375 216.22 323.36
  19 0.4625 216.85 310.473
  20 0.4875 215.836 326.476
  21 0.5125 216.156 349.27
  22 0.5375 215.618 346.616
  23 0.5625 216.126 341.9
  24 0.5875 214.852 330.795
  25 0.6125 216.464 320.611
  26 0.6375 216.314 318.277
  27 0.6625 215.516 306.569
  28 0.6875 215.372 310.231
  29 0.7125 215.056 307.565
  30 0.7375 216.314 296.183
  31 0.7625 215.93 291.066
  32 0.7875 215.992 290.484
  33 0.8125 216.854 295.76
  34 0.8375 216.114 290.197
  35 0.8625 216.624 291.981
  36 0.8875 215.724 296.092
  37 0.9125 217.256 292.636
  38 0.9375 216.098 288.497
  39 0.9625 215.828 285.911
  40 0.9875 215.14 277.632
30000 40 8640.000000000002
  1 0.0125 216.566 251.695
  2 0.0375 215.806 252.947
  3 0.0625 215.712 262.22
  4 0.0875 215.826 272.729
  5 0.1125 215.698 279.587
  6 0.1375 215.39 285.759
  7 0.1625 216.608 292.069
  8 0.1875 216.938 285.017
  9 0.2125 216.428 292.755
  10 0.2375 215.7 291.112
  11 0.2625 216.198 291.661
  12 0.2875 216.146 301.523
  13 0.3125 215.844 295.436
  14 0.3375 215.922 304.261
  15 0.3625 216.288 301.489
  16 0.3875 216.408 306.064
  17 0.4125 216.334 322.358
  18 0.4375 216.068 329.145
  19 0.4625 215.072 328.937
  20 0.4875 216.404 332.812
  21 0.5125 215.916 339.84
  22 0.5375 214.964 348.524
  23 0.5625 215.606 344.187
  24 0.5875 215.974 327.802
  25 0.6125 216.416 319.804
  26 0.6375 215.328 319.175
  27 0.6625 215.464 321.108
  28 0.6875 215.766 317.039
  29 0.7125 215.948 316.817
  30 0.7375 215.78 303.961
  31 0.7625 215.506 294.694
  32 0.7875 216.432 297.305
  33 0.8125 216.564 291.341
  34 0.8375 215.986 285.849
  35 0.8625 216.39 285.732
  36 0.8875 216.932 290.087
  37 0.9125 215.782 286.108
  38 0.9375 215.972 285.871
  39 0.9625 216.066 288.619
  40 0.9875 215.852 272.033
35000 40 8640.000000000002
  1 0.0125 216.392 249.326
  2 0.0375 216.318 246.434
  3 0.0625 215.804 258.415
  4 0.0875 216.1 268.264
  5 0.1125 216.456 272.321
  6 0.1375 216.142 287.052
  7 0.1625 216.214 282.908
  8 0.1875 215.36 276.234
  9 0.2125 216.502 291.693
  10 0.2375 216.114 294.504
  11 0.2625 216.822 296.068
  12 0.2875 216.266 297.817
  13 0.3125 215.852 304.924
  14 0.3375 216.056 309.291
  15 0.3625 216.386 312.452
  16 0.3875 215.546 317.912
  17 0.4125 215.564 321.251
  18 0.4375 215.35 330.959
  19 0.4625 214.968 325.313
  20 0.4875 215.83 327.338
  21 0.5125 215.434 345.106
  22 0.5375 215.778 355.218
  23 0.5625 216.302 349.58
  24 0.5875 216.636 333.889
  25 0.6125 215.596 329.359
  26 0.6375 217.076 313.162
  27 0.6625 215.19 306.905
  28 0.6875 216.966 318.478
  29 0.7125 216.072 316.085
  30 0.7375 216.424 307.11
  31 0.7625 215.612 303.566
  32 0.7875 215.55 297.198
  33 0.8125 215.782 291.595
  34 0.8375 215.74 289.848
  35 0.8625 215.976 299.285
  36 0.8875 216.01 286.12
  37 0.9125 216.212 288.497
  38 0.9375 216.138 279.576
  39 0.9625 216.052 269.901
  40 0.9875 215.412 259.54
40000 40 8640
  1 0.0125 215.834 250.198
  2 0.0375 216.226 246.882
  3 0.0625 215.722 262.376
  4 0.0875 216.962 272.9
  5 0.1125 216.708 273.729
  6 0.1375 215.722 269.999
  7 0.1625 217.35 282.844
  8 0.1875 215.624 293.329
  9 0.2125 215.778 289.501
  10 0.2375 216.022 297.257
  11 0.2625 215.352 293.674
  12 0.2875 216.566 303.05
  13 0.3125 216.728 302.367
  14 0.3375 216.138 316.358
  15 0.3625 215.682 308.392
  16 0.3875 216.586 313.924
  17 0.4125 215.804 324.444
  18 0.4375 215.212 323.399
  19 0.4625 214.93 329.092
  20 0.4875 216.868 341.459
  21 0.5125 214.822 354.923
  22 0.5375 216.284 346.41
  23 0.5625 215.72 337.78
  24 0.5875 215.982 337.296
  25 0.6125 216.416 322.231
  26 0.6375 215.754 316.144
  27 0.6625 215.7 314.37
  28 0.6875 215.376 310.384
  29 0.7125 216.758 305.073
  30 0.7375 215.294 302.505
  31 0.7625 216.082 297.102
  32 0.7875 216.516 308.329
  33 0.8125 215.944 299.509
  34 0.8375 215.738 291.948
  35 0.8625 215.956 288.091
  36 0.8875 216.01 291.792
  37 0.9125 215.372 290.79
  38 0.9375 216.162 279.262
  39 0.9625 215.57 267.188
  40 0.9875 216.73 259.47
45000 40 8640
  1 0.0125 215.468 248.282
  2 0.0375 215.82 247.273
  3 0.0625 216.392 259.177
  4 0.0875 216 264.238
  5 0.1125 216.42 273.362
  6 0.1375 216.542 283.649
  7 0.1625 216.602 294.236
  8 0.1875 216.78 296.434
  9 0.2125 216.346 300.717
  10 0.2375 216.32 296.301
  11 0.2625 216.106 297.182
  12 0.2875 216.07 296.248
  13 0.3125 216.734 298.216
  14 0.3375 215.78 310.264
  15 0.3625 215.074 317.23
  16 0.3875 216.582 315.12
  17 0.4125 215.81 324.472
  18 0.4375 215.898 328.392
  19 0.4625 216.256 323.553
  20 0.4875 215.2 336.662
  21 0.5125 215.802 351.698
  22 0.5375 216.056 350.895
  23 0.5625 214.72 341.363
  24 0.5875 216.542 321.858
  25 0.6125 215.688 312.862
  26 0.6375 215.808 310.061
  27 0.6625 215.594 316.87
  28 0.6875 215.288 313.6
  29 0.7125 216.79 316.735
  30 0.7375 215.502 314.013
  31 0.7625 216.11 307.586
  32 0.7875 215.786 300.763
  33 0.8125 215.236 296.859
  34 0.8375 216.066 292.312
  35 0.8625 216.74 294.082
  36 0.8875 216.024 285.633
  37 0.9125 215.616 283.562
  38 0.9375 217.412 269.216
  39 0.9625 215.324 266.194
  40 0.9875 215.696 259.536
50000 40 8640.000000000002
  1 0.0125 215.274 261.645
  2 0.0375 216.346 256.04
  3 0.0625 216.35 260.631
  4 0.0875 216.284 272.182
  5 0.1125 216.736 274.526
  6 0.1375 215.818 281.774
  7 0.1625 216.386 283.182
  8 0.1875 216.192 291.285
  9 0.2125 215.586 288.385
  10 0.2375 215.742 291.074
  11 0.2625 216.774 286.399
  12 0.2875 215.782 293.852
  13 0.3125 216.14 306.586
  14 0.3375 214.996 305.147
  15 0.3625 215.626 304.691
  16 0.3875 215.878 316.212
  17 0.4125 215.792 323.484
  18 0.4375 215.924 322.499
  19 0.4625 216.14 324.032
  20 0.4875 215.398 338.335
  21 0.5125 215.746 356.063
  22 0.5375 215.854 346.121
  23 0.5625 215.716 339.865
  24 0.5875 215.312 319.723
  25 0.6125 215.234 321.323
  26 0.6375 216.278 318.387
  27 0.6625 216.632 317.544
  28 0.6875 216.152 313.996
  29 0.7125 215.122 314.727
  30 0.7375 216.248 311.951
  31 0.7625 216.532 310.612
  32 0.7875 216.02 303.321
  33 0.8125 217.25 302.866
  34 0.8375 215.856 301.936
  35 0.8625 215.742 293.215
  36 0.8875 217.376 278.143
  37 0.9125 215.898 276.73
  38 0.9375 215.272 275.377
  39 0.9625 216.274 266.276
  40 0.9875 216.322 264.471
55000 40 8640.000000000002
  1 0.0125 216.696 257.31
  2 0.0375 215.934 250.551
  3 0.0625 215.784 267.14
  4 0.0875 215.824 269.622
  5 0.1125 216.242 271.772
  6 0.1375 216.068 272.02
  7 0.1625 215.574 274.489
  8 0.1875 216.476 286.013
  9 0.2125 216.47 288.399
  10 0.2375 215.636 285.569
  11 0.2625 216.096 296.266
  12 0.2875 215.836 299.95
  13 0.3125 216.082 300.339
  14 0.3375 215.58 298.231
  15 0.3625 216.026 309.075
  16 0.3875 215.722 312.656
  17 0.4125 215.68 319.936
  18 0.4375 215.322 337.046
  19 0.4625 216.262 340.055
  20 0.4875 215.886 346.908
  21 0.5125 215.656 359.559
  22 0.5375 215.33 361.792
  23 0.5625 215.778 341.13
  24 0.5875 216.014 328.499
  25 0.6125 215.624 321.84
  26 0.6375 216.528 320.77
  27 0.6625 215.01 319.561
  28 0.6875 215.932 301.975
  29 0.7125 215.286 305.697
  30 0.7375 215.898 299.181
  31 0.7625 216.098 296.263
  32 0.7875 216.33 302.486
  33 0.8125 216.308 302.38
  34 0.8375 216.932 290.821
  35 0.8625 216.052 289.166
  36 0.8875 216.406 287.356
  37 0.9125 216.014 283.662
  38 0.9375 217.212 278.698
  39 0.9625 217.144 272.471
  40 0.9875 215.252 268.117
60000 40 8640
  1 0.0125 215.952 254.373
  2 0.0375 216.66 252.901
  3 0.0625 216.214 265.386
  4 0.0875 216.628 275.96
  5 0.1125 215.95 279.872
  6 0.1375 216.32 281.62
  7 0.1625 216.192 283.747
  8 0.1875 215.188 287.421
  9 0.2125 216.554 282.27
  10 0.2375 216.404 281.357
  11 0.2625 216.092 289.428
  12 0.2875 215.636 300.435
  13 0.3125 216.538 298.343
  14 0.3375 215.646 314.308
  15 0.3625 215.982 310.402
  16 0.3875 215.252 315.773
  17 0.4125 216.676 313.213
  18 0.4375 214.862 333.493
  19 0.4625 216.346 339.173
  20 0.4875 216.578 341.244
  21 0.5125 215.756 365.431
  22 0.5375 215.562 375.704
  23 0.5625 216.134 351.875
  24 0.5875 215.474 335.58
  25 0.6125 215.936 327.081
  26 0.6375 215.914 323.221
  27 0.6625 216.632 310.601
  28 0.6875 215.57 301.539
  29 0.7125 215.866 293.497
  30 0.7375 216.17 293.445
  31 0.7625 216.01 293.135
  32 0.7875 215.282 295.57
  33 0.8125 215.584 298.412
  34 0.8375 216.432 296.291
  35 0.8625 215.748 289.29
  36 0.8875 215.984 279.135
  37 0.9125 215.412 272.291
  38 0.9375 215.78 274.402
  39 0.9625 216.578 269.902
  40 0.9875 216.506 267.999
65000 40 8640.000000000002
  1 0.0125 216.066 250.208
  2 0.0375 215.794 252.11
  3 0.0625 216.096 261.159
  4 0.0875 216.512 268.15
  5 0.1125 216.078 281.747
  6 0.1375 217.132 287.341
  7 0.1625 216.616 291.53
  8 0.1875 216.182 287.887
  9 0.2125 215.854 286.642
  10 0.2375 215.898 288.699
  11 0.2625 216.086 289.701
  12 0.2875 215.536 292.679
  13 0.3125 215.6 301.811
  14 0.3375 215.854 303.655
  15 0.3625 215.042 311.449
  16 0.3875 217.276 314.454
  17 0.4125 214.886 338.236
  18 0.4375 216.078 325.165
  19 0.4625 215.964 321.364
  20 0.4875 216.434 338.041
  21 0.5125 215.396 361.96
  22 0.5375 215.764 366.799
  23 0.5625 216.17 353.162
  24 0.5875 216.012 335.182
  25 0.6125 216.424 320.895
  26 0.6375 216.42 313.897
  27 0.6625 215.096 321.463
  28 0.6875 217.004 310.434
  29 0.7125 214.822 299.785
  30 0.7375 216.006 297.35
  31 0.7625 215.826 297.887
  32 0.7875 216.238 299.982
  33 0.8125 216.31 296.225
  34 0.8375 215.692 285.105
  35 0.8625 216.204 286.932
  36 0.8875 215.99 289.784
  37 0.9125 216.484 281.488
  38 0.9375 215.092 271.531
  39 0.9625 216.59 267.065
  40 0.9875 215.476 265.601
70000 40 8639.999999999996
  1 0.0125 216.252 251.503
  2 0.0375 215.584 249.863
  3 0.0625 216.878 264.342
  4 0.0875 215.636 271.879
  5 0.1125 216.272 275.666
  6 0.1375 215.844 269.741
  7 0.1625 216.57 279.853
  8 0.1875 216.528 287.685
  9 0.2125 216.49 285.215
  10 0.2375 215.648 294.253
  11 0.2625 217.588 295.727
  12 0.2875 215.802 295.641
  13 0.3125 215.948 298.892
  14 0.3375 216.598 305.337
  15 0.3625 216.68 318.465
  16 0.3875 215.504 320.565
  17 0.4125 216.296 325.777
  18 0.4375 214.9 325.206
  19 0.4625 214.692 337.707
  20 0.4875 216.582 349.346
  21 0.5125 215.21 370.498
  22 0.5375 216.522 359.227
  23 0.5625 216.36 344.087
  24 0.5875 216.436 331.218
  25 0.6125 215.324 323.667
  26 0.6375 216.172 313.009
  27 0.6625 214.292 309.89
  28 0.6875 215.778 310.08
  29 0.7125 216.148 309.574
  30 0.7375 216.152 305.255
  31 0.7625 215.384 293.341
  32 0.7875 216.4 298.213
  33 0.8125 216.304 300.1
  34 0.8375 216.154 294.089
  35 0.8625 216.146 286.911
  36 0.8875 215.076 280.771
  37 0.9125 215.838 274.162
  38 0.9375 216.568 273.689
  39 0.9625 216.016 271.638
  40 0.9875 215.428 263.012
75000 40 8640
  1 0.0125 215.098 244.45
  2 0.0375 215.898 243.232
  3 0.0625 215.98 267.986
  4 0.0875 216.212 268.668
  5 0.1125 216.36 278.493
  6 0.1375 216.512 280.298
  7 0.1625 215.48 278.909
  8 0.1875 215.734 286.726
  9 0.2125 217.068 282.289
  10 0.2375 215.24 289.768
  11 0.2625 217.298 289.581
  12 0.2875 215.162 295.261
  13 0.3125 216.1 302.336
  14 0.3375 216.438 306.837
  15 0.3625 215.624 307.952
  16 0.3875 215.838 318.528
  17 0.4125 215.916 331.909
  18 0.4375 215.904 329.547
  19 0.4625 215.988 327.29
  20 0.4875 215.53 339.407
  21 0.5125 216.05 349.138
  22 0.5375 215.576 343.003
  23 0.5625 215.444 342.466
  24 0.5875 215.596 337.152
  25 0.6125 216.658 340.965
  26 0.6375 216.03 330.043
  27 0.6625 215.36 321.032
  28 0.6875 216.118 314.433
  29 0.7125 216.664 306.313
  30 0.7375 216.096 293.821
  31 0.7625 215.824 291.622
  32 0.7875 215.762 294.606
  33 0.8125 216.424 294.267
  34 0.8375 216.002 297.926
  35 0.8625 216.08 291.135
  36 0.8875 216.426 291.596
  37 0.9125 216.42 281.404
  38 0.9375 216.652 283.918
  39 0.9625 215.766 276.068
  40 0.9875 215.672 262.828
80000 40 8639.999999999996
  1 0.0125 215.974 248.535
  2 0.0375 216.096 247.215
  3 0.0625 215.896 260.555
  4 0.0875 215.59 262.398
  5 0.1125 215.326 274.428
  6 0.1375 215.568 275.372
  7 0.1625 216.086 277.037
  8 0.1875 216.774 286.389
  9 0.2125 217.234 295.61
  10 0.2375 215.162 299.241
  11 0.2625 216.63 297.589
  12 0.2875 216.134 303.847
  13 0.3125 216.202 305.076
  14 0.3375 215.502 302.012
  15 0.3625 216.05 314.974
  16 0.3875 215.926 321.258
  17 0.4125 215.698 321.217
  18 0.4375 215.568 332.066
  19 0.4625 214.784 329.645
  20 0.4875 217.036 331.616
  21 0.5125 216.034 330.21
  22 0.5375 215.74 332.036
  23 0.5625 215.538 334.446
  24 0.5875 216.866 329.844
  25 0.6125 215.91 333.966
  26 0.6375 215.072 332.787
  27 0.6625 216.41 326.655
  28 0.6875 216.216 319.842
  29 0.7125 215.666 307.408
  30 0.7375 216.7 296.091
  31 0.7625 216.44 298.977
  32 0.7875 215.824 298.992
  33 0.8125 215.596 296.839
  34 0.8375 215.664 298.823
  35 0.8625 216.472 296.054
  36 0.8875 216.396 285.712
  37 0.9125 215.796 281.776
  38 0.9375 216.05 281.043
  39 0.9625 215.818 281.272
  40 0.9875 216.556 267.253
85000 40 8639.999999999998
  1 0.0125 215.402 249.242
  2 0.0375 216.426 251.002
  3 0.0625 216.202 268.304
  4 0.0875 216.42 278.457
  5 0.1125 216.424 274.257
  6 0.1375 216.82 272.902
  7 0.1625 216.39 282.315
  8 0.1875 216.196 292.023
  9 0.2125 216.178 295.149
  10 0.2375 216.29 296.661
  11 0.2625 216.548 298.553
  12 0.2875 215.204 303.668
  13 0.3125 216.234 306.728
  14 0.3375 215.916 309.03
  15 0.3625 216.276 312.175
  16 0.3875 216.026 306.98
  17 0.4125 215.728 315.948
  18 0.4375 215.632 324.22
  19 0.4625 215.598 329.997
  20 0.4875 215.852 349.995
  21 0.5125 216.488 352.299
  22 0.5375 215.406 344.163
  23 0.5625 216.07 338.197
  24 0.5875 215.268 334.262
  25 0.6125 215.306 330.052
  26 0.6375 215.83 317.926
  27 0.6625 215.77 305.536
  28 0.6875 216.122 309.706
  29 0.7125 216.132 306.18
  30 0.7375 215.332 295.321
  31 0.7625 216.628 292.91
  32 0.7875 215.918 303.553
  33 0.8125 216.212 300.802
  34 0.8375 215.796 298.522
  35 0.8625 215.782 286.833
  36 0.8875 215.878 287.495
  37 0.9125 215.842 282.058
  38 0.9375 216.56 276.417
  39 0.9625 215.866 273.297
  40 0.9875 216.032 261.838
90000 40 8640
  1 0.0125 217.056 254.653
  2 0.0375 216.282 252.294
  3 0.0625 215.506 267.865
  4 0.0875 215.636 275.877
  5 0.1125 216.892 270.437
  6 0.1375 215.656 274.987
  7 0.1625 215.622 290.415
  8 0.1875 215.09 287.281
  9 0.2125 216.728 297.36
  10 0.2375 215.824 304.414
  11 0.2625 216.03 298.818
  12 0.2875 217.194 297.519
  13 0.3125 215.368 306.987
  14 0.3375 216.552 307.991
  15 0.3625 216.286 307.031
  16 0.3875 215.326 315.31
  17 0.4125 216.584 313.439
  18 0.4375 215.53 312.806
  19 0.4625 216.028 328.265
  20 0.4875 217.086 341.733
  21 0.5125 215.3 351.045
  22 0.5375 215.682 354.701
  23 0.5625 216.242 334.544
  24 0.5875 216.114 333.339
  25 0.6125 214.694 323.346
  26 0.6375 216.318 316.98
  27 0.6625 215.706 308.876
  28 0.6875 215.594 309.56
  29 0.7125 215.774 303.873
  30 0.7375 216.152 304.678
  31 0.7625 215.16 300.775
  32 0.7875 216.022 290.351
  33 0.8125 215.712 286.843
  34 0.8375 215.664 281.872
  35 0.8625 216.092 286.48
  36 0.8875 216.312 285.821
  37 0.9125 216.998 291.169
  38 0.9375 215.676 286.663
  39 0.9625 215.548 280.927
  40 0.9875 216.964 277.708
95000 40 8640
  1 0.0125 216.576 247.68
  2 0.0375 215.82 249.486
  3 0.0625 215.716 267.768
  4 0.0875 216.904 271.789
  5 0.1125 215.968 274.854
  6 0.1375 216.002 284.941
  7 0.1625 215.336 289.744
  8 0.1875 216.74 296.404
  9 0.2125 215.652 286.937
  10 0.2375 215.572 285.737
  11 0.2625 216.692 294.384
  12 0.2875 215.762 305.553
  13 0.3125 215.79 304.852
  14 0.3375 216.204 308.175
  15 0.3625 215.846 311.009
  16 0.3875 215.888 308.536
  17 0.4125 215.234 313.987
  18 0.4375 216.894 323.893
  19 0.4625 215.922 337.616
  20 0.4875 216.24 352.245
  21 0.5125 215.666 359.211
  22 0.5375 216.174 353.225
  23 0.5625 215.996 329.855
  24 0.5875 215.168 319.539
  25 0.6125 216.05 312.701
  26 0.6375 215.578 307.582
  27 0.6625 215.97 320.443
  28 0.6875 215.404 321.983
  29 0.7125 216.364 307.915
  30 0.7375 216.248 296.52
  31 0.7625 215.156 296.698
  32 0.7875 216.744 293.869
  33 0.8125 216.644 295.965
  34 0.8375 215.762 287.484
  35 0.8625 215.878 296.081
  36 0.8875 215.642 293.871
  37 0.9125 216.698 287.834
  38 0.9375 215.41 279.358
  39 0.9625 216.382 273.52
  40 0.9875 216.308 264.783
100000 40 8640
  1 0.0125 216.466 250.01
  2 0.0375 215.628 240.465
  3 0.0625 216.356 265.125
  4 0.0875 216.912 273.951
  5 0.1125 216.288 276.037
  6 0.1375 215.336 283.235
  7 0.1625 215.822 286.376
  8 0.1875 216.584 292.656
  9 0.2125 215.892 296.101
  10 0.2375 215.84 289.097
  11 0.2625 215.804 296.038
  12 0.2875 215.78 301.906
  13 0.3125 215.484 317.716
  14 0.3375 215.678 316.504
  15 0.3625 215.486 314.746
  16 0.3875 215.696 310.688
  17 0.4125 216.482 314.221
  18 0.4375 215.488 315.63
  19 0.4625 215.568 326.307
  20 0.4875 216.134 338.211
  21 0.5125 217.336 368.389
  22 0.5375 216.078 356.457
  23 0.5625 215.956 350.159
  24 0.5875 216.258 330.648
  25 0.6125 215.438 315.52
  26 0.6375 216.046 316.111
  27 0.6625 216.06 327.325
  28 0.6875 215.312 307.988
  29 0.7125 216.784 311.383
  30 0.7375 216.15 305.436
  31 0.7625 216.63 299.448
  32 0.7875 216.278 297.176
  33 0.8125 216.704 285.615
  34 0.8375 215.506 295.658
  35 0.8625 215.336 294.56
  36 0.8875 215.422 284.013
  37 0.9125 215.924 273.285
  38 0.9375 215.318 266.594
  39 0.9625 216.568 263.566
  40 0.9875 216.172 261.823
105000 40 8640.000000000004
  1 0.0125 216.046 251.878
  2 0.0375 217.488 250.15
  3 0.0625 216.278 254.461
  4 0.0875 216.066 264.861
  5 0.1125 215.302 276.544
  6 0.1375 217.062 283.886
  7 0.1625 215.496 270.997
  8 0.1875 215.824 278.69
  9 0.2125 216.404 294.615
  10 0.2375 216.348 294.369
  11 0.2625 215.714 294.067
  12 0.2875 215.598 300.956
  13 0.3125 216.104 311.875
  14 0.3375 215.848 321.832
  15 0.3625 216.33 314.17
  16 0.3875 215.27 312.997
  17 0.4125 215.472 322.318
  18 0.4375 217.108 327.835
  19 0.4625 216.088 322.793
  20 0.4875 216.024 336.535
  21 0.5125 215.37 356.811
  22 0.5375 216.792 359.23
  23 0.5625 216.11 358.487
  24 0.5875 216.524 337.171
  25 0.6125 215.518 333.195
  26 0.6375 215.376 324.846
  27 0.6625 215.964 314.069
  28 0.6875 216.144 312.871
  29 0.7125 215.372 312.7
  30 0.7375 216.29 305.955
  31 0.7625 215.23 297.577
  32 0.7875 216.326 296.859
  33 0.8125 216.228 287.152
  34 0.8375 216.194 281.364
  35 0.8625 216.41 279.57
  36 0.8875 215.082 289.979
  37 0.9125 215.584 283.675
  38 0.9375 215.904 268.825
  39 0.9625 215.708 266.967
  40 0.9875 216.004 260.237
110000 40 8639.999999999998
  1 0.0125 215.962 252.334
  2 0.0375 215.804 246.415
  3 0.0625 216.208 250.18
  4 0.0875 216.018 268.467
  5 0.1125 215.876 285.233
  6 0.1375 216.186 290.185
  7 0.1625 216.05 291.056
  8 0.1875 216.818 290.034
  9 0.2125 216.14 291.371
  10 0.2375 215.51 297.726
  11 0.2625 216.39 299.882
  12 0.2875 216.206 305.723
  13 0.3125 215.888 300.966
  14 0.3375 216.75 303.504
  15 0.3625 216.324 317.393
  16 0.3875 216.17 307.383
  17 0.4125 216.158 310.195
  18 0.4375 216.09 335.908
  19 0.4625 214.496 328.612
  20 0.4875 216.554 334.39
  21 0.5125 215.702 354.648
  22 0.5375 215.454 362.002
  23 0.5625 215.656 344.832
  24 0.5875 216.5 327.552
  25 0.6125 216.188 324.735
  26 0.6375 216.266 330.02
  27 0.6625 215.918 312.416
  28 0.6875 216.546 305.228
  29 0.7125 215.908 305.516
  30 0.7375 215.324 297.243
  31 0.7625 216.052 294.73
  32 0.7875 216.314 294.429
  33 0.8125 215.356 298.016
  34 0.8375 216.286 289.687
  35 0.8625 215.772 288.398
  36 0.8875 215.384 291.14
  37 0.9125 215.924 281.948
  38 0.9375 215.88 270.49
  39 0.9625 215.734 271.705
  40 0.9875 216.238 264.492
115000 40 8640.000000000002
  1 0.0125 215.798 256.89
  2 0.0375 215.914 252.371
  3 0.0625 216.206 260.152
  4 0.0875 216.35 268.95
  5 0.1125 216.162 276.731
  6 0.1375 215.966 285.106
  7 0.1625 216.494 291.356
  8 0.1875 216.536 284.781
  9 0.2125 216.52 290.793
  10 0.2375 215.312 299.701
  11 0.2625 216.866 306.187
  12 0.2875 215.302 306.821
  13 0.3125 216.556 303.694
  14 0.3375 215.884 302.036
  15 0.3625 216.828 310.988
  16 0.3875 214.586 317.047
  17 0.4125 215.774 317.86
  18 0.4375 216.666 327.533
  19 0.4625 216.256 332.256
  20 0.4875 215.996 342.07
  21 0.5125 216.198 338.962
  22 0.5375 215.286 347.878
  23 0.5625 215.754 336.645
  24 0.5875 216.084 326.865
  25 0.6125 216.164 322.887
  26 0.6375 215.502 331.524
  27 0.6625 215.856 316.484
  28 0.6875 215.862 317.805
  29 0.7125 216.26 311.786
  30 0.7375 216.402 305.979
  31 0.7625 216.604 298.819
  32 0.7875 216.19 295.604
  33 0.8125 215.844 306.3
  34 0.8375 215.868 295.605
  35 0.8625 215.434 278.575
  36 0.8875 215.66 275.466
  37 0.9125 215.594 273.905
  38 0.9375 216.512 269.108
  39 0.9625 215.078 263.101
  40 0.9875 215.876 268.665
120000 40 8640
  1 0.0125 216.282 252.781
  2 0.0375 215.658 256.61
  3 0.0625 216.052 260.825
  4 0.0875 216.408 275.021
  5 0.1125 215.896 284.186
  6 0.1375 215.874 277.962
  7 0.1625 216.552 280.414
  8 0.1875 216.204 281.696
  9 0.2125 216.006 283.076
  10 0.2375 215.424 286.28
  11 0.2625 216.896 293.164
  12 0.2875 215.55 295.007
  13 0.3125 216.21 306.704
  14 0.3375 215.382 315.057
  15 0.3625 216.818 315.926
  16 0.3875 216.058 315.39
  17 0.4125 215.754 307.584
  18 0.4375 216.962 327.186
  19 0.4625 216.636 333.61
  20 0.4875 216.262 348.475
  21 0.5125 217.044 349.396
  22 0.5375 215.508 346.527
  23 0.5625 215.792 328.844
  24 0.5875 216.55 326.931
  25 0.6125 215.382 316.8
  26 0.6375 214.776 326.208
  27 0.6625 215.44 326.66
  28 0.6875 215.896 316.037
  29 0.7125 216.07 301.235
  30 0.7375 215.246 302.563
  31 0.7625 216.554 312.139
  32 0.7875 216.132 309.501
  33 0.8125 215.812 302.741
  34 0.8375 216.21 291.214
  35 0.8625 215.322 281.413
  36 0.8875 216.028 286.626
  37 0.9125 215.024 289.204
  38 0.9375 215.502 280.523
  39 0.9625 216.5 265.215
  40 0.9875 216.328 257.047
125000 40 8640
  1 0.0125 215.104 246.827
  2 0.0375 217.158 249.782
  3 0.0625 215.034 268.384
  4 0.0875 216.416 285.495
  5 0.1125 216.278 280.568
  6 0.1375 215.61 276.502
  7 0.1625 215.204 277.962
  8 0.1875 216.954 284.971
  9 0.2125 215.73 288.482
  10 0.2375 215.204 292.413
  11 0.2625 215.136 291.365
  12 0.2875 215.95 290.296
  13 0.3125 216.758 300.971
  14 0.3375 216.216 295.067
  15 0.3625 215.996 301.647
  16 0.3875 216.68 306.591
  17 0.4125 215.798 314.84
  18 0.4375 215.724 330.598
  19 0.4625 216.372 335.23
  20 0.4875 215.276 342.734
  21 0.5125 216.632 352.551
  22 0.5375 216.552 345.459
  23 0.5625 216.138 336.793
  24 0.5875 215.456 326.237
  25 0.6125 216.4 323.416
  26 0.6375 214.592 326.696
  27 0.6625 216.006 314.425
  28 0.6875 216.55 321.43
  29 0.7125 215.656 310.962
  30 0.7375 215.964 303.848
  31 0.7625 216.432 299.919
  32 0.7875 215.86 307.374
  33 0.8125 217.764 305.374
  34 0.8375 215.502 303.191
  35 0.8625 216.084 298.413
  36 0.8875 215.284 286.735
  37 0.9125 216.708 286.08
  38 0.9375 216.528 277.763
  39 0.9625 215.406 269.132
  40 0.9875 215.888 257.992
130000 40 8640
  1 0.0125 215.832 254.401
  2 0.0375 216.252 253.317
  3 0.0625 215.88 260.323
  4 0.0875 216.118 264.23
  5 0.1125 215.154 270.846
  6 0.1375 216.362 280.142
  7 0.1625 216.09 280.363
  8 0.1875 216.062 283.173
  9 0.2125 215.82 301.245
  10 0.2375 215.776 299.152
  11 0.2625 216.484 297.376
  12 0.2875 215.598 302.492
  13 0.3125 216.806 299.929
  14 0.3375 216.092 286.221
  15 0.3625 215.634 293.458
  16 0.3875 215.572 293.27
  17 0.4125 216.236 315.121
  18 0.4375 216.042 318.621
  19 0.4625 215.786 316.061
  20 0.4875 216.19 338.33
  21 0.5125 216.178 355.576
  22 0.5375 216.162 355.887
  23 0.5625 216.116 340.883
  24 0.5875 215.846 322.913
  25 0.6125 215.794 331.144
  26 0.6375 215.784 327.48
  27 0.6625 215.848 322.781
  28 0.6875 216.096 318.629
  29 0.7125 216.538 310.095
  30 0.7375 215.836 298.299
  31 0.7625 215.498 304.816
  32 0.7875 216.504 304.121
  33 0.8125 215.288 300.064
  34 0.8375 216.284 295.542
  35 0.8625 215.71 298.585
  36 0.8875 216.36 293.095
  37 0.9125 215.608 289.153
  38 0.9375 216.41 291.77
  39 0.9625 216.512 282.41
  40 0.9875 215.842 264.975
135000 40 8640
  1 0.0125 216.006 257.458
  2 0.0375 215.408 257.781
  3 0.0625 217.52 261.218
  4 0.0875 215.868 269.492
  5 0.1125 215.51 267.863
  6 0.1375 216.346 274.95
  7 0.1625 216.568 278.777
  8 0.1875 216.184 280.259
  9 0.2125 216.736 291.171
  10 0.2375 216.056 296.92
  11 0.2625 216.528 296.993
  12 0.2875 215.988 301.43
  13 0.3125 216.098 300.849
  14 0.3375 215.378 308.948
  15 0.3625 216.042 307.873
  16 0.3875 215.628 305.16
  17 0.4125 216.042 313.824
  18 0.4375 215.752 312.163
  19 0.4625 215.626 312.152
  20 0.4875 216.042 331.62
  21 0.5125 216.434 352.572
  22 0.5375 215.44 355.015
  23 0.5625 216.604 333.975
  24 0.5875 216.732 339.746
  25 0.6125 215.82 339.197
  26 0.6375 216.514 327.98
  27 0.6625 215.798 312.367
  28 0.6875 216.166 310.85
  29 0.7125 215.636 301.095
  30 0.7375 215.314 301.056
  31 0.7625 215.582 299.913
  32 0.7875 215.16 301.124
  33 0.8125 215.52 306.71
  34 0.8375 216.102 298.76
  35 0.8625 215.3 303.505
  36 0.8875 216.578 295.872
  37 0.9125 215.79 280.092
  38 0.9375 216.09 278.929
  39 0.9625 216.104 276.32
  40 0.9875 215.99 272.708
140000 40 8640
  1 0.0125 215.846 251.394
  2 0.0375 215.838 250.449
  3 0.0625 216.126 266.558
  4 0.0875 216.462 267.947
  5 0.1125 216.552 271.331
  6 0.1375 215.528 287.288
  7 0.1625 215.99 278.386
  8 0.1875 216.448 278.044
  9 0.2125 216.584 285.897
  10 0.2375 215.284 303.009
  11 0.2625 217.036 295.174
  12 0.2875 216.388 290.406
  13 0.3125 215.844 311.76
  14 0.3375 215.464 309.921
  15 0.3625 216.332 308.401
  16 0.3875 216.132 309.775
  17 0.4125 214.81 314.923
  18 0.4375 215.128 326.971
  19 0.4625 216.82 313.956
  20 0.4875 216.376 325.479
  21 0.5125 215.128 355.223
  22 0.5375 216.552 352.666
  23 0.5625 216.566 333.468
  24 0.5875 216.868 334.363
  25 0.6125 215.598 320.966
  26 0.6375 216.666 323.791
  27 0.6625 215.796 319.625
  28 0.6875 215.638 321.146
  29 0.7125 216.026 309.432
  30 0.7375 215.898 305.616
  31 0.7625 215.694 308.588
  32 0.7875 215.486 308.661
  33 0.8125 215.232 308.234
  34 0.8375 216.866 296.514
  35 0.8625 215.17 294.202
  36 0.8875 216.648 284.21
  37 0.9125 215.36 284.035
  38 0.9375 215.294 278.545
  39 0.9625 216.08 268.007
  40 0.9875 216.446 261.495
145000 40 8640
  1 0.0125 216.114 251.043
  2 0.0375 216.108 250.142
  3 0.0625 215.5 252.026
  4 0.0875 215.554 263.63
  5 0.1125 215.796 271.848
  6 0.1375 215.168 279.078
  7 0.1625 216.482 285.06
  8 0.1875 216.894 283.929
  9 0.2125 215.058 284.816
  10 0.2375 216.034 295.751
  11 0.2625 214.866 303.852
  12 0.2875 216.324 300.377
  13 0.3125 215.778 304.709
  14 0.3375 216.53 299.575
  15 0.3625 215.48 308.028
  16 0.3875 216.856 312.672
  17 0.4125 215.27 313.834
  18 0.4375 216.328 320.325
  19 0.4625 216.81 328.875
  20 0.4875 215.284 341.952
  21 0.5125 216.768 347.215
  22 0.5375 216.256 346.502
  23 0.5625 215.662 343.846
  24 0.5875 216.288 336.056
  25 0.6125 216.002 322.766
  26 0.6375 216.502 323.466
  27 0.6625 216.438 315.328
  28 0.6875 216.35 312.498
  29 0.7125 215.516 306.297
  30 0.7375 215.872 308.594
  31 0.7625 216.112 303.065
  32 0.7875 216.204 301.268
  33 0.8125 214.956 306.819
  34 0.8375 217.382 300.619
  35 0.8625 214.554 296.369
  36 0.8875 216.196 289.898
  37 0.9125 216.526 281.816
  38 0.9375 215.698 283.685
  39 0.9625 216.818 273.772
  40 0.9875 215.666 262.505
150000 40 8639.999999999998
  1 0.0125 215.956 243.596
  2 0.0375 214.784 248.989
  3 0.0625 215.528 257.476
  4 0.0875 216.236 259.236
  5 0.1125 215.14 275.048
  6 0.1375 216.402 282.375
  7 0.1625 216.404 290.043
  8 0.1875 214.756 294.996
  9 0.2125 215.762 292.898
  10 0.2375 215.472 292.778
  11 0.2625 215.176 288.797
  12 0.2875 216.162 289.941
  13 0.3125 216.382 301.574
  14 0.3375 215.962 305.631
  15 0.3625 216.852 307.153
  16 0.3875 215.624 312.283
  17 0.4125 216.996 320.334
  18 0.4375 216.736 314.122
  19 0.4625 216.864 321.469
  20 0.4875 216.268 336.905
  21 0.5125 216.608 356.149
  22 0.5375 215.792 368.269
  23 0.5625 215.486 341.552
  24 0.5875 216.228 326.548
  25 0.6125 216.326 323.784
  26 0.6375 215.858 322.905
  27 0.6625 215.688 315.236
  28 0.6875 216.054 303.54
  29 0.7125 216.476 305.481
  30 0.7375 215.436 306.97
  31 0.7625 216.798 314.879
  32 0.7875 216.022 312.253
  33 0.8125 216.32 307.234
  34 0.8375 216.362 303.343
  35 0.8625 214.96 289.817
  36 0.8875 216.802 289.852
  37 0.9125 215.874 288.178
  38 0.9375 216.162 277.549
  39 0.9625 216.28 268.142
  40 0.9875 215.006 255.527
155000 40 8640.000000000004
  1 0.0125 216.51 251.841
  2 0.0375 215.538 252.116
  3 0.0625 216.188 262.44
  4 0.0875 215.168 270.914
  5 0.1125 216.038 280.135
  6 0.1375 215.35 290.577
  7 0.1625 216.098 292.122
  8 0.1875 215.264 289.119
  9 0.2125 216.366 291.652
  10 0.2375 215.072 291.223
  11 0.2625 216.412 294.574
  12 0.2875 216.13 297.544
  13 0.3125 216.292 303.173
  14 0.3375 215.976 298.004
  15 0.3625 215.568 296.288
  16 0.3875 215.398 301.083
  17 0.4125 215.444 298.102
  18 0.4375 216.61 304.885
  19 0.4625 216.286 324.168
  20 0.4875 215.298 335.754
  21 0.5125 216.814 351.668
  22 0.5375 216.186 362.769
  23 0.5625 215.956 347.097
  24 0.5875 216.618 328.73
  25 0.6125 217.072 330.643
  26 0.6375 215.568 328.012
  27 0.6625 216.176 320.424
  28 0.6875 216.336 310.731
  29 0.7125 216.598 302.264
  30 0.7375 216.046 310.978
  31 0.7625 216.702 316.384
  32 0.7875 215.572 314.978
  33 0.8125 214.834 301.327
  34 0.8375 216.736 292.074
  35 0.8625 215.792 290.268
  36 0.8875 215.664 286.967
  37 0.9125 215.612 286.659
  38 0.9375 217.066 273.735
  39 0.9625 215.67 270.249
  40 0.9875 215.976 262.623
160000 40 8640.000000000002
  1 0.0125 216.638 254.091
  2 0.0375 215.458 249.105
  3 0.0625 216.244 264.324
  4 0.0875 216.126 269.137
  5 0.1125 215.856 278.649
  6 0.1375 215.362 285.134
  7 0.1625 215.678 288.318
  8 0.1875 216.328 290.433
  9 0.2125 216.11 293.704
  10 0.2375 216.876 291.508
  11 0.2625 215.244 299.86
  12 0.2875 215.91 297.355
  13 0.3125 215.966 298.856
  14 0.3375 216.074 289.366
  15 0.3625 216.744 287.279
  16 0.3875 215.132 294.528
  17 0.4125 216.07 300.607
  18 0.4375 215.6 314.103
  19 0.4625 216.314 324.573
  20 0.4875 216.442 333.845
  21 0.5125 216.338 355.387
  22 0.5375 215.952 351.298
  23 0.5625 216.054 332.116
  24 0.5875 215.906 326.87
  25 0.6125 216.424 327.007
  26 0.6375 215.34 323.032
  27 0.6625 215.822 316.98
  28 0.6875 215.308 313.105
  29 0.7125 216.254 310.163
  30 0.7375 216.482 313.969
  31 0.7625 215.786 312.678
  32 0.7875 216.514 306.707
  33 0.8125 215.27 300.234
  34 0.8375 216.398 303.185
  35 0.8625 216.34 293.905
  36 0.8875 215.232 299.095
  37 0.9125 215.624 297.704
  38 0.9375 216.932 287.101
  39 0.9625 216.278 276.001
  40 0.9875 215.574 262.265
165000 40 8639.999999999998
  1 0.0125 215.31 257.718
  2 0.0375 216.324 258.386
  3 0.0625 215.982 264.806
  4 0.0875 215.758 270.404
  5 0.1125 215.476 280.006
  6 0.1375 215.782 278.442
  7 0.1625 216.648 288.286
  8 0.1875 216.096 287.516
  9 0.2125 215.852 289.522
  10 0.2375 216.068 282.132
  11 0.2625 216.232 286.449
  12 0.2875 215.724 292.282
  13 0.3125 216.144 292.728
  14 0.3375 215.008 301.099
  15 0.3625 216.414 303.553
  16 0.3875 215.788 314.069
  17 0.4125 216.442 315.635
  18 0.4375 216.662 318.186
  19 0.4625 215.372 327.936
  20 0.4875 216.184 325.178
  21 0.5125 216.328 347.968
  22 0.5375 215.822 352.254
  23 0.5625 216.04 342.239
  24 0.5875 215.89 332.897
  25 0.6125 215.044 329.315
  26 0.6375 216.034 322.689
  27 0.6625 217.206 318.934
  28 0.6875 215.186 324.484
  29 0.7125 216.894 319.627
  30 0.7375 216.07 315.162
  31 0.7625 216.128 312.227
  32 0.7875 216.35 302.94
  33 0.8125 215.916 295.949
  34 0.8375 216.05 295.702
  35 0.8625 215.954 294.384
  36 0.8875 216.204 284.23
  37 0.9125 216.364 269.032
  38 0.9375 216.246 275.047
  39 0.9625 215.492 277.386
  40 0.9875 215.516 268.018
170000 40 8640.000000000002
  1 0.0125 215.712 256.467
  2 0.0375 214.948 250.852
  3 0.0625 216.978 259.379
  4 0.0875 215.758 273.699
  5 0.1125 215.902 279.501
  6 0.1375 216.442 273.053
  7 0.1625 216.442 277.851
  8 0.1875 215.61 284.065
  9 0.2125 217.044 292.607
  10 0.2375 215.144 295.172
  11 0.2625 215.858 294.089
  12 0.2875 216.888 295.773
  13 0.3125 215.744 300.544
  14 0.3375 215.678 306.179
  15 0.3625 214.95 301.682
  16 0.3875 216.466 312.794
  17 0.4125 215.372 311.502
  18 0.4375 216.406 317.061
  19 0.4625 216.26 328.698
  20 0.4875 216.548 340.662
  21 0.5125 216.36 350.196
  22 0.5375 216.126 351.239
  23 0.5625 215.704 349.829
  24 0.5875 215.876 340.142
  25 0.6125 216.366 337.403
  26 0.6375 215.702 324.031
  27 0.6625 217.074 315.483
  28 0.6875 215.53 317.438
  29 0.7125 216.144 319.191
  30 0.7375 216.278 304.624
  31 0.7625 215.158 306.088
  32 0.7875 215.456 299.356
  33 0.8125 216.182 293.844
  34 0.8375 216.268 289.283
  35 0.8625 215.742 288.813
  36 0.8875 215.75 282.789
  37 0.9125 215.57 271.49
  38 0.9375 216.672 279.132
  39 0.9625 215.852 274.568
  40 0.9875 216.04 265.678
175000 40 8640
  1 0.0125 216.344 249.126
  2 0.0375 217.128 243.056
  3 0.0625 215.812 254.131
  4 0.0875 216.048 268.644
  5 0.1125 216.32 277.323
  6 0.1375 216.114 272.216
  7 0.1625 216.24 283.682
  8 0.1875 215.516 286.532
  9 0.2125 215.942 288.121
  10 0.2375 216.266 291.292
  11 0.2625 215.776 301.64
  12 0.2875 216.078 303.701
  13 0.3125 215.7 300.74
  14 0.3375 215.638 302.18
  15 0.3625 215.438 306.241
  16 0.3875 215.634 309.661
  17 0.4125 215.92 305.075
  18 0.4375 216.132 314.828
  19 0.4625 216.102 326.252
  20 0.4875 216.294 345.9
  21 0.5125 216.382 355.375
  22 0.5375 214.888 343.329
  23 0.5625 215.902 350.741
  24 0.5875 216.318 343.348
  25 0.6125 216.9 338.493
  26 0.6375 215.826 323.833
  27 0.6625 215.75 309.562
  28 0.6875 216.698 315.873
  29 0.7125 215.33 311.871
  30 0.7375 216.456 300.336
  31 0.7625 214.756 302.259
  32 0.7875 217.29 285.561
  33 0.8125 215.54 290.914
  34 0.8375 214.542 298.119
  35 0.8625 216.38 297.127
  36 0.8875 216.018 288.426
  37 0.9125 215.924 286.323
  38 0.9375 216.32 287.489
  39 0.9625 216.304 282.228
  40 0.9875 216.034 272.408
180000 40 8640
  1 0.0125 216.348 252.835
  2 0.0375 216.118 252.063
  3 0.0625 216.002 266.996
  4 0.0875 216.93 274.193
  5 0.1125 216.326 279.686
  6 0.1375 215.884 286.385
  7 0.1625 216.662 288.026
  8 0.1875 214.55 280.269
  9 0.2125 217.062 284.078
  10 0.2375 215.078 291.72
  11 0.2625 216.166 287.867
  12 0.2875 216.308 296.49
  13 0.3125 215.46 302.31
  14 0.3375 216.112 292.138
  15 0.3625 216.472 299.63
  16 0.3875 215.938 313.79
  17 0.4125 216.006 321.953
  18 0.4375 215.924 331.517
  19 0.4625 215.94 333.674
  20 0.4875 216.046 344.487
  21 0.5125 215.4 358.99
  22 0.5375 216.902 350.68
  23 0.5625 216.326 333.199
  24 0.5875 215.406 320.91
  25 0.6125 215.746 317.003
  26 0.6375 215.46 312.976
  27 0.6625 215.784 308.853
  28 0.6875 215.972 317.659
  29 0.7125 215.692 312.447
  30 0.7375 215.712 302.661
  31 0.7625 216.098 306.68
  32 0.7875 215.798 300.267
  33 0.8125 215.298 291.188
  34 0.8375 215.816 290.488
  35 0.8625 216.35 298.585
  36 0.8875 216.756 296.494
  37 0.9125 216.636 284.037
  38 0.9375 214.974 291.122
  39 0.9625 216.844 276.452
  40 0.9875 215.698 261.396
185000 40 8640.000000000002
  1 0.0125 216.322 265.394
  2 0.0375 216.546 262.943
  3 0.0625 215.624 281.253
  4 0.0875 216.588 282.458
  5 0.1125 215.98 281.937
  6 0.1375 216.402 279.729
  7 0.1625 216.118 281.997
  8 0.1875 216.168 287.154
  9 0.2125 216.656 293.118
  10 0.2375 215.022 283.296
  11 0.2625 216.378 288.281
  12 0.2875 215.728 300.988
  13 0.3125 216.278 302.668
  14 0.3375 215.972 300.618
  15 0.3625 216.256 302.375
  16 0.3875 215.866 321.043
  17 0.4125 216.126 329.579
  18 0.4375 215.766 326.458
  19 0.4625 216.984 325.558
  20 0.4875 216 334.219
  21 0.5125 216.59 348.32
  22 0.5375 216.212 343.029
  23 0.5625 215.508 334.945
  24 0.5875 215.706 334.71
  25 0.6125 216.428 329.542
  26 0.6375 215.682 313.537
  27 0.6625 215.674 314.444
  28 0.6875 215.74 311.169
  29 0.7125 215.916 307.583
  30 0.7375 215.676 296.731
  31 0.7625 215.866 294.545
  32 0.7875 214.578 296.996
  33 0.8125 216.228 290.564
  34 0.8375 215.97 292.171
  35 0.8625 216.294 294.214
  36 0.8875 215.322 284.595
  37 0.9125 215.674 278.448
  38 0.9375 216.698 277.194
  39 0.9625 216.088 269.876
  40 0.9875 215.37 270.642
190000 40 8639.999999999998
  1 0.0125 215.426 266.478
  2 0.0375 215.304 268.842
  3 0.0625 215.726 273.579
  4 0.0875 216.842 278.042
  5 0.1125 216.57 281.373
  6 0.1375 215.622 281.664
  7 0.1625 217.062 279.806
  8 0.1875 215.888 283.994
  9 0.2125 217.11 289.422
  10 0.2375 215.936 286.924
  11 0.2625 216.776 285.396
  12 0.2875 215.728 299.2
  13 0.3125 216.652 301.8
  14 0.3375 216.118 311.917
  15 0.3625 217.584 314.464
  16 0.3875 216.42 325.767
  17 0.4125 216.736 326.01
  18 0.4375 215.29 314.204
  19 0.4625 216.206 320.724
  20 0.4875 216.686 338.474
  21 0.5125 215.384 341.087
  22 0.5375 216.414 343.496
  23 0.5625 215.892 341.011
  24 0.5875 215.478 326.676
  25 0.6125 215.894 321.269
  26 0.6375 215.11 318.049
  27 0.6625 214.914 305.162
  28 0.6875 215.564 303.052
  29 0.7125 215.854 313.992
  30 0.7375 215.53 309.52
  31 0.7625 215.048 307.311
  32 0.7875 215.666 298.511
  33 0.8125 215.57 286.761
  34 0.8375 215.852 289.824
  35 0.8625 216.128 295.743
  36 0.8875 215.712 287.425
  37 0.9125 215.802 278.617
  38 0.9375 216.142 279.204
  39 0.9625 216.192 270.585
  40 0.9875 216.172 268.715
195000 40 8640.000000000002
  1 0.0125 215.482 268.411
  2 0.0375 216.424 256.229
  3 0.0625 216.32 269.4
  4 0.0875 215.182 274.845
  5 0.1125 216.428 279.862
  6 0.1375 216.208 283.812
  7 0.1625 216.536 284.818
  8 0.1875 216.92 294.418
  9 0.2125 215.518 288.836
  10 0.2375 215.746 289.848
  11 0.2625 215.82 298.316
  12 0.2875 216.306 293.213
  13 0.3125 217.146 303.836
  14 0.3375 215.618 299.442
  15 0.3625 216.588 303.156
  16 0.3875 216.432 310.443
  17 0.4125 216.974 313.543
  18 0.4375 215.016 314.575
  19 0.4625 215.886 316.958
  20 0.4875 215.928 336.551
  21 0.5125 216.024 347.854
  22 0.5375 215.826 351.851
  23 0.5625 215.92 344.926
  24 0.5875 215.494 329.268
  25 0.6125 215.426 314.59
  26 0.6375 216.032 315.846
  27 0.6625 214.848 311.436
  28 0.6875 217.184 305.952
  29 0.7125 215.742 309.384
  30 0.7375 215.78 306.454
  31 0.7625 216.09 306.654
  32 0.7875 215.218 302.348
  33 0.8125 216.25 302.144
  34 0.8375 215.762 301.392
  35 0.8625 216.192 295.078
  36 0.8875 216.572 289.5
  37 0.9125 216.694 283.743
  38 0.9375 215.348 270.732
  39 0.9625 215.844 271.382
  40 0.9875 215.276 275.451
200000 40 8639.999999999998
  1 0.0125 216.384 254.446
  2 0.0375 215.93 252.12
  3 0.0625 215.944 255.402
  4 0.0875 214.996 269.479
  5 0.1125 216.098 272.369
  6 0.1375 214.976 290.146
  7 0.1625 216.3 298.138
  8 0.1875 215.876 289.219
  9 0.2125 216.286 291.783
  10 0.2375 216.004 301.329
  11 0.2625 216.976 303.654
  12 0.2875 215.928 291.644
  13 0.3125 216.508 297.364
  14 0.3375 215.828 302.182
  15 0.3625 217.418 304.222
  16 0.3875 215.818 316.421
  17 0.4125 215.044 317.927
  18 0.4375 216.182 330.038
  19 0.4625 215.668 339.073
  20 0.4875 215.426 340.955
  21 0.5125 217.11 351.375
  22 0.5375 215.71 348.925
  23 0.5625 216.584 339.22
  24 0.5875 215.886 327.573
  25 0.6125 215.88 323.236
  26 0.6375 215.998 317.405
  27 0.6625 215.518 302.665
  28 0.6875 216.87 296.98
  29 0.7125 215.354 296.213
  30 0.7375 216.726 304.778
  31 0.7625 216.102 299.506
  32 0.7875 215.924 291.481
  33 0.8125 215.876 293.599
  34 0.8375 215.61 295.089
  35 0.8625 216.162 306.379
  36 0.8875 216.066 299.702
  37 0.9125 216.45 289.853
  38 0.9375 215.454 276.179
  39 0.9625 215.786 273.486
  40 0.9875 215.344 262.304
205000 40 8640
  1 0.0125 215.896 257.318
  2 0.0375 216.19 257.742
  3 0.0625 216.45 266.259
  4 0.0875 215.214 266.627
  5 0.1125 215.414 275.101
  6 0.1375 216.502 275.861
  7 0.1625 216.222 282.51
  8 0.1875 215.5 291.932
  9 0.2125 216.536 302.977
  10 0.2375 216.432 313.757
  11 0.2625 215.47 305.212
  12 0.2875 216.508 301.907
  13 0.3125 215.776 298.556
  14 0.3375 215.92 305.871
  15 0.3625 216.48 312.726
  16 0.3875 216.06 318.264
  17 0.4125 216.554 323.159
  18 0.4375 216.596 340.691
  19 0.4625 215.218 328.854
  20 0.4875 215.246 325.03
  21 0.5125 216.218 345.48
  22 0.5375 215.886 346.049
  23 0.5625 216.26 338.307
  24 0.5875 215.618 333.316
  25 0.6125 216.048 312.75
  26 0.6375 216.054 308.372
  27 0.6625 215.568 304.756
  28 0.6875 215.568 305.15
  29 0.7125 216.442 305.392
  30 0.7375 216.666 309.332
  31 0.7625 215.602 300.243
  32 0.7875 215.564 295.782
  33 0.8125 215.8 289.144
  34 0.8375 216.34 289.615
  35 0.8625 216.344 286.892
  36 0.8875 215.842 290.7
  37 0.9125 216.412 282.044
  38 0.9375 215.016 281.131
  39 0.9625 216.304 276.648
  40 0.9875 216.264 261.751
210000 40 8640
  1 0.0125 215.582 254.504
  2 0.0375 217.078 250.979
  3 0.0625 215.184 264.549
  4 0.0875 216.136 276.545
  5 0.1125 215.602 283.493
  6 0.1375 216.598 284.061
  7 0.1625 215.966 289.642
  8 0.1875 215.56 296.907
  9 0.2125 216.59 301.185
  10 0.2375 214.882 298.864
  11 0.2625 216.768 295.523
  12 0.2875 214.85 297.369
  13 0.3125 215.266 294.823
  14 0.3375 216.298 308.261
  15 0.3625 215.362 321.382
  16 0.3875 216.258 321.947
  17 0.4125 215.176 328.572
  18 0.4375 217.614 321.015
  19 0.4625 215.468 329.273
  20 0.4875 215.378 333.9
  21 0.5125 215.96 342.048
  22 0.5375 216.368 343.587
  23 0.5625 216.092 330.822
  24 0.5875 216.216 331.253
  25 0.6125 215.564 329.637
  26 0.6375 216.792 318.506
  27 0.6625 216.522 297.763
  28 0.6875 216.51 294.426
  29 0.7125 215.992 297.198
  30 0.7375 216.592 297.244
  31 0.7625 215.574 298.245
  32 0.7875 216.43 291.301
  33 0.8125 215.85 291.806
  34 0.8375 215.97 303.048
  35 0.8625 216.17 292.253
  36 0.8875 215.918 287.829
  37 0.9125 215.204 291.396
  38 0.9375 216.506 280.091
  39 0.9625 216.816 279.063
  40 0.9875 215.338 266.178
215000 40 8639.999999999998
  1 0.0125 216.302 260.882
  2 0.0375 215.54 257.979
  3 0.0625 216.864 261.154
  4 0.0875 215.922 273.954
  5 0.1125 215.986 275.371
  6 0.1375 216.374 285.157
  7 0.1625 214.386 291.712
  8 0.1875 216.338 299.197
  9 0.2125 215.62 298.942
  10 0.2375 216.67 297.404
  11 0.2625 214.726 297.978
  12 0.2875 215.86 306.696
  13 0.3125 215.252 301.228
  14 0.3375 216.144 307.54
  15 0.3625 215.48 310.716
  16 0.3875 216.158 321.205
  17 0.4125 214.852 325.607
  18 0.4375 215.966 317.088
  19 0.4625 215.92 315.339
  20 0.4875 216.702 324.993
  21 0.5125 216.308 337.023
  22 0.5375 216.734 352.234
  23 0.5625 216.054 340.395
  24 0.5875 215.838 332.367
  25 0.6125 216.506 320.544
  26 0.6375 215.574 313.753
  27 0.6625 216.512 299.496
  28 0.6875 216.086 303.799
  29 0.7125 216.588 304.105
  30 0.7375 215.612 302.666
  31 0.7625 215.292 302.445
  32 0.7875 215.742 301.951
  33 0.8125 216.786 288.482
  34 0.8375 215.308 287.738
  35 0.8625 216.73 295.501
  36 0.8875 217.032 288.245
  37 0.9125 216.07 287.82
  38 0.9375 215.6 282.672
  39 0.9625 216.202 276.184
  40 0.9875 216.364 267.098
220000 40 8640.000000000002
  1 0.0125 215.638 252.571
  2 0.0375 215.44 248.266
  3 0.0625 216.06 260.1
  4 0.0875 216.298 267.308
  5 0.1125 215.79 273.433
  6 0.1375 216.27 287.424
  7 0.1625 215.666 295.344
  8 0.1875 215.096 300.135
  9 0.2125 215.994 293.568
  10 0.2375 215.526 305.635
  11 0.2625 216.056 302.748
  12 0.2875 215.422 303.383
  13 0.3125 215.292 305.051
  14 0.3375 216.376 305.954
  15 0.3625 215.686 301.001
  16 0.3875 216.298 305.4
  17 0.4125 215.174 309.934
  18 0.4375 215.602 323.007
  19 0.4625 215.852 335.759
  20 0.4875 215.922 336.949
  21 0.5125 215.546 346.353
  22 0.5375 215.68 349.078
  23 0.5625 216.982 341.245
  24 0.5875 216.106 339.184
  25 0.6125 216.118 326.664
  26 0.6375 216.51 313.415
  27 0.6625 215.91 305.655
  28 0.6875 216.322 302.249
  29 0.7125 216.382 303.715
  30 0.7375 215.698 312.921
  31 0.7625 216.532 311.904
  32 0.7875 216.212 298.505
  33 0.8125 215.85 286.902
  34 0.8375 216.108 284.889
  35 0.8625 215.616 289.519
  36 0.8875 215.714 281.857
  37 0.9125 216.1 285.129
  38 0.9375 217.55 288.352
  39 0.9625 216.486 272.299
  40 0.9875 217.12 261.923
225000 40 8639.999999999998
  1 0.0125 216.358 257.171
  2 0.0375 216.25 249.019
  3 0.0625 216.09 263.316
  4 0.0875 215.168 267.836
  5 0.1125 216.92 277.625
  6 0.1375 215.61 285.152
  7 0.1625 216.12 292.04
  8 0.1875 215.452 298.18
  9 0.2125 215.756 291.976
  10 0.2375 214.958 303.579
  11 0.2625 216.154 308.707
  12 0.2875 216.276 310.462
  13 0.3125 216.036 301.954
  14 0.3375 215.346 306.274
  15 0.3625 215.688 300.355
  16 0.3875 215.642 310.28
  17 0.4125 215.878 312.603
  18 0.4375 215.348 320.708
  19 0.4625 216.888 328.9
  20 0.4875 215.69 339.113
  21 0.5125 215.658 354.056
  22 0.5375 215.514 350.553
  23 0.5625 215.916 343.742
  24 0.5875 215.87 331.907
  25 0.6125 216.15 322.708
  26 0.6375 215.584 320.715
  27 0.6625 216.902 310.944
  28 0.6875 217.012 308.793
  29 0.7125 214.936 309.862
  30 0.7375 216.53 305.761
  31 0.7625 216.13 303.7
  32 0.7875 216.346 291.396
  33 0.8125 215.616 288.404
  34 0.8375 216.714 290.436
  35 0.8625 215.584 282.275
  36 0.8875 216.59 281.1
  37 0.9125 216.29 278.805
  38 0.9375 215.864 276.56
  39 0.9625 217.13 266.532
  40 0.9875 216.036 271.804
230000 40 8639.999999999998
  1 0.0125 215.754 258.106
  2 0.0375 216.336 261.148
  3 0.0625 216.014 263.413
  4 0.0875 216.264 266.323
  5 0.1125 216.704 269.615
  6 0.1375 216.816 283.12
  7 0.1625 215.098 289.87
  8 0.1875 215.408 299.074
  9 0.2125 215.824 294.291
  10 0.2375 215.592 295.58
  11 0.2625 216.446 302.06
  12 0.2875 215.528 300.278
  13 0.3125 216.58 298.99
  14 0.3375 216.566 298.133
  15 0.3625 215.854 307.809
  16 0.3875 216.386 314.432
  17 0.4125 215.82 322.501
  18 0.4375 216.796 336.122
  19 0.4625 215.404 336.777
  20 0.4875 215.534 338.665
  21 0.5125 215.346 352.468
  22 0.5375 216.39 353.287
  23 0.5625 215.228 346.781
  24 0.5875 215.318 330.623
  25 0.6125 216.496 314.11
  26 0.6375 215.59 316.858
  27 0.6625 215.814 311.184
  28 0.6875 216.138 311.036
  29 0.7125 216.54 307.873
  30 0.7375 215.044 310.422
  31 0.7625 216.634 309.928
  32 0.7875 216.582 294.817
  33 0.8125 216.152 286.126
  34 0.8375 215.98 292.288
  35 0.8625 216.144 287.759
  36 0.8875 215.214 276.4
  37 0.9125 215.716 270.425
  38 0.9375 216.372 270.857
  39 0.9625 216.252 266.261
  40 0.9875 216.326 269.246
235000 40 8640
  1 0.0125 215.808 258.991
  2 0.0375 216.824 256.178
  3 0.0625 216.092 265.975
  4 0.0875 216.802 269.927
  5 0.1125 216.608 280.793
  6 0.1375 216.094 291.18
  7 0.1625 215.856 285.181
  8 0.1875 215.258 290.09
  9 0.2125 216.462 285.079
  10 0.2375 215.016 288.333
  11 0.2625 216.384 301.896
  12 0.2875 216.018 303.802
  13 0.3125 216.26 299.592
  14 0.3375 216.086 302.493
  15 0.3625 215.906 305.713
  16 0.3875 216.984 316.285
  17 0.4125 215.448 322.584
  18 0.4375 215.918 325.19
  19 0.4625 215.662 339.372
  20 0.4875 215.752 342.381
  21 0.5125 216.3 353.776
  22 0.5375 215.976 352.584
  23 0.5625 215.958 343.946
  24 0.5875 215.084 339.009
  25 0.6125 215.474 330.135
  26 0.6375 216.15 316.825
  27 0.6625 215.79 302.867
  28 0.6875 216.19 306.134
  29 0.7125 216.004 304.807
  30 0.7375 215.304 303.813
  31 0.7625 216.57 303.297
  32 0.7875 216.108 299.829
  33 0.8125 215.232 286.666
  34 0.8375 216.438 289.13
  35 0.8625 216.426 284.405
  36 0.8875 215.508 281.467
  37 0.9125 216.132 284.014
  38 0.9375 216.588 271.912
  39 0.9625 215.982 266.454
  40 0.9875 215.548 262.289
240000 40 8640
  1 0.0125 216.102 244.85
  2 0.0375 216.568 255.122
  3 0.0625 215.898 269.811
  4 0.0875 216.404 269.269
  5 0.1125 215.758 274.077
  6 0.1375 216.584 275.772
  7 0.1625 215.602 288.79
  8 0.1875 216.154 294.48
  9 0.2125 216.028 288.502
  10 0.2375 215.708 281.225
  11 0.2625 216.114 284.501
  12 0.2875 215.476 303.63
  13 0.3125 215.806 305.505
  14 0.3375 216.262 315.293
  15 0.3625 215.912 312.261
  16 0.3875 215.89 318.771
  17 0.4125 216.236 318.483
  18 0.4375 216.58 320.68
  19 0.4625 216.182 330.666
  20 0.4875 216.458 340.467
  21 0.5125 214.67 353.423
  22 0.5375 215.356 358.733
  23 0.5625 215.898 346.69
  24 0.5875 215.988 338.719
  25 0.6125 215.78 317.503
  26 0.6375 215.804 314.578
  27 0.6625 215.816 312.196
  28 0.6875 216.33 304.884
  29 0.7125 215.928 303.08
  30 0.7375 216.498 307.182
  31 0.7625 215.54 308.129
  32 0.7875 215.272 309.967
  33 0.8125 216.702 297.736
  34 0.8375 215.962 296.809
  35 0.8625 216.404 297.861
  36 0.8875 215.388 289.569
  37 0.9125 216.768 272.976
  38 0.9375 215.842 265.678
  39 0.9625 216.564 265.296
  40 0.9875 215.768 262.213
245000 40 8640
  1 0.0125 216.248 250.455
  2 0.0375 216.304 252.871
  3 0.0625 216.686 263.3
  4 0.0875 216.468 276.662
  5 0.1125 216.154 284.206
  6 0.1375 216.566 277.687
  7 0.1625 215.808 275.702
  8 0.1875 216.052 290.09
  9 0.2125 215.418 289.359
  10 0.2375 216.978 297.794
  11 0.2625 215.424 297.909
  12 0.2875 216.336 295.788
  13 0.3125 215.892 303.626
  14 0.3375 216.282 313.845
  15 0.3625 214.946 315.721
  16 0.3875 216.606 310.02
  17 0.4125 215.64 320.143
  18 0.4375 215.832 321.013
  19 0.4625 216.408 325.359
  20 0.4875 215.566 340.78
  21 0.5125 215.682 353.196
  22 0.5375 216.074 362.704
  23 0.5625 216.314 353.686
  24 0.5875 215.968 338.185
  25 0.6125 216.194 329.335
  26 0.6375 215.396 321.446
  27 0.6625 217.016 310.111
  28 0.6875 215.162 313.695
  29 0.7125 216.018 305.792
  30 0.7375 216.276 300.818
  31 0.7625 215.868 296.797
  32 0.7875 216.228 294.958
  33 0.8125 215.198 301.626
  34 0.8375 215.234 297.504
  35 0.8625 215.826 295.069
  36 0.8875 215.898 283.316
  37 0.9125 215.3 264.567
  38 0.9375 217.448 265.056
  39 0.9625 215.448 267.312
  40 0.9875 215.838 258.16
250000 40 8639.999999999998
  1 0.0125 216.228 249.929
  2 0.0375 217.07 238.248
  3 0.0625 216.548 258.219
  4 0.0875 216.676 268.477
  5 0.1125 216.33 274.466
  6 0.1375 216.64 277.952
  7 0.1625 215.956 289.241
  8 0.1875 216.256 287.737
  9 0.2125 215.54 288.331
  10 0.2375 216.696 293.046
  11 0.2625 216.01 304.03
  12 0.2875 214.954 309.116
  13 0.3125 216.598 299.409
  14 0.3375 215.08 305.428
  15 0.3625 216.302 304.196
  16 0.3875 215.968 319.363
  17 0.4125 215.574 315.094
  18 0.4375 215.934 315.003
  19 0.4625 216.13 336.161
  20 0.4875 216.386 348.823
  21 0.5125 216.282 360.634
  22 0.5375 215.854 371.698
  23 0.5625 216.592 342.72
  24 0.5875 215.646 332.957
  25 0.6125 216.284 327.35
  26 0.6375 215.594 324.441
  27 0.6625 214.672 317.826
  28 0.6875 215.014 309.406
  29 0.7125 216.538 304.549
  30 0.7375 216.418 302.053
  31 0.7625 215.968 301.618
  32 0.7875 215.782 298.798
  33 0.8125 215.638 303.099
  34 0.8375 215.69 294.702
  35 0.8625 214.938 290.345
  36 0.8875 216.15 282.959
  37 0.9125 215.656 275.486
  38 0.9375 216.23 269.625
  39 0.9625 216.914 260.845
  40 0.9875 215.264 259.177
255000 40 8640.000000000002
  1 0.0125 217.412 245.561
  2 0.0375 216.1 251.182
  3 0.0625 216.848 263.445
  4 0.0875 216.154 265.011
  5 0.1125 216.256 263.85
  6 0.1375 216.512 274.107
  7 0.1625 215.054 282.687
  8 0.1875 216.352 289.47
  9 0.2125 215.602 290.116
  10 0.2375 216.446 302.589
  11 0.2625 215.448 301.474
  12 0.2875 216.108 301.591
  13 0.3125 215.844 302.647
  14 0.3375 216.052 307.96
  15 0.3625 215.67 310.746
  16 0.3875 214.842 314.897
  17 0.4125 217.074 316.893
  18 0.4375 215.922 319.491
  19 0.4625 215.28 342.007
  20 0.4875 216.67 354.777
  21 0.5125 215.284 368.796
  22 0.5375 215.67 346.373
  23 0.5625 216.286 335.59
  24 0.5875 216.1 331.218
  25 0.6125 216.196 334.853
  26 0.6375 216.454 328.15
  27 0.6625 215.508 320.104
  28 0.6875 215.982 308.979
  29 0.7125 215.636 302.288
  30 0.7375 215.93 302.489
  31 0.7625 215.058 300.714
  32 0.7875 216.526 296.137
  33 0.8125 215.922 292.251
  34 0.8375 216.478 292.156
  35 0.8625 215.002 284.311
  36 0.8875 216.072 287.952
  37 0.9125 216.722 284.273
  38 0.9375 215.57 276.134
  39 0.9625 216.492 264.681
  40 0.9875 215.466 255.781
260000 40 8639.999999999998
  1 0.0125 216.12 246.953
  2 0.0375 216.494 252.627
  3 0.0625 215.822 255.155
  4 0.0875 216.356 264.685
  5 0.1125 215.098 271.352
  6 0.1375 216.388 273.631
  7 0.1625 214.53 281.529
  8 0.1875 215.806 294.004
  9 0.2125 216.94 291.787
  10 0.2375 215.826 290.064
  11 0.2625 217.226 294.961
  12 0.2875 216.296 312.155
  13 0.3125 216.712 312.636
  14 0.3375 215.872 306.359
  15 0.3625 216.154 314.665
  16 0.3875 214.88 328.884
  17 0.4125 216.274 315.784
  18 0.4375 216.22 325.597
  19 0.4625 216.248 339.617
  20 0.4875 215.564 351.491
  21 0.5125 216.21 361.64
  22 0.5375 215.646 348.313
  23 0.5625 215.478 341.7
  24 0.5875 215.87 334.241
  25 0.6125 216.022 321.419
  26 0.6375 216.076 318.559
  27 0.6625 215.468 311.94
  28 0.6875 215.334 311.38
  29 0.7125 216.172 302.522
  30 0.7375 216.114 293.716
  31 0.7625 214.756 295.161
  32 0.7875 216.426 294.155
  33 0.8125 216.266 295.37
  34 0.8375 215.518 289.661
  35 0.8625 216.402 284.304
  36 0.8875 216.242 286.889
  37 0.9125 216.288 284.351
  38 0.9375 217.108 283.532
  39 0.9625 216.3 273.975
  40 0.9875 215.478 257.419
265000 40 8639.999999999998
  1 0.0125 215.7 251.814
  2 0.0375 215.614 255.836
  3 0.0625 216.652 261.414
  4 0.0875 216.144 266.329
  5 0.1125 215.914 260.492
  6 0.1375 215.876 276.217
  7 0.1625 216.29 279.477
  8 0.1875 216.296 284.687
  9 0.2125 216.314 284.488
  10 0.2375 215.842 288.327
  11 0.2625 216.584 305.639
  12 0.2875 215.642 304.866
  13 0.3125 216.032 308.104
  14 0.3375 215.264 308.814
  15 0.3625 216.212 315.18
  16 0.3875 215.898 325.265
  17 0.4125 215.604 326.039
  18 0.4375 215.656 334.255
  19 0.4625 215.766 341.306
  20 0.4875 216.734 339.827
  21 0.5125 215.53 356.925
  22 0.5375 216.116 356.72
  23 0.5625 216.294 345.42
  24 0.5875 215.726 328.341
  25 0.6125 215.966 328.602
  26 0.6375 216.136 323.791
  27 0.6625 215.708 303.733
  28 0.6875 215.86 306.34
  29 0.7125 216.042 302.318
  30 0.7375 215.52 299.546
  31 0.7625 215.932 299.205
  32 0.7875 215.986 307.181
  33 0.8125 216.678 298.407
  34 0.8375 216.142 296.064
  35 0.8625 216.868 278.507
  36 0.8875 215.792 276.639
  37 0.9125 215.692 277.299
  38 0.9375 216.188 276.431
  39 0.9625 216.33 272.988
  40 0.9875 215.46 261.593
270000 40 8639.999999999998
  1 0.0125 215.728 258.108
  2 0.0375 214.97 248.995
  3 0.0625 216.262 253.376
  4 0.0875 215.724 262.329
  5 0.1125 215.316 261.956
  6 0.1375 216.058 268.956
  7 0.1625 215.244 283.632
  8 0.1875 215.96 286.595
  9 0.2125 215.628 282.549
  10 0.2375 215.93 281.606
  11 0.2625 215.104 295.899
  12 0.2875 215.716 301.551
  13 0.3125 215.532 306.429
  14 0.3375 216.486 309.422
  15 0.3625 215.064 312.163
  16 0.3875 216.262 311.828
  17 0.4125 216.356 328.704
  18 0.4375 215.32 336.695
  19 0.4625 216.534 336.134
  20 0.4875 215.694 356.438
  21 0.5125 215.292 359.53
  22 0.5375 215.976 357.831
  23 0.5625 216.864 346.792
  24 0.5875 215.956 331.857
  25 0.6125 216.84 319.85
  26 0.6375 215.948 318.79
  27 0.6625 216.078 320.328
  28 0.6875 215.716 314.198
  29 0.7125 217.07 316.629
  30 0.7375 216.01 311.92
  31 0.7625 215.678 298.514
  32 0.7875 216.94 298.087
  33 0.8125 216.372 299.061
  34 0.8375 216.888 286.36
  35 0.8625 215.778 280.567
  36 0.8875 216.15 283.771
  37 0.9125 216.422 279.485
  38 0.9375 216.604 262.028
  39 0.9625 215.622 273.022
  40 0.9875 216.908 269.699
275000 40 8639.999999999998
  1 0.0125 216.374 245.996
  2 0.0375 215.666 243.532
  3 0.0625 216.1 258.17
  4 0.0875 215.59 268.952
  5 0.1125 215.3 280.932
  6 0.1375 216.02 277.167
  7 0.1625 215.65 285.097
  8 0.1875 215.764 281.561
  9 0.2125 216.026 286.316
  10 0.2375 215.808 292.444
  11 0.2625 215.884 294.55
  12 0.2875 215.556 291.927
  13 0.3125 215.402 296.594
  14 0.3375 216.476 307.988
  15 0.3625 215.066 319.289
  16 0.3875 215.444 322.494
  17 0.4125 215.64 324.371
  18 0.4375 216.382 321.207
  19 0.4625 215.448 327.876
  20 0.4875 216.198 340.031
  21 0.5125 215.624 354.423
  22 0.5375 215.724 363.535
  23 0.5625 217.026 353.145
  24 0.5875 215.142 343.527
  25 0.6125 216.574 330.301
  26 0.6375 216.1 329.627
  27 0.6625 215.922 321.589
  28 0.6875 216.758 316.233
  29 0.7125 217.106 311.058
  30 0.7375 215.888 313.327
  31 0.7625 217.44 296.126
  32 0.7875 216.056 301.862
  33 0.8125 217.016 286.301
  34 0.8375 215.738 291.193
  35 0.8625 216.484 282.682
  36 0.8875 215.294 286.067
  37 0.9125 215.93 272.782
  38 0.9375 216.454 265.539
  39 0.9625 216.19 262.9
  40 0.9875 215.74 264.802
280000 40 8639.999999999998
  1 0.0125 216.224 253.657
  2 0.0375 216.482 245.764
  3 0.0625 216.274 256.878
  4 0.0875 215.708 266.479
  5 0.1125 216.42 272.077
  6 0.1375 215.314 279.553
  7 0.1625 215.422 284.662
  8 0.1875 215.9 293.867
  9 0.2125 216.402 291.419
  10 0.2375 216.14 286.655
  11 0.2625 215.978 289.528
  12 0.2875 215.492 294.163
  13 0.3125 216.09 301.084
  14 0.3375 215.42 312.033
  15 0.3625 215.346 312.491
  16 0.3875 215.062 320.029
  17 0.4125 214.938 318.246
  18 0.4375 215.646 328.821
  19 0.4625 215.468 325.126
  20 0.4875 216.756 342.663
  21 0.5125 215.454 368.853
  22 0.5375 216.352 368.602
  23 0.5625 215.668 359.552
  24 0.5875 216.81 341.615
  25 0.6125 215.992 323.447
  26 0.6375 215.594 316.514
  27 0.6625 216.874 315.376
  28 0.6875 215.968 312.692
  29 0.7125 216.726 311.817
  30 0.7375 216.378 307.259
  31 0.7625 216.734 306.878
  32 0.7875 215.748 291.48
  33 0.8125 215.992 297.278
  34 0.8375 217.07 291.396
  35 0.8625 216.168 285.477
  36 0.8875 216.202 272.758
  37 0.9125 216.076 271.116
  38 0.9375 215.574 262.685
  39 0.9625 215.854 268.467
  40 0.9875 216.284 262.37
285000 40 8640.000000000002
  1 0.0125 215.314 249.046
  2 0.0375 216.414 247.11
  3 0.0625 215.758 254.394
  4 0.0875 215.45 258.604
  5 0.1125 216.3 270.656
  6 0.1375 216.066 280.422
  7 0.1625 215.458 287.482
  8 0.1875 216.056 279.709
  9 0.2125 215.334 278.181
  10 0.2375 215.632 288.428
  11 0.2625 215.046 293.919
  12 0.2875 216.202 300.006
  13 0.3125 215.376 307.628
  14 0.3375 215.912 305.225
  15 0.3625 215.712 306.661
  16 0.3875 216.356 312.459
  17 0.4125 214.346 329.614
  18 0.4375 216.252 325.289
  19 0.4625 215.562 326.162
  20 0.4875 215.812 349.598
  21 0.5125 216.582 367.037
  22 0.5375 216.656 367.083
  23 0.5625 215.12 348.477
  24 0.5875 215.948 339.4
  25 0.6125 216.712 328.109
  26 0.6375 215.92 330.256
  27 0.6625 216.024 325.729
  28 0.6875 216.414 316.696
  29 0.7125 216.73 314.066
  30 0.7375 216.412 310.987
  31 0.7625 216.276 304.723
  32 0.7875 216.234 294.358
  33 0.8125 216.644 295.781
  34 0.8375 216.63 289.274
  35 0.8625 216.328 284.613
  36 0.8875 215.324 284.274
  37 0.9125 216.578 270.488
  38 0.9375 215.772 262.28
  39 0.9625 216.372 268.553
  40 0.9875 216.966 258.37
290000 40 8640
  1 0.0125 216.374 238.727
  2 0.0375 215.776 240.505
  3 0.0625 217.352 254.138
  4 0.0875 215.512 265.471
  5 0.1125 215.904 261.275
  6 0.1375 216.204 270.43
  7 0.1625 215.33 280.478
  8 0.1875 216.636 283.079
  9 0.2125 215.228 291.1
  10 0.2375 214.2 300.125
  11 0.2625 216.13 294.351
  12 0.2875 215.344 305.378
  13 0.3125 216.212 308.867
  14 0.3375 216.312 308.913
  15 0.3625 215.466 309.542
  16 0.3875 215.18 311.273
  17 0.4125 216.29 320.395
  18 0.4375 216.158 320.448
  19 0.4625 214.982 324.373
  20 0.4875 216.332 339.344
  21 0.5125 216.134 355.591
  22 0.5375 216.808 359.366
  23 0.5625 215.312 349.916
  24 0.5875 216.206 338.582
  25 0.6125 216.738 334.267
  26 0.6375 215.498 332.242
  27 0.6625 215.506 323.058
  28 0.6875 216.316 324.775
  29 0.7125 216.392 317.583
  30 0.7375 215.984 300.274
  31 0.7625 215.97 302.921
  32 0.7875 216.292 303.942
  33 0.8125 216.832 304.227
  34 0.8375 216.826 295.684
  35 0.8625 216.58 288.829
  36 0.8875 216.31 286.992
  37 0.9125 215.364 273.698
  38 0.9375 216.768 267.955
  39 0.9625 215.474 263.524
  40 0.9875 215.768 259.955
295000 40 8640
  1 0.0125 215.862 250.241
  2 0.0375 216.134 253.164
  3 0.0625 215.896 250.071
  4 0.0875 215.778 268.781
  5 0.1125 215.722 278.85
  6 0.1375 214.968 281.925
  7 0.1625 216.39 280.49
  8 0.1875 216.174 284.319
  9 0.2125 215.876 295.041
  10 0.2375 215.206 305.79
  11 0.2625 215.524 300.502
  12 0.2875 216.398 300.311
  13 0.3125 215.256 298.719
  14 0.3375 215.788 299.809
  15 0.3625 215.664 320.426
  16 0.3875 216.218 320.818
  17 0.4125 216.928 325.05
  18 0.4375 215.838 322.196
  19 0.4625 216.066 328.711
  20 0.4875 215.63 337.39
  21 0.5125 215.426 343.378
  22 0.5375 216.568 346.832
  23 0.5625 216.444 340.09
  24 0.5875 215.304 330.668
  25 0.6125 216.678 328.532
  26 0.6375 215.008 330.24
  27 0.6625 216.634 317.871
  28 0.6875 215.604 314.599
  29 0.7125 216.454 312.177
  30 0.7375 215.558 309.579
  31 0.7625 216.494 296.374
  32 0.7875 216.694 297.427
  33 0.8125 215.78 301.728
  34 0.8375 215.742 292.242
  35 0.8625 216.252 285.897
  36 0.8875 216.884 279.52
  37 0.9125 216.208 273.029
  38 0.9375 215.274 274.095
  39 0.9625 216.358 276.526
  40 0.9875 217.32 259.602
300000 40 8640
  1 0.0125 214.994 256.869
  2 0.0375 216.698 256.381
  3 0.0625 215.99 267.042
  4 0.0875 216.79 279.087
  5 0.1125 215.95 278.79
  6 0.1375 216.196 273.344
  7 0.1625 216.29 278.592
  8 0.1875 215.834 287.935
  9 0.2125 216.184 295.635
  10 0.2375 215.468 300.038
  11 0.2625 215.24 306.196
  12 0.2875 217.572 299.514
  13 0.3125 216.006 308.122
  14 0.3375 215.228 305.711
  15 0.3625 216.738 312.7
  16 0.3875 215.56 316.952
  17 0.4125 215.372 320.922
  18 0.4375 216.356 318.092
  19 0.4625 214.992 322.876
  20 0.4875 216.778 328.028
  21 0.5125 214.508 340.431
  22 0.5375 216.112 346.594
  23 0.5625 215.902 342.117
  24 0.5875 215.296 341.192
  25 0.6125 215.83 323.627
  26 0.6375 216.968 318.267
  27 0.6625 215.622 311.633
  28 0.6875 216.276 312.003
  29 0.7125 215.524 309.899
  30 0.7375 216.348 314.293
  31 0.7625 215.346 321.382
  32 0.7875 216.108 295.186
  33 0.8125 215.84 288.039
  34 0.8375 215.32 284.24
  35 0.8625 216.462 284.993
  36 0.8875 216.664 275.873
  37 0.9125 216.074 278.974
  38 0.9375 216.434 280.678
  39 0.9625 216.27 269.891
  40 0.9875 216.86 262.601
305000 40 8640
  1 0.0125 217.228 256.528
  2 0.0375 215.892 254.5
  3 0.0625 215.598 262.455
  4 0.0875 216.626 274.256
  5 0.1125 217.244 277.982
  6 0.1375 216.284 279.451
  7 0.1625 216.786 281.687
  8 0.1875 215.754 288.889
  9 0.2125 216.676 283.665
  10 0.2375 216.358 293.89
  11 0.2625 215.552 302.66
  12 0.2875 216.376 295.283
  13 0.3125 216.81 292.386
  14 0.3375 215.36 302.228
  15 0.3625 217.16 312.803
  16 0.3875 215.202 321.909
  17 0.4125 216.518 321.253
  18 0.4375 215.058 323.447
  19 0.4625 215.142 330.792
  20 0.4875 215.796 335.929
  21 0.5125 215.106 353.409
  22 0.5375 215.734 356.233
  23 0.5625 215.966 338.121
  24 0.5875 216.376 330.764
  25 0.6125 215.152 319.768
  26 0.6375 216.386 317.284
  27 0.6625 214.144 319.108
  28 0.6875 216.034 312.446
  29 0.7125 215.656 310.708
  30 0.7375 215.668 312.279
  31 0.7625 216.518 303.363
  32 0.7875 216.162 305.922
  33 0.8125 215.576 300.175
  34 0.8375 216.094 290.545
  35 0.8625 216.566 286.043
  36 0.8875 215.812 285.516
  37 0.9125 216.136 284.362
  38 0.9375 216.258 274.79
  39 0.9625 215.622 260.019
  40 0.9875 215.614 263.522
310000 40 8640.000000000002
  1 0.0125 216.078 252.144
  2 0.0375 216.178 253.785
  3 0.0625 216.014 254.631
  4 0.0875 216.088 266.13
  5 0.1125 216.198 269.871
  6 0.1375 215.16 273.21
  7 0.1625 215.946 275.01
  8 0.1875 216.054 284.019
  9 0.2125 215.906 291.18
  10 0.2375 215.676 287.185
  11 0.2625 215.39 296.993
  12 0.2875 216.474 303.87
  13 0.3125 216.568 317.163
  14 0.3375 216.772 313.869
  15 0.3625 215.45 314.061
  16 0.3875 215.158 313.464
  17 0.4125 215.43 319.028
  18 0.4375 215.656 327.075
  19 0.4625 216.538 326.295
  20 0.4875 215.538 337.535
  21 0.5125 215.748 349.105
  22 0.5375 216.752 361.284
  23 0.5625 214.908 337.504
  24 0.5875 215.992 320.159
  25 0.6125 216.622 320.845
  26 0.6375 216.404 328.813
  27 0.6625 215.782 327.417
  28 0.6875 215.814 325.754
  29 0.7125 215.51 303.315
  30 0.7375 216.772 295.861
  31 0.7625 215.964 297.139
  32 0.7875 216.078 302.967
  33 0.8125 215.478 294.371
  34 0.8375 216.19 291.382
  35 0.8625 216.028 290.893
  36 0.8875 216.542 292.413
  37 0.9125 216.552 285.263
  38 0.9375 215.598 284.555
  39 0.9625 216.96 270.172
  40 0.9875 216.034 259.526
315000 40 8640
  1 0.0125 214.172 250.994
  2 0.0375 216.494 247.069
  3 0.0625 216.822 250.17
  4 0.0875 215.494 267.7
  5 0.1125 216.222 275.78
  6 0.1375 216.49 280.243
  7 0.1625 215.632 279.123
  8 0.1875 216.646 285.657
  9 0.2125 215.624 280.606
  10 0.2375 216.478 291.643
  11 0.2625 215.75 303.754
  12 0.2875 216.148 308.24
  13 0.3125 216.176 308.51
  14 0.3375 215.24 318.454
  15 0.3625 217.014 309.407
  16 0.3875 215.108 316.984
  17 0.4125 215.726 321.574
  18 0.4375 216.09 334.664
  19 0.4625 216.392 332.252
  20 0.4875 216.304 335.317
  21 0.5125 216.218 350.951
  22 0.5375 214.94 352.564
  23 0.5625 216.088 339.213
  24 0.5875 216.018 332.608
  25 0.6125 215.232 326.216
  26 0.6375 216.314 318.326
  27 0.6625 216.17 312.075
  28 0.6875 216.15 307.416
  29 0.7125 215.742 303.262
  30 0.7375 215.204 299.247
  31 0.7625 216.406 300.625
  32 0.7875 215.198 303.981
  33 0.8125 216.18 297.444
  34 0.8375 215.202 293.058
  35 0.8625 216.128 292.589
  36 0.8875 216.676 289.752
  37 0.9125 216.65 284.033
  38 0.9375 216.798 281.833
  39 0.9625 215.908 269.744
  40 0.9875 216.756 263.152
320000 40 8640
  1 0.0125 216.66 250.466
  2 0.0375 216.116 250.077
  3 0.0625 215.606 262.471
  4 0.0875 216.896 270.911
  5 0.1125 216.304 281.793
  6 0.1375 216.578 287.127
  7 0.1625 216.076 286.782
  8 0.1875 216.572 287.622
  9 0.2125 216.166 292.876
  10 0.2375 217.364 296.629
  11 0.2625 216.024 300.869
  12 0.2875 215.91 306.065
  13 0.3125 215.776 314.526
  14 0.3375 215.62 316.633
  15 0.3625 216.96 308.595
  16 0.3875 215.996 312.041
  17 0.4125 215.28 331.5
  18 0.4375 216.134 321.508
  19 0.4625 216.678 326.147
  20 0.4875 215.708 336.275
  21 0.5125 216.688 356.557
  22 0.5375 215.94 359.586
  23 0.5625 215.434 339.618
  24 0.5875 216.09 318.799
  25 0.6125 214.912 319.927
  26 0.6375 215.79 327.59
  27 0.6625 215.154 318.265
  28 0.6875 215.944 308.03
  29 0.7125 215.33 301.061
  30 0.7375 215.37 293.084
  31 0.7625 215.176 292.29
  32 0.7875 215.536 289.15
  33 0.8125 215.508 294.159
  34 0.8375 215.264 288.71
  35 0.8625 215.164 283.722
  36 0.8875 216.238 285.898
  37 0.9125 216.34 282.133
  38 0.9375 216.116 276.471
  39 0.9625 216.616 277.174
  40 0.9875 216.966 261.406
325000 40 8640
  1 0.0125 216.318 248.121
  2 0.0375 216.828 253.999
  3 0.0625 215.394 266.963
  4 0.0875 216.198 268.491
  5 0.1125 216.178 277.536
  6 0.1375 217.01 278.858
  7 0.1625 216.026 276.036
  8 0.1875 216.122 287.232
  9 0.2125 216.328 299.817
  10 0.2375 215.722 297.948
  11 0.2625 215.98 308.637
  12 0.2875 216.024 299.156
  13 0.3125 216.482 303.179
  14 0.3375 216.302 312.5
  15 0.3625 216.134 317.667
  16 0.3875 215.576 319.653
  17 0.4125 216.25 322.882
  18 0.4375 216.322 323.467
  19 0.4625 214.482 327.719
  20 0.4875 216.356 336.128
  21 0.5125 215.586 351.861
  22 0.5375 216.17 359.002
  23 0.5625 214.836 344.559
  24 0.5875 215.898 336.277
  25 0.6125 216.748 318.872
  26 0.6375 214.744 324.299
  27 0.6625 215.566 316.012
  28 0.6875 216.6 313.132
  29 0.7125 215.128 305.839
  30 0.7375 215.864 300.21
  31 0.7625 215.468 294.585
  32 0.7875 216.438 283.952
  33 0.8125 215.964 290.828
  34 0.8375 216.344 290.4
  35 0.8625 215.596 283.166
  36 0.8875 215.972 278.797
  37 0.9125 216.88 277.224
  38 0.9375 216.148 278.927
  39 0.9625 216.766 278.583
  40 0.9875 215.252 262.546
330000 40 8640
  1 0.0125 216.832 249.837
  2 0.0375 215.146 250.029
  3 0.0625 216.07 255.407
  4 0.0875 215.98 268.727
  5 0.1125 215.542 273.312
  6 0.1375 215.644 285.177
  7 0.1625 215.018 280.858
  8 0.1875 216.764 286.591
  9 0.2125 215.614 293.185
  10 0.2375 216.28 292.537
  11 0.2625 216.334 296.156
  12 0.2875 216.138 300.151
  13 0.3125 216.294 302.58
  14 0.3375 217.248 314.987
  15 0.3625 215.56 315.951
  16 0.3875 216.29 319.2
  17 0.4125 216.528 321.228
  18 0.4375 216.552 328.292
  19 0.4625 214.91 336.979
  20 0.4875 216.042 335.86
  21 0.5125 215.76 352.549
  22 0.5375 215.078 359.151
  23 0.5625 216.864 350.061
  24 0.5875 215.092 338.187
  25 0.6125 215.556 327.815
  26 0.6375 216.028 315.884
  27 0.6625 215.646 307.749
  28 0.6875 215.418 307.262
  29 0.7125 216.206 303.795
  30 0.7375 216.71 302.539
  31 0.7625 215.502 302.591
  32 0.7875 216.448 290.388
  33 0.8125 215.87 292.407
  34 0.8375 216.016 284.56
  35 0.8625 216.222 282.829
  36 0.8875 216.05 287.116
  37 0.9125 216.53 283.903
  38 0.9375 216.12 277.392
  39 0.9625 215.818 273.895
  40 0.9875 216.28 267.003
335000 40 8639.999999999998
  1 0.0125 216.19 250.555
  2 0.0375 215.948 245.226
  3 0.0625 216.054 255.673
  4 0.0875 216.452 272.203
  5 0.1125 215.348 283.541
  6 0.1375 215.988 287.743
  7 0.1625 215.662 288.787
  8 0.1875 216.308 295.349
  9 0.2125 215.644 290.952
  10 0.2375 216.482 294.417
  11 0.2625 215.968 295.413
  12 0.2875 215.69 297.677
  13 0.3125 216.084 305.479
  14 0.3375 216.888 316.437
  15 0.3625 216.09 321.061
  16 0.3875 215.89 318.317
  17 0.4125 215.806 318.499
  18 0.4375 215.444 336.384
  19 0.4625 215.21 341.82
  20 0.4875 215.388 341.879
  21 0.5125 214.838 359.047
  22 0.5375 216.742 349.743
  23 0.5625 215.548 341.092
  24 0.5875 215.888 324.505
  25 0.6125 215.394 317.908
  26 0.6375 216.49 319.281
  27 0.6625 216.118 311.168
  28 0.6875 216.226 310.973
  29 0.7125 216.18 303.352
  30 0.7375 216.44 299.532
  31 0.7625 216.46 297.601
  32 0.7875 216.668 298.167
  33 0.8125 216.79 291.254
  34 0.8375 216.528 294.177
  35 0.8625 216.006 288.298
  36 0.8875 215.142 279.994
  37 0.9125 216.022 274.878
  38 0.9375 216.776 269.007
  39 0.9625 215.604 262.904
  40 0.9875 215.606 262.263
340000 40 8640
  1 0.0125 215.97 252.847
  2 0.0375 216.674 250.532
  3 0.0625 215.31 268.875
  4 0.0875 216.154 283.015
  5 0.1125 216.426 287.871
  6 0.1375 215.778 292.632
  7 0.1625 215.196 282.96
  8 0.1875 215.894 284.479
  9 0.2125 215.962 292.308
  10 0.2375 215.012 295.665
  11 0.2625 216.63 295.441
  12 0.2875 216.858 298.819
  13 0.3125 216.254 306.451
  14 0.3375 216.432 300.235
  15 0.3625 215.852 306.212
  16 0.3875 216.792 305.333
  17 0.4125 215.012 321.445
  18 0.4375 215.22 332.316
  19 0.4625 215.68 335.427
  20 0.4875 216.122 345.002
  21 0.5125 216.1 364.362
  22 0.5375 215.642 356.845
  23 0.5625 216.514 327.727
  24 0.5875 215.248 330.776
  25 0.6125 216.188 314.745
  26 0.6375 215.694 313.815
  27 0.6625 215.672 304.157
  28 0.6875 216.648 305.18
  29 0.7125 215.676 303.943
  30 0.7375 216.29 305.288
  31 0.7625 216.79 306.803
  32 0.7875 215.544 303.405
  33 0.8125 216.63 285.807
  34 0.8375 216.16 289.264
  35 0.8625 215.498 283.761
  36 0.8875 215.756 285.418
  37 0.9125 216.546 282.752
  38 0.9375 216.65 274.532
  39 0.9625 215.496 272.313
  40 0.9875 216.03 266.002
345000 40 8639.999999999998
  1 0.0125 215.436 256.789
  2 0.0375 216.638 258.769
  3 0.0625 216.88 268.628
  4 0.0875 216.168 270.061
  5 0.1125 216.106 281.573
  6 0.1375 216.136 281.7
  7 0.1625 216.336 289.057
  8 0.1875 215.534 296.494
  9 0.2125 216.046 298.144
  10 0.2375 215.824 294.569
  11 0.2625 215.576 301.505
  12 0.2875 215.668 299.691
  13 0.3125 216.222 301.508
  14 0.3375 216.018 303.226
  15 0.3625 215.892 313.044
  16 0.3875 216.06 312.452
  17 0.4125 215.948 318
  18 0.4375 215.992 320.29
  19 0.4625 215.632 329.098
  20 0.4875 215.576 335.085
  21 0.5125 216.026 349.809
  22 0.5375 215.464 353.721
  23 0.5625 215.948 328.055
  24 0.5875 215.75 334.714
  25 0.6125 216.578 331.959
  26 0.6375 215.584 320.271
  27 0.6625 216.888 313.772
  28 0.6875 215.998 308.796
  29 0.7125 216.57 303.289
  30 0.7375 216.784 299.478
  31 0.7625 215.834 303.124
  32 0.7875 216.18 293.104
  33 0.8125 215.512 297.13
  34 0.8375 215.944 285.433
  35 0.8625 215.956 285.419
  36 0.8875 216.258 283.501
  37 0.9125 215.73 281.17
  38 0.9375 215.05 278.021
  39 0.9625 216.636 273.423
  40 0.9875 215.622 262.199
350000 40 8640
  1 0.0125 216.804 250.75
  2 0.0375 216.338 244.124
  3 0.0625 215.654 256.644
  4 0.0875 216.364 267.839
  5 0.1125 215.998 274.752
  6 0.1375 215.726 279.041
  7 0.1625 216.196 283.387
  8 0.1875 216.288 295.742
  9 0.2125 215.052 290.468
  10 0.2375 215.356 299.957
  11 0.2625 216.116 301.661
  12 0.2875 214.866 304.976
  13 0.3125 216.286 302.463
  14 0.3375 216.432 300.501
  15 0.3625 215.964 301.808
  16 0.3875 215.586 315.806
  17 0.4125 216.332 320.779
  18 0.4375 215.342 318.515
  19 0.4625 216.09 333.007
  20 0.4875 215.53 340.62
  21 0.5125 215.664 351.503
  22 0.5375 215.656 344.584
  23 0.5625 216.376 326.542
  24 0.5875 215.28 334.564
  25 0.6125 216.648 324.216
  26 0.6375 216.626 326.116
  27 0.6625 215.458 318.578
  28 0.6875 215.742 309.936
  29 0.7125 215.966 313.531
  30 0.7375 216.938 302.433
  31 0.7625 215.75 300.95
  32 0.7875 216.652 304.748
  33 0.8125 215.44 291.759
  34 0.8375 216.192 289.618
  35 0.8625 215.672 287.955
  36 0.8875 216.91 283.314
  37 0.9125 215.828 285.491
  38 0.9375 216.554 288.582
  39 0.9625 216.2 278.834
  40 0.9875 216.128 266.28
355000 40 8639.999999999998
  1 0.0125 216.768 263.856
  2 0.0375 216.046 256.785
  3 0.0625 215.808 262.007
  4 0.0875 215.762 270.088
  5 0.1125 216.616 269.455
  6 0.1375 215.548 283.103
  7 0.1625 216.484 292.508
  8 0.1875 215.732 290.39
  9 0.2125 215.008 296.869
  10 0.2375 216.132 294.854
  11 0.2625 215.72 294.39
  12 0.2875 215.27 302.712
  13 0.3125 216.012 312.3
  14 0.3375 216.632 313.178
  15 0.3625 215.972 309.711
  16 0.3875 215.316 311.341
  17 0.4125 215.994 309.821
  18 0.4375 215.13 322.636
  19 0.4625 214.998 333.813
  20 0.4875 215.172 338.688
  21 0.5125 216.376 351.637
  22 0.5375 216.444 354.293
  23 0.5625 216.326 331.234
  24 0.5875 217.066 319.159
  25 0.6125 214.924 325.127
  26 0.6375 216.864 312.361
  27 0.6625 215.568 310.554
  28 0.6875 215.922 314.118
  29 0.7125 215.8 315.968
  30 0.7375 216.144 308.394
  31 0.7625 215.674 300.597
  32 0.7875 215.93 291.948
  33 0.8125 216.272 295.634
  34 0.8375 216.098 291.032
  35 0.8625 217.586 292.592
  36 0.8875 217.24 286.577
  37 0.9125 216.57 276.299
  38 0.9375 215.672 277.713
  39 0.9625 215.542 268.44
  40 0.9875 215.862 264.075
360000 40 8640
  1 0.0125 215.37 252.937
  2 0.0375 216.2 257.158
  3 0.0625 216.066 261.754
  4 0.0875 216.226 271.822
  5 0.1125 215.662 270.463
  6 0.1375 215.62 281.634
  7 0.1625 216.128 293.071
  8 0.1875 215.166 289.815
  9 0.2125 216.002 290.727
  10 0.2375 215.556 298.338
  11 0.2625 216.438 306.14
  12 0.2875 215.002 308.451
  13 0.3125 216.9 310.661
  14 0.3375 216.236 315.243
  15 0.3625 215.292 311.035
  16 0.3875 216.842 306.864
  17 0.4125 215.704 309.978
  18 0.4375 216.156 314.947
  19 0.4625 216.086 321.816
  20 0.4875 216.158 333.883
  21 0.5125 215.924 349.923
  22 0.5375 216.348 354.784
  23 0.5625 214.69 344.803
  24 0.5875 216.598 322.308
  25 0.6125 216.498 322.687
  26 0.6375 215.404 321.351
  27 0.6625 216.308 321.33
  28 0.6875 216.292 313.511
  29 0.7125 216.614 316.506
  30 0.7375 215.532 311.769
  31 0.7625 215.61 309.271
  32 0.7875 216.118 298.432
  33 0.8125 215.182 286.488
  34 0.8375 216.63 289.825
  35 0.8625 216.016 284.803
  36 0.8875 216.608 285.369
  37 0.9125 216.148 282.312
  38 0.9375 215.928 268.411
  39 0.9625 216.144 266.04
  40 0.9875 216.598 258.103
365000 40 8639.999999999998
  1 0.0125 215.952 247.366
  2 0.0375 216.808 250.508
  3 0.0625 215.546 258.155
  4 0.0875 215.732 262.782
  5 0.1125 216.234 275.955
  6 0.1375 216.338 285.247
  7 0.1625 215.816 284.226
  8 0.1875 215.77 293.732
  9 0.2125 216.262 299.137
  10 0.2375 216.086 300.298
  11 0.2625 215.328 296.308
  12 0.2875 215.502 294.167
  13 0.3125 216.078 299.614
  14 0.3375 216.334 306.893
  15 0.3625 216.606 317.687
  16 0.3875 216.39 317.598
  17 0.4125 216.82 319.264
  18 0.4375 216.378 320.036
  19 0.4625 216.056 318.213
  20 0.4875 215.874 332.973
  21 0.5125 215.316 355.239
  22 0.5375 216.048 361.803
  23 0.5625 215.968 336.463
  24 0.5875 215.662 329.665
  25 0.6125 215.632 323.132
  26 0.6375 215.828 311.828
  27 0.6625 215.752 312.156
  28 0.6875 216.074 304.233
  29 0.7125 216.414 306.341
  30 0.7375 216.354 311.38
  31 0.7625 215.782 304.164
  32 0.7875 215.592 303.411
  33 0.8125 215.792 301.507
  34 0.8375 215.456 296.042
  35 0.8625 216.104 289.366
  36 0.8875 216.73 277.411
  37 0.9125 215.556 286.295
  38 0.9375 216.38 288.874
  39 0.9625 214.948 269.052
  40 0.9875 216.702 264.156
370000 40 8640
  1 0.0125 215.786 259.862
  2 0.0375 215.46 253.09
  3 0.0625 216.178 261.144
  4 0.0875 215.828 269.722
  5 0.1125 216.634 274.099
  6 0.1375 215.876 279.16
  7 0.1625 216.572 281.555
  8 0.1875 215.678 292.865
  9 0.2125 216.204 296.621
  10 0.2375 216.602 300.426
  11 0.2625 215.63 304.094
  12 0.2875 215.848 297.166
  13 0.3125 216.386 295.799
  14 0.3375 216.552 306.42
  15 0.3625 215.212 316.68
  16 0.3875 215.936 316.842
  17 0.4125 215.802 319.889
  18 0.4375 215.254 327.433
  19 0.4625 216.07 321.779
  20 0.4875 216.768 326.715
  21 0.5125 216.156 351.622
  22 0.5375 216.388 362.868
  23 0.5625 214.882 341.577
  24 0.5875 216.568 324.519
  25 0.6125 215.524 320.085
  26 0.6375 216.512 317.144
  27 0.6625 215.57 306.076
  28 0.6875 215.146 312.533
  29 0.7125 216.086 321.613
  30 0.7375 215.254 316.418
  31 0.7625 216.342 297.159
  32 0.7875 216.168 288.536
  33 0.8125 216.014 288.357
  34 0.8375 215.956 285.373
  35 0.8625 216.002 278.86
  36 0.8875 215.336 280.396
  37 0.9125 215.74 286.991
  38 0.9375 216.728 284.808
  39 0.9625 216.224 279.294
  40 0.9875 217.128 270.479
375000 40 8640
  1 0.0125 215.924 259.692
  2 0.0375 216.412 251.617
  3 0.0625 215.672 264.938
  4 0.0875 217.576 283.975
  5 0.1125 216.11 282.619
  6 0.1375 216.99 275.922
  7 0.1625 216.25 279.047
  8 0.1875 215.836 289.884
  9 0.2125 216.82 296.76
  10 0.2375 216.26 295.942
  11 0.2625 215.626 299.419
  12 0.2875 215.778 301.167
  13 0.3125 216.498 306.572
  14 0.3375 215.996 308.89
  15 0.3625 215.544 315.47
  16 0.3875 215.528 315.217
  17 0.4125 216.746 319.251
  18 0.4375 215.654 328.145
  19 0.4625 216.186 328.541
  20 0.4875 215.88 332.543
  21 0.5125 215.012 343.623
  22 0.5375 215.422 352.188
  23 0.5625 215.57 344.316
  24 0.5875 215.87 321.202
  25 0.6125 215.934 321.209
  26 0.6375 215.572 314.143
  27 0.6625 217.13 315.266
  28 0.6875 215.9 310.25
  29 0.7125 215.824 311.278
  30 0.7375 216.246 306.142
  31 0.7625 216.274 295.801
  32 0.7875 215.49 290.771
  33 0.8125 215.926 286.201
  34 0.8375 215.88 286.72
  35 0.8625 215.588 288.621
  36 0.8875 216.136 284.418
  37 0.9125 215.52 288.021
  38 0.9375 215.678 278.754
  39 0.9625 215.656 268.969
  40 0.9875 216.086 270.047
380000 40 8640
  1 0.0125 216.22 260.712
  2 0.0375 216.654 254.223
  3 0.0625 216.598 263.189
  4 0.0875 215.646 266.304
  5 0.1125 216.42 270.889
  6 0.1375 216.718 279.153
  7 0.1625 214.568 286.858
  8 0.1875 217.472 287.672
  9 0.2125 216.366 297.454
  10 0.2375 215.63 300.065
  11 0.2625 216.286 309.567
  12 0.2875 216.788 300.092
  13 0.3125 216.354 298.061
  14 0.3375 215.206 304.289
  15 0.3625 217.178 306.159
  16 0.3875 215.744 314.899
  17 0.4125 216.688 320.715
  18 0.4375 215.538 316.437
  19 0.4625 215.872 331.811
  20 0.4875 215.204 345.271
  21 0.5125 215.376 357.543
  22 0.5375 216.222 353.591
  23 0.5625 215.666 341.366
  24 0.5875 215.962 321.243
  25 0.6125 215.47 313.495
  26 0.6375 216.422 315.883
  27 0.6625 215.924 316.939
  28 0.6875 216.36 306.706
  29 0.7125 215.868 303.267
  30 0.7375 216.404 311.264
  31 0.7625 216.226 303.097
  32 0.7875 215.838 304.407
  33 0.8125 215.5 294.637
  34 0.8375 215.632 286.94
  35 0.8625 215.228 282.89
  36 0.8875 215.474 282.986
  37 0.9125 215.206 278.522
  38 0.9375 215.87 282.443
  39 0.9625 215.866 275.926
  40 0.9875 216.336 268.107
385000 40 8640.000000000002
  1 0.0125 216.36 241.528
  2 0.0375 215.324 244.188
  3 0.0625 216.658 248.485
  4 0.0875 216.262 264.852
  5 0.1125 215.516 278.247
  6 0.1375 216.266 284.128
  7 0.1625 215.538 284.719
  8 0.1875 216.798 283.269
  9 0.2125 215.906 291.589
  10 0.2375 216.64 310.328
  11 0.2625 216.204 303.301
  12 0.2875 216.018 298.797
  13 0.3125 215.248 298.686
  14 0.3375 216.096 306.987
  15 0.3625 215.098 311.225
  16 0.3875 217.254 313.627
  17 0.4125 215.918 323.276
  18 0.4375 216.308 322.461
  19 0.4625 216.43 339.537
  20 0.4875 216.716 357.107
  21 0.5125 215.562 365.283
  22 0.5375 215.226 356.153
  23 0.5625 216.472 342.747
  24 0.5875 215.794 322.148
  25 0.6125 216.406 310.702
  26 0.6375 216.078 322.33
  27 0.6625 216.01 310.13
  28 0.6875 215.818 310.73
  29 0.7125 216.18 307.441
  30 0.7375 216.938 301.175
  31 0.7625 215.914 295.554
  32 0.7875 215.254 299.358
  33 0.8125 216.146 298.25
  34 0.8375 215.42 300.11
  35 0.8625 215.554 288.629
  36 0.8875 216.39 288.705
  37 0.9125 215.358 282.572
  38 0.9375 215.934 279.795
  39 0.9625 215.53 268.219
  40 0.9875 215.458 257.646
390000 40 8640
  1 0.0125 215.65 256.003
  2 0.0375 216.754 252.631
  3 0.0625 216.706 254.06
  4 0.0875 216.116 263.542
  5 0.1125 215.378 276.956
  6 0.1375 215.918 292.26
  7 0.1625 216.11 297.473
  8 0.1875 216.986 294.275
  9 0.2125 216.504 299.863
  10 0.2375 215.466 303.129
  11 0.2625 216.422 293.991
  12 0.2875 215.92 298.642
  13 0.3125 216.344 303.037
  14 0.3375 215.902 303.692
  15 0.3625 216.514 309.571
  16 0.3875 216.238 312.568
  17 0.4125 215.83 326.598
  18 0.4375 216.098 329.343
  19 0.4625 215.76 346.238
  20 0.4875 216.216 340.515
  21 0.5125 215.806 354.025
  22 0.5375 216.176 351.964
  23 0.5625 216.258 336.801
  24 0.5875 217.376 323.774
  25 0.6125 215.796 328.065
  26 0.6375 215.714 321.876
  27 0.6625 214.834 305.791
  28 0.6875 216.174 300.621
  29 0.7125 215.564 310.182
  30 0.7375 215.646 305.08
  31 0.7625 215.828 299.91
  32 0.7875 216.012 297.987
  33 0.8125 216.214 301.679
  34 0.8375 215.06 288.987
  35 0.8625 215.406 279.28
  36 0.8875 215.61 277.25
  37 0.9125 214.976 274.664
  38 0.9375 215.84 269.742
  39 0.9625 217.118 267.648
  40 0.9875 215.76 264.201
395000 40 8640
  1 0.0125 216.056 252.858
  2 0.0375 216.568 246.815
  3 0.0625 215.944 259.43
  4 0.0875 216.3 267.62
  5 0.1125 215.984 284.202
  6 0.1375 216.426 288.386
  7 0.1625 216.342 283.906
  8 0.1875 216.582 291.894
  9 0.2125 216.486 291.963
  10 0.2375 216.248 300.097
  11 0.2625 216.158 302.257
  12 0.2875 215.872 302.48
  13 0.3125 215.542 296.446
  14 0.3375 216.75 312.22
  15 0.3625 216.634 312.473
  16 0.3875 216.02 314.427
  17 0.4125 215.966 324.667
  18 0.4375 216.864 338.005
  19 0.4625 214.778 342.144
  20 0.4875 216.862 343.543
  21 0.5125 215.324 359.188
  22 0.5375 216.636 349.382
  23 0.5625 216.098 337.612
  24 0.5875 216.094 311.974
  25 0.6125 215.894 315.991
  26 0.6375 215.696 316.707
  27 0.6625 215.816 319.009
  28 0.6875 215.192 314.5
  29 0.7125 215.976 311.977
  30 0.7375 214.608 302.399
  31 0.7625 215.252 298.097
  32 0.7875 216.238 291.073
  33 0.8125 215.41 285.284
  34 0.8375 216.322 288.227
  35 0.8625 216.272 289.047
  36 0.8875 215.382 281.439
  37 0.9125 215.236 283.393
  38 0.9375 216.866 273.023
  39 0.9625 215.234 267.156
  40 0.9875 216.072 263.705
400000 40 8639.999999999998
  1 0.0125 215.974 246.791
  2 0.0375 216.67 241.798
  3 0.0625 216.2 252.332
  4 0.0875 215.724 279.364
  5 0.1125 216.796 282.398
  6 0.1375 216.846 285.218
  7 0.1625 216.19 289.049
  8 0.1875 215.96 280.657
  9 0.2125 216.348 284.481
  10 0.2375 215.944 300.457
  11 0.2625 215.076 305.644
  12 0.2875 216.634 304.165
  13 0.3125 216.192 313.714
  14 0.3375 216.272 311.465
  15 0.3625 215.804 325.081
  16 0.3875 215.284 327.573
  17 0.4125 217.558 316.799
  18 0.4375 216.014 322.606
  19 0.4625 216.488 333.762
  20 0.4875 215.588 341.931
  21 0.5125 215.758 359.057
  22 0.5375 215.178 348.429
  23 0.5625 216.15 334.048
  24 0.5875 215.892 327.811
  25 0.6125 216.2 316.105
  26 0.6375 216.238 311.092
  27 0.6625 215.09 309.768
  28 0.6875 216.118 309.959
  29 0.7125 215.66 309.38
  30 0.7375 216.796 310.309
  31 0.7625 215.922 305.174
  32 0.7875 215.286 297.685
  33 0.8125 216.188 299.191
  34 0.8375 215.512 293.804
  35 0.8625 216.248 285.512
  36 0.8875 215.772 278.02
  37 0.9125 215.852 279.379
  38 0.9375 216.184 267.092
  39 0.9625 215.828 260.902
  40 0.9875 214.566 263.347
