# Chunk-averaged data for fix temp_profile and group all
# Timestep Number-of-chunks Total-count
# Chunk Coord1 Ncount temp
205000 40 8640
  1 0.0125 216.232 285.276
  2 0.0375 215.694 283.126
  3 0.0625 216.158 281.062
  4 0.0875 216.368 286.97
  5 0.1125 215.698 285.858
  6 0.1375 215.802 291.361
  7 0.1625 215.88 291.334
  8 0.1875 216.068 289.93
  9 0.2125 215.826 291.096
  10 0.2375 216.454 303.186
  11 0.2625 215.692 302.063
  12 0.2875 216.008 296.525
  13 0.3125 215.976 297.804
  14 0.3375 215.436 299.123
  15 0.3625 216.304 301.247
  16 0.3875 216.07 306.067
  17 0.4125 215.992 305.962
  18 0.4375 215.286 302.441
  19 0.4625 216.072 300.32
  20 0.4875 215.856 306.441
  21 0.5125 215.742 312.179
  22 0.5375 215.914 321.745
  23 0.5625 215.572 325.742
  24 0.5875 216.076 311.581
  25 0.6125 216.62 304.062
  26 0.6375 215.926 301.257
  27 0.6625 215.932 298.256
  28 0.6875 216.03 300.713
  29 0.7125 216.732 299.364
  30 0.7375 216.644 294.623
  31 0.7625 215.202 294.794
  32 0.7875 215.83 290.376
  33 0.8125 216.43 291.562
  34 0.8375 215.176 303.503
  35 0.8625 216.424 300.492
  36 0.8875 216.084 295.054
  37 0.9125 215.568 292.851
  38 0.9375 216.3 295.081
  39 0.9625 216.32 292.136
  40 0.9875 216.606 296.294
210000 40 8640
  1 0.0125 215.23 284.727
  2 0.0375 216.198 284.227
  3 0.0625 216.028 287.356
  4 0.0875 215.946 285.164
  5 0.1125 216.318 287.046
  6 0.1375 216.52 286.937
  7 0.1625 215.244 290.711
  8 0.1875 215.684 286.152
  9 0.2125 216 295.785
  10 0.2375 215.988 304.981
  11 0.2625 215.842 288.161
  12 0.2875 216.842 294.084
  13 0.3125 215.342 296.153
  14 0.3375 216.056 295.831
  15 0.3625 216.536 303.31
  16 0.3875 215.61 306.395
  17 0.4125 216.638 312.702
  18 0.4375 216.11 315.527
  19 0.4625 216.268 315.29
  20 0.4875 215.684 318.963
  21 0.5125 215.944 321.421
  22 0.5375 215.798 320.584
  23 0.5625 216.4 315.633
  24 0.5875 215.972 305.571
  25 0.6125 215.678 300.8
  26 0.6375 216.05 299.265
  27 0.6625 216.66 296.917
  28 0.6875 215.8 292.585
  29 0.7125 215.522 293.351
  30 0.7375 215.914 299.024
  31 0.7625 215.728 304.823
  32 0.7875 215.882 296.438
  33 0.8125 216.564 296.804
  34 0.8375 215.406 298.046
  35 0.8625 215.984 294.92
  36 0.8875 216.358 292.571
  37 0.9125 215.578 293.233
  38 0.9375 216.286 293.429
  39 0.9625 216.336 286.693
  40 0.9875 216.056 286.475
215000 40 8640.000000000002
  1 0.0125 215.196 289.019
  2 0.0375 215.814 286.714
  3 0.0625 216.03 283.372
  4 0.0875 216.374 281.364
  5 0.1125 216.222 283.76
  6 0.1375 215.932 296.067
  7 0.1625 216.05 294.052
  8 0.1875 216.182 293.451
  9 0.2125 216.464 297.146
  10 0.2375 216.844 297.346
  11 0.2625 216.176 299.952
  12 0.2875 216.328 309.985
  13 0.3125 215.908 306.71
  14 0.3375 216.216 294.378
  15 0.3625 215.69 292.759
  16 0.3875 216 306.306
  17 0.4125 216.058 312.884
  18 0.4375 215.784 312.101
  19 0.4625 215.93 311.355
  20 0.4875 216.14 313.96
  21 0.5125 216.466 312.817
  22 0.5375 215.762 317.513
  23 0.5625 216.084 309.769
  24 0.5875 216.438 300.921
  25 0.6125 216.21 295.636
  26 0.6375 215.618 292.643
  27 0.6625 216.162 293.905
  28 0.6875 215.018 298.079
  29 0.7125 216.134 300.761
  30 0.7375 215.444 303.443
  31 0.7625 215.846 295.854
  32 0.7875 216.054 293.919
  33 0.8125 215.968 296.797
  34 0.8375 216.488 296.879
  35 0.8625 215.876 298.238
  36 0.8875 215.996 298.769
  37 0.9125 216.086 293.836
  38 0.9375 215.654 294.516
  39 0.9625 215.994 286.707
  40 0.9875 215.364 283.219
220000 40 8640
  1 0.0125 216.04 284.678
  2 0.0375 216.462 289.761
  3 0.0625 215.97 296.598
  4 0.0875 217.082 294.11
  5 0.1125 216.392 292.582
  6 0.1375 215.772 294.656
  7 0.1625 216.606 302.32
  8 0.1875 215.762 300.085
  9 0.2125 216.006 298.702
  10 0.2375 216.354 295.773
  11 0.2625 215.546 300.161
  12 0.2875 215.872 299.979
  13 0.3125 215.702 299.653
  14 0.3375 216.012 296.866
  15 0.3625 215.764 309.006
  16 0.3875 215.902 299.736
  17 0.4125 215.82 299.855
  18 0.4375 216.27 308.284
  19 0.4625 215.296 307.484
  20 0.4875 216.514 311.672
  21 0.5125 215.548 306.814
  22 0.5375 215.774 305.284
  23 0.5625 215.684 306.9
  24 0.5875 216.61 308.092
  25 0.6125 216.142 305.191
  26 0.6375 216.418 297.359
  27 0.6625 215.768 297.628
  28 0.6875 216.212 298.005
  29 0.7125 216.194 297.166
  30 0.7375 216.326 294.674
  31 0.7625 215.786 296.133
  32 0.7875 215.57 295.414
  33 0.8125 215.91 295.461
  34 0.8375 215.874 292.568
  35 0.8625 216.114 292.06
  36 0.8875 216.018 292.427
  37 0.9125 215.758 292.437
  38 0.9375 216.074 289.777
  39 0.9625 215.778 294.459
  40 0.9875 215.298 287.521
225000 40 8639.999999999998
  1 0.0125 215.728 290.134
  2 0.0375 215.984 294.238
  3 0.0625 215.842 290.089
  4 0.0875 216.502 286.748
  5 0.1125 215.39 290.515
  6 0.1375 215.828 294.783
  7 0.1625 215.64 298.029
  8 0.1875 215.762 301.807
  9 0.2125 215.656 308.586
  10 0.2375 216.364 299.467
  11 0.2625 216.192 301.643
  12 0.2875 216.006 308.167
  13 0.3125 216.514 300.558
  14 0.3375 215.924 293.777
  15 0.3625 215.696 296.573
  16 0.3875 215.568 302.346
  17 0.4125 216.034 308.462
  18 0.4375 215.71 308.506
  19 0.4625 216.68 303.55
  20 0.4875 216.498 309.591
  21 0.5125 215.644 311.841
  22 0.5375 216.376 315.338
  23 0.5625 215.552 307.174
  24 0.5875 216.2 303.853
  25 0.6125 215.366 303.425
  26 0.6375 216.714 302.418
  27 0.6625 216.078 295.102
  28 0.6875 215.948 288.301
  29 0.7125 215.25 286.098
  30 0.7375 216.28 279.698
  31 0.7625 215.958 289.441
  32 0.7875 214.94 297.2
  33 0.8125 216.46 302.309
  34 0.8375 215.614 290.259
  35 0.8625 216.716 291.258
  36 0.8875 215.766 290.55
  37 0.9125 216.908 299.721
  38 0.9375 216.236 298.165
  39 0.9625 216.604 297.806
  40 0.9875 215.872 289.225
230000 40 8640
  1 0.0125 216.188 283.565
  2 0.0375 216.272 290.01
  3 0.0625 215.956 292.809
  4 0.0875 215.31 288.437
  5 0.1125 216.562 292.086
  6 0.1375 216.074 298.706
  7 0.1625 216.33 293.7
  8 0.1875 215.844 293.246
  9 0.2125 215.916 300.131
  10 0.2375 215.964 300.206
  11 0.2625 215.626 305.631
  12 0.2875 215.354 313.139
  13 0.3125 215.824 303.797
  14 0.3375 216.19 296.108
  15 0.3625 216.496 307.28
  16 0.3875 215.578 304.777
  17 0.4125 216.342 300.683
  18 0.4375 215.706 306.711
  19 0.4625 215.794 302.689
  20 0.4875 215.886 301.172
  21 0.5125 216.462 301.027
  22 0.5375 216.296 306.17
  23 0.5625 216.06 309.832
  24 0.5875 215.678 313.344
  25 0.6125 216.104 307.354
  26 0.6375 215.598 306.032
  27 0.6625 216.248 301.101
  28 0.6875 216.154 305.519
  29 0.7125 215.802 300.225
  30 0.7375 216.316 288.372
  31 0.7625 216.126 292.39
  32 0.7875 215.622 295.483
  33 0.8125 216.144 293.059
  34 0.8375 216.29 299.292
  35 0.8625 215.696 289.888
  36 0.8875 216.254 285.836
  37 0.9125 215.696 289.688
  38 0.9375 216.228 292.461
  39 0.9625 215.81 289.59
  40 0.9875 216.204 285.625
235000 40 8640
  1 0.0125 216.064 284.552
  2 0.0375 216.084 278.519
  3 0.0625 215.752 284.543
  4 0.0875 216.238 288.296
  5 0.1125 215.502 297.641
  6 0.1375 216.25 291.621
  7 0.1625 216.16 291.326
  8 0.1875 216.236 297.975
  9 0.2125 215.95 300.659
  10 0.2375 216.276 301.718
  11 0.2625 215.856 305.982
  12 0.2875 216.66 308.151
  13 0.3125 215.708 303.378
  14 0.3375 216.21 298.283
  15 0.3625 215.876 305.329
  16 0.3875 215.494 306.851
  17 0.4125 215.256 305.52
  18 0.4375 216.062 309.443
  19 0.4625 216.238 311.994
  20 0.4875 215.19 297.26
  21 0.5125 216.376 300.387
  22 0.5375 215.344 309.411
  23 0.5625 215.882 311.267
  24 0.5875 216.718 310.329
  25 0.6125 216.174 305.591
  26 0.6375 215.102 310.036
  27 0.6625 215.944 298.547
  28 0.6875 216.152 302.217
  29 0.7125 216.41 298.502
  30 0.7375 215.768 302.208
  31 0.7625 215.91 299.385
  32 0.7875 215.788 299.545
  33 0.8125 216.216 299.105
  34 0.8375 216.182 297.806
  35 0.8625 215.868 288.686
  36 0.8875 216.994 287.028
  37 0.9125 215.848 282.178
  38 0.9375 215.758 281.652
  39 0.9625 215.504 287.583
  40 0.9875 217 286.113
240000 40 8640
  1 0.0125 215.896 281.864
  2 0.0375 216.104 286.978
  3 0.0625 216.732 284.751
  4 0.0875 215.504 285.82
  5 0.1125 215.974 289.5
  6 0.1375 216.194 293.639
  7 0.1625 215.564 299.228
  8 0.1875 216.254 302.55
  9 0.2125 215.882 303.767
  10 0.2375 216.088 298.62
  11 0.2625 215.684 300.537
  12 0.2875 215.864 302.624
  13 0.3125 215.902 295.393
  14 0.3375 216.094 299.707
  15 0.3625 215.672 302.87
  16 0.3875 216.83 296.963
  17 0.4125 215.654 304.333
  18 0.4375 216.258 297.108
  19 0.4625 215.966 307.347
  20 0.4875 216.028 304.98
  21 0.5125 215.812 313.949
  22 0.5375 215.606 312.721
  23 0.5625 216.338 306.855
  24 0.5875 215.772 312.569
  25 0.6125 215.734 311.652
  26 0.6375 216.4 309.811
  27 0.6625 215.426 307.424
  28 0.6875 215.596 304.03
  29 0.7125 216.568 295.705
  30 0.7375 215.678 298.564
  31 0.7625 216.102 301.859
  32 0.7875 216.066 297.906
  33 0.8125 216.242 307.625
  34 0.8375 216.08 289.084
  35 0.8625 215.788 286.024
  36 0.8875 215.816 285.881
  37 0.9125 216.29 289.434
  38 0.9375 215.78 289.204
  39 0.9625 216.35 284.853
  40 0.9875 216.412 283.022
245000 40 8640
  1 0.0125 216.526 278.753
  2 0.0375 216.132 276.046
  3 0.0625 216.03 281.814
  4 0.0875 215.882 290.432
  5 0.1125 215.822 292.61
  6 0.1375 216.104 292.5
  7 0.1625 215.692 299.399
  8 0.1875 216.24 300.511
  9 0.2125 215.754 301.6
  10 0.2375 215.7 303.206
  11 0.2625 216.536 304.852
  12 0.2875 216.256 303.777
  13 0.3125 215.592 298.611
  14 0.3375 216.77 302.983
  15 0.3625 215.662 296.068
  16 0.3875 216.606 304.396
  17 0.4125 216.254 307.972
  18 0.4375 215.924 309.665
  19 0.4625 216.162 319.274
  20 0.4875 215.746 318.19
  21 0.5125 215.908 318.4
  22 0.5375 215.982 310.672
  23 0.5625 215.99 308.131
  24 0.5875 215.62 310.313
  25 0.6125 215.87 304.921
  26 0.6375 215.852 301.143
  27 0.6625 215.532 299.293
  28 0.6875 216.358 296.606
  29 0.7125 215.566 290.681
  30 0.7375 215.332 296.978
  31 0.7625 216.032 297.115
  32 0.7875 216.098 295.787
  33 0.8125 215.63 295.714
  34 0.8375 215.906 291.945
  35 0.8625 215.868 290.122
  36 0.8875 215.758 291.188
  37 0.9125 216.61 288.478
  38 0.9375 215.964 287.113
  39 0.9625 216.04 285.934
  40 0.9875 216.694 285.187
250000 40 8640
  1 0.0125 216.476 283.23
  2 0.0375 217.07 290.877
  3 0.0625 216.55 292.079
  4 0.0875 216.2 292.557
  5 0.1125 215.42 287.614
  6 0.1375 216.692 285.27
  7 0.1625 215.888 290.596
  8 0.1875 216.828 294.896
  9 0.2125 215.786 291.988
  10 0.2375 216.39 296.275
  11 0.2625 215.202 299.689
  12 0.2875 215.652 304.599
  13 0.3125 216.24 298.458
  14 0.3375 215.972 299.215
  15 0.3625 216.452 299.984
  16 0.3875 215.926 296.379
  17 0.4125 215.852 302.333
  18 0.4375 216.024 306.183
  19 0.4625 215.252 315.416
  20 0.4875 215.94 321.264
  21 0.5125 215.606 320.863
  22 0.5375 216.102 322.234
  23 0.5625 216.368 314.465
  24 0.5875 215.546 315.399
  25 0.6125 215.616 308.76
  26 0.6375 216.114 304.161
  27 0.6625 215.866 296.943
  28 0.6875 215.736 302.607
  29 0.7125 216.036 293.538
  30 0.7375 215.772 296.849
  31 0.7625 216.206 292.231
  32 0.7875 215.752 292.41
  33 0.8125 215.184 294.181
  34 0.8375 216.188 292.717
  35 0.8625 215.98 278.651
  36 0.8875 215.886 286.114
  37 0.9125 215.642 295.07
  38 0.9375 216.436 298.726
  39 0.9625 216.494 285.603
  40 0.9875 215.658 286.128
255000 40 8640.000000000002
  1 0.0125 216.126 286.185
  2 0.0375 216.304 286.004
  3 0.0625 215.832 287.493
  4 0.0875 216.076 290.298
  5 0.1125 216.1 288.682
  6 0.1375 215.762 284.567
  7 0.1625 216.456 284.649
  8 0.1875 215.668 294.583
  9 0.2125 216.254 290.933
  10 0.2375 215.776 294.773
  11 0.2625 216.298 289.605
  12 0.2875 216.004 295.021
  13 0.3125 215.566 295.659
  14 0.3375 215.53 304.29
  15 0.3625 215.656 298.505
  16 0.3875 215.82 294.933
  17 0.4125 215.784 299.176
  18 0.4375 215.994 303.137
  19 0.4625 216.046 309.615
  20 0.4875 215.868 310.886
  21 0.5125 216.398 310.34
  22 0.5375 215.1 311.692
  23 0.5625 216.482 314.835
  24 0.5875 215.116 319.129
  25 0.6125 215.356 315.298
  26 0.6375 216.456 310.31
  27 0.6625 215.738 308.545
  28 0.6875 216.24 301.74
  29 0.7125 216.128 297.474
  30 0.7375 216.112 298.736
  31 0.7625 215.646 300.938
  32 0.7875 216.532 303.549
  33 0.8125 216.218 296.26
  34 0.8375 216.306 294.856
  35 0.8625 216.448 292.387
  36 0.8875 215.636 293.631
  37 0.9125 216.978 289.311
  38 0.9375 216.168 292.042
  39 0.9625 215.768 296.117
  40 0.9875 216.254 291.19
260000 40 8640.000000000002
  1 0.0125 215.99 292.445
  2 0.0375 216.532 281.8
  3 0.0625 216.122 283.86
  4 0.0875 216.57 288.71
  5 0.1125 215.988 292.972
  6 0.1375 216.158 290.279
  7 0.1625 215.85 284.69
  8 0.1875 215.744 290.424
  9 0.2125 216.144 294.356
  10 0.2375 215.588 296.302
  11 0.2625 215.666 304.106
  12 0.2875 215.758 301.581
  13 0.3125 215.404 300.05
  14 0.3375 215.876 302.253
  15 0.3625 215.878 298.775
  16 0.3875 215.616 296.679
  17 0.4125 215.874 297.939
  18 0.4375 215.988 299.705
  19 0.4625 216.114 305.772
  20 0.4875 215.688 309.345
  21 0.5125 216.05 311.081
  22 0.5375 216.264 314.982
  23 0.5625 215.556 315.455
  24 0.5875 215.316 312.299
  25 0.6125 216.34 315.602
  26 0.6375 215.47 312.507
  27 0.6625 216.278 300.319
  28 0.6875 216.12 303.094
  29 0.7125 216.118 300.242
  30 0.7375 215.5 300.185
  31 0.7625 216.096 299.679
  32 0.7875 215.692 300.764
  33 0.8125 216.552 291.316
  34 0.8375 215.782 291.812
  35 0.8625 215.616 286.889
  36 0.8875 216.708 293.725
  37 0.9125 216.472 292.248
  38 0.9375 216.312 290.232
  39 0.9625 216.772 288.963
  40 0.9875 216.438 294.185
265000 40 8640.000000000002
  1 0.0125 215.778 283.891
  2 0.0375 215.82 271.297
  3 0.0625 216.112 274.72
  4 0.0875 215.616 286.486
  5 0.1125 216.174 285.969
  6 0.1375 216.074 289.128
  7 0.1625 215.842 292.211
  8 0.1875 216.71 297.698
  9 0.2125 215.5 303.869
  10 0.2375 215.68 294.46
  11 0.2625 215.898 296.056
  12 0.2875 215.588 298.62
  13 0.3125 216.256 300.124
  14 0.3375 216.01 308.756
  15 0.3625 216.432 302.974
  16 0.3875 216.516 297.631
  17 0.4125 215.566 304.844
  18 0.4375 216.522 304.354
  19 0.4625 215.37 299.81
  20 0.4875 215.836 312.427
  21 0.5125 216.51 313.924
  22 0.5375 216.166 318.353
  23 0.5625 215.778 318.193
  24 0.5875 216.548 311.469
  25 0.6125 215.446 318.562
  26 0.6375 216.114 312.652
  27 0.6625 215.214 303.654
  28 0.6875 216.522 305.127
  29 0.7125 215.916 303.656
  30 0.7375 215.982 303.964
  31 0.7625 216.152 296.35
  32 0.7875 216.35 303.131
  33 0.8125 215.85 297.782
  34 0.8375 216.072 292.633
  35 0.8625 216.178 289.429
  36 0.8875 215.348 283.795
  37 0.9125 216.002 282.25
  38 0.9375 216.66 287.47
  39 0.9625 216.048 290.484
  40 0.9875 215.844 288.517
270000 40 8640
  1 0.0125 216.14 280.537
  2 0.0375 215.21 275.781
  3 0.0625 216.544 282.744
  4 0.0875 216.15 279.974
  5 0.1125 215.792 289.159
  6 0.1375 215.906 291.241
  7 0.1625 215.656 286.485
  8 0.1875 216.116 290.21
  9 0.2125 216.298 299.274
  10 0.2375 215.834 292.297
  11 0.2625 216.714 296.664
  12 0.2875 215.618 297.39
  13 0.3125 216.496 297.591
  14 0.3375 216.116 293.419
  15 0.3625 216.036 286.065
  16 0.3875 215.534 295.422
  17 0.4125 216.132 303.501
  18 0.4375 215.704 302.282
  19 0.4625 215.878 301.762
  20 0.4875 215.962 301.462
  21 0.5125 215.47 307.553
  22 0.5375 215.832 318.055
  23 0.5625 216.014 320.022
  24 0.5875 216.276 318.511
  25 0.6125 216.132 319.135
  26 0.6375 216.64 314.721
  27 0.6625 216.098 300.644
  28 0.6875 215.896 305.521
  29 0.7125 215.978 302.421
  30 0.7375 215.984 307.62
  31 0.7625 215.868 304.338
  32 0.7875 216.538 304.932
  33 0.8125 215.924 301.841
  34 0.8375 215.86 297.967
  35 0.8625 215.986 303.302
  36 0.8875 215.838 298.53
  37 0.9125 216.522 287.756
  38 0.9375 215.786 295.481
  39 0.9625 215.804 291.399
  40 0.9875 215.718 284.009
275000 40 8640.000000000002
  1 0.0125 216.652 290.628
  2 0.0375 216.314 283.653
  3 0.0625 215.936 286.19
  4 0.0875 216.596 281.558
  5 0.1125 216.044 292
  6 0.1375 215.714 286.537
  7 0.1625 217.104 287.959
  8 0.1875 214.714 291.721
  9 0.2125 215.438 291.839
  10 0.2375 216.152 292.264
  11 0.2625 215.84 288.454
  12 0.2875 215.842 295.457
  13 0.3125 216.162 298.797
  14 0.3375 215.466 293.4
  15 0.3625 216.072 303.593
  16 0.3875 215.65 303.883
  17 0.4125 215.978 297.846
  18 0.4375 216.452 299.294
  19 0.4625 215.954 298.899
  20 0.4875 215.336 305.149
  21 0.5125 216.12 304.573
  22 0.5375 215.982 311.82
  23 0.5625 215.748 317.096
  24 0.5875 216.22 318.647
  25 0.6125 215.636 316.246
  26 0.6375 216.336 310.541
  27 0.6625 216.132 295.125
  28 0.6875 215.982 297.196
  29 0.7125 216.102 304.417
  30 0.7375 215.498 304.6
  31 0.7625 215.886 302.302
  32 0.7875 216.532 301.972
  33 0.8125 216.068 303.586
  34 0.8375 216.002 301.984
  35 0.8625 216.108 299.519
  36 0.8875 216.426 294.132
  37 0.9125 216.136 292.332
  38 0.9375 215.998 298.846
  39 0.9625 215.628 295.669
  40 0.9875 216.044 288.087
280000 40 8639.999999999998
  1 0.0125 215.614 286.163
  2 0.0375 216.494 281.573
  3 0.0625 215.358 283.083
  4 0.0875 216 287.717
  5 0.1125 216.206 293.431
  6 0.1375 215.382 294.781
  7 0.1625 216.538 295.127
  8 0.1875 216.14 291.604
  9 0.2125 216.174 293.221
  10 0.2375 215.292 294.072
  11 0.2625 216.546 298.633
  12 0.2875 216.178 302.261
  13 0.3125 216.33 299.96
  14 0.3375 215.978 297.536
  15 0.3625 215.95 296.146
  16 0.3875 215.582 304.673
  17 0.4125 216.078 301.708
  18 0.4375 215.668 304.339
  19 0.4625 216.04 297.37
  20 0.4875 215.396 301.037
  21 0.5125 215.8 297.786
  22 0.5375 215.944 302.54
  23 0.5625 216.476 311.816
  24 0.5875 215.36 314.288
  25 0.6125 215.558 320.027
  26 0.6375 216.366 315.822
  27 0.6625 215.66 307.741
  28 0.6875 216.314 306.15
  29 0.7125 216.18 294.071
  30 0.7375 216.472 298.65
  31 0.7625 215.75 300.871
  32 0.7875 215.302 302.441
  33 0.8125 215.946 298.465
  34 0.8375 215.5 300.66
  35 0.8625 216.248 296.252
  36 0.8875 216.226 290.332
  37 0.9125 216.876 293.614
  38 0.9375 216.532 298.147
  39 0.9625 216.034 286.658
  40 0.9875 216.512 287.129
285000 40 8640
  1 0.0125 216.64 279.527
  2 0.0375 215.964 276.313
  3 0.0625 215.918 278.156
  4 0.0875 215.784 280.841
  5 0.1125 216.306 288.277
  6 0.1375 215.75 299.242
  7 0.1625 215.858 301.523
  8 0.1875 216.036 301.03
  9 0.2125 216.664 300.394
  10 0.2375 215.714 292.455
  11 0.2625 216.112 296.326
  12 0.2875 216.216 298.264
  13 0.3125 216.89 300.019
  14 0.3375 215.648 303.218
  15 0.3625 216.55 306.343
  16 0.3875 216.414 297.95
  17 0.4125 216.026 303.483
  18 0.4375 216.276 303.27
  19 0.4625 215.624 306.287
  20 0.4875 216.238 308.677
  21 0.5125 216.014 314.879
  22 0.5375 216.072 314.85
  23 0.5625 216.206 308.022
  24 0.5875 215.684 310.283
  25 0.6125 216.028 312.903
  26 0.6375 215.87 309.292
  27 0.6625 216.318 303.355
  28 0.6875 215.894 303.064
  29 0.7125 216.28 295.881
  30 0.7375 215.476 297.376
  31 0.7625 216.004 292.139
  32 0.7875 216.478 297.362
  33 0.8125 215.166 302.377
  34 0.8375 216.06 302.82
  35 0.8625 215.51 294.112
  36 0.8875 216.338 286.332
  37 0.9125 215.45 293.529
  38 0.9375 215.814 289.358
  39 0.9625 215.398 290.999
  40 0.9875 215.312 287.114
290000 40 8640
  1 0.0125 215.744 285.497
  2 0.0375 215.91 280.729
  3 0.0625 215.602 278.729
  4 0.0875 216.154 287.573
  5 0.1125 216.144 287.358
  6 0.1375 216.042 288.423
  7 0.1625 216.208 289.536
  8 0.1875 216.126 299.028
  9 0.2125 216.492 293.123
  10 0.2375 215.644 287.534
  11 0.2625 216.284 295.801
  12 0.2875 216.502 303.506
  13 0.3125 215.756 299.65
  14 0.3375 215.53 298.617
  15 0.3625 216.194 301.897
  16 0.3875 215.812 294.012
  17 0.4125 216.938 295.772
  18 0.4375 215.608 298.43
  19 0.4625 216.356 307.611
  20 0.4875 215.762 311.18
  21 0.5125 216.052 317.093
  22 0.5375 215.332 310.984
  23 0.5625 216.234 311.879
  24 0.5875 215.368 306.949
  25 0.6125 216.794 306.551
  26 0.6375 215.912 302.522
  27 0.6625 215.224 303.181
  28 0.6875 216.472 306.966
  29 0.7125 215.784 304.707
  30 0.7375 216.026 299.905
  31 0.7625 216.202 296.353
  32 0.7875 216.36 306.318
  33 0.8125 215.726 304.3
  34 0.8375 215.958 298.356
  35 0.8625 215.612 297.399
  36 0.8875 216.45 298.311
  37 0.9125 215.772 296.4
  38 0.9375 215.782 291.234
  39 0.9625 216.53 297.75
  40 0.9875 215.602 288.109
295000 40 8640.000000000002
  1 0.0125 215.634 292.837
  2 0.0375 216.526 277.731
  3 0.0625 215.672 278.823
  4 0.0875 216.406 289.671
  5 0.1125 214.834 295.06
  6 0.1375 216.364 290.672
  7 0.1625 215.88 287.011
  8 0.1875 215.506 293.798
  9 0.2125 216.1 287.582
  10 0.2375 216.01 289.035
  11 0.2625 216.102 295.976
  12 0.2875 215.406 299.948
  13 0.3125 216.594 290.353
  14 0.3375 216.314 298.622
  15 0.3625 215.988 294.79
  16 0.3875 215.77 291.815
  17 0.4125 216.402 295.98
  18 0.4375 215.652 298.977
  19 0.4625 215.602 304.237
  20 0.4875 216.096 299.914
  21 0.5125 215.792 308.491
  22 0.5375 216.248 316.266
  23 0.5625 216.124 317.261
  24 0.5875 215.868 315.598
  25 0.6125 215.836 308.771
  26 0.6375 215.808 309.182
  27 0.6625 215.926 304.387
  28 0.6875 216.016 309.067
  29 0.7125 216.42 305.04
  30 0.7375 215.62 298.526
  31 0.7625 215.99 300.476
  32 0.7875 216.452 300.632
  33 0.8125 217.11 299.498
  34 0.8375 215.814 293.181
  35 0.8625 216.07 297.771
  36 0.8875 216.398 299.695
  37 0.9125 216.474 296.665
  38 0.9375 215.252 302.254
  39 0.9625 215.814 299.82
  40 0.9875 216.11 292.868
300000 40 8640.000000000002
  1 0.0125 215.676 280.332
  2 0.0375 215.858 279.613
  3 0.0625 215.726 281.061
  4 0.0875 215.822 286.117
  5 0.1125 215.456 286.603
  6 0.1375 215.61 289.563
  7 0.1625 216.392 295.671
  8 0.1875 215.848 301.068
  9 0.2125 215.942 292.487
  10 0.2375 215.482 294.134
  11 0.2625 216.526 299.59
  12 0.2875 215.652 295.153
  13 0.3125 215.942 297.278
  14 0.3375 216.178 297.266
  15 0.3625 216.474 295.341
  16 0.3875 216.458 294.649
  17 0.4125 216.328 293.233
  18 0.4375 215.994 294.579
  19 0.4625 216.134 300.485
  20 0.4875 216.434 307.336
  21 0.5125 216.052 306.546
  22 0.5375 215.91 309.941
  23 0.5625 216.706 308.297
  24 0.5875 215.67 314.168
  25 0.6125 215.05 313.736
  26 0.6375 215.746 310.442
  27 0.6625 215.508 309.108
  28 0.6875 216.358 306.98
  29 0.7125 216.162 305.972
  30 0.7375 216.394 306.275
  31 0.7625 215.506 302.554
  32 0.7875 216.098 301.708
  33 0.8125 216.38 309.937
  34 0.8375 216.468 299.526
  35 0.8625 215.634 295.86
  36 0.8875 216.37 292.175
  37 0.9125 215.83 292.631
  38 0.9375 215.672 296.584
  39 0.9625 217.084 296.602
  40 0.9875 215.47 285.945
305000 40 8640.000000000002
  1 0.0125 215.712 284.671
  2 0.0375 216.014 281.804
  3 0.0625 215.324 281.834
  4 0.0875 216.202 285.975
  5 0.1125 215.766 291.461
  6 0.1375 215.766 295.88
  7 0.1625 215.932 300.421
  8 0.1875 215.99 302.868
  9 0.2125 216.418 299.584
  10 0.2375 216.214 298.25
  11 0.2625 216.174 296.487
  12 0.2875 216.012 299.317
  13 0.3125 216.756 298.457
  14 0.3375 215.092 295.282
  15 0.3625 216.092 292.849
  16 0.3875 216.396 297.103
  17 0.4125 215.868 307.493
  18 0.4375 215.896 300.445
  19 0.4625 216.02 301.123
  20 0.4875 215.476 304.586
  21 0.5125 216.276 302.284
  22 0.5375 216.594 301.543
  23 0.5625 215.836 303.003
  24 0.5875 215.818 306.907
  25 0.6125 215.878 314.188
  26 0.6375 216.658 309.223
  27 0.6625 215.828 305.174
  28 0.6875 215.756 306.706
  29 0.7125 216.524 299.651
  30 0.7375 216.342 300.381
  31 0.7625 215.862 304.537
  32 0.7875 215.8 301.393
  33 0.8125 215.994 301.449
  34 0.8375 215.404 296.214
  35 0.8625 216.69 298.322
  36 0.8875 215.658 290.454
  37 0.9125 216.088 290.674
  38 0.9375 216.024 291.645
  39 0.9625 215.674 296.815
  40 0.9875 216.176 291.127
310000 40 8640
  1 0.0125 216.242 283.139
  2 0.0375 215.714 281.562
  3 0.0625 215.726 283.129
  4 0.0875 216.862 284.617
  5 0.1125 215.898 291.426
  6 0.1375 216.032 293.581
  7 0.1625 216.078 299.909
  8 0.1875 216.66 305.08
  9 0.2125 215.896 301.389
  10 0.2375 216.192 306.076
  11 0.2625 216.338 312.35
  12 0.2875 215.548 302.136
  13 0.3125 216.154 296.981
  14 0.3375 216.326 299.293
  15 0.3625 215.86 298.164
  16 0.3875 216.506 292.187
  17 0.4125 215.414 303.146
  18 0.4375 215.984 296.187
  19 0.4625 216.04 297.889
  20 0.4875 215.776 300.953
  21 0.5125 216.022 308.708
  22 0.5375 215.864 313.626
  23 0.5625 215.808 313.825
  24 0.5875 216.36 319.223
  25 0.6125 215.144 310.139
  26 0.6375 215.682 305.304
  27 0.6625 216.71 310.015
  28 0.6875 215.65 306.469
  29 0.7125 216.224 299.637
  30 0.7375 216.05 300.027
  31 0.7625 216.358 297.378
  32 0.7875 216.08 296.51
  33 0.8125 215.942 288.924
  34 0.8375 215.84 289.169
  35 0.8625 215.48 289.925
  36 0.8875 215.64 287.865
  37 0.9125 215.476 291.803
  38 0.9375 216.07 292.093
  39 0.9625 216.26 292.045
  40 0.9875 216.094 286.601
315000 40 8640.000000000002
  1 0.0125 216.07 299.5
  2 0.0375 216.302 294.829
  3 0.0625 215.978 297.358
  4 0.0875 216.77 294.766
  5 0.1125 216.022 303.078
  6 0.1375 215.748 296.583
  7 0.1625 216.12 300.561
  8 0.1875 216.774 297.072
  9 0.2125 215.988 295.338
  10 0.2375 216.616 296.267
  11 0.2625 215.616 295.954
  12 0.2875 215.278 296.525
  13 0.3125 215.99 291.677
  14 0.3375 215.994 290.295
  15 0.3625 216.032 298.372
  16 0.3875 215.932 302.018
  17 0.4125 215.438 298.525
  18 0.4375 215.896 303.192
  19 0.4625 215.888 307.391
  20 0.4875 215.286 305.158
  21 0.5125 215.366 308.343
  22 0.5375 215.882 316.464
  23 0.5625 214.886 323.45
  24 0.5875 216.572 313.807
  25 0.6125 215.166 299.225
  26 0.6375 215.96 301.87
  27 0.6625 215.946 302.175
  28 0.6875 215.862 300.395
  29 0.7125 216.174 298.364
  30 0.7375 216.184 295.491
  31 0.7625 215.788 298.162
  32 0.7875 216.248 293.428
  33 0.8125 216.93 290.053
  34 0.8375 216.346 288.65
  35 0.8625 216.264 286.091
  36 0.8875 216.198 292.357
  37 0.9125 216.084 292.542
  38 0.9375 216.108 286.931
  39 0.9625 216.316 285.152
  40 0.9875 215.982 291.048
320000 40 8640
  1 0.0125 216.612 282.319
  2 0.0375 216.296 288.423
  3 0.0625 216.35 290.449
  4 0.0875 215.832 290.951
  5 0.1125 216.284 293.084
  6 0.1375 215.76 294.023
  7 0.1625 215.488 296.505
  8 0.1875 215.868 295.36
  9 0.2125 216.15 297.449
  10 0.2375 216.064 293.788
  11 0.2625 215.732 292.519
  12 0.2875 216.172 295.127
  13 0.3125 215.466 298.438
  14 0.3375 216.048 299.001
  15 0.3625 215.368 304.726
  16 0.3875 215.488 297.236
  17 0.4125 215.612 295.034
  18 0.4375 215.624 300.593
  19 0.4625 215.922 298.792
  20 0.4875 216.12 301.355
  21 0.5125 215.59 305.025
  22 0.5375 216.058 309.48
  23 0.5625 215.412 305.16
  24 0.5875 216.056 304.097
  25 0.6125 216.292 314.451
  26 0.6375 216.05 309.598
  27 0.6625 215.634 304.971
  28 0.6875 216.012 296.998
  29 0.7125 215.99 297.779
  30 0.7375 216.336 293.127
  31 0.7625 216.468 301.293
  32 0.7875 216.5 298.047
  33 0.8125 216.14 293.024
  34 0.8375 216.494 298.912
  35 0.8625 216.21 303.28
  36 0.8875 215.912 303.938
  37 0.9125 216.878 300.68
  38 0.9375 215.828 296.666
  39 0.9625 215.432 296.286
  40 0.9875 216.452 289.64
325000 40 8640
  1 0.0125 216.396 279.339
  2 0.0375 216.456 288.924
  3 0.0625 215.376 288.726
  4 0.0875 215.604 290.412
  5 0.1125 216.436 294.003
  6 0.1375 215.706 299.713
  7 0.1625 216.214 301.528
  8 0.1875 216.138 300.623
  9 0.2125 216.05 294.659
  10 0.2375 215.474 300.093
  11 0.2625 216.13 299.578
  12 0.2875 215.742 291.318
  13 0.3125 215.568 297.12
  14 0.3375 216.216 295.554
  15 0.3625 216.018 302.674
  16 0.3875 216.076 311.237
  17 0.4125 215.646 305.853
  18 0.4375 215.634 293.694
  19 0.4625 216.194 298.604
  20 0.4875 215.62 297.853
  21 0.5125 216.432 306.933
  22 0.5375 215.694 303.103
  23 0.5625 215.774 312.259
  24 0.5875 216.034 317.989
  25 0.6125 216.318 314.198
  26 0.6375 215.24 309.837
  27 0.6625 215.972 305.429
  28 0.6875 215.736 298.191
  29 0.7125 216.444 304.793
  30 0.7375 216.442 294.842
  31 0.7625 216.21 292.298
  32 0.7875 216.748 291.159
  33 0.8125 216.216 299.737
  34 0.8375 215.526 305.104
  35 0.8625 216.24 300.139
  36 0.8875 216.156 289.832
  37 0.9125 215.942 286.905
  38 0.9375 216.08 290.947
  39 0.9625 216.46 290.712
  40 0.9875 215.642 281.546
330000 40 8639.999999999998
  1 0.0125 215.414 289.888
  2 0.0375 215.944 286.898
  3 0.0625 215.496 286.84
  4 0.0875 216.14 286.487
  5 0.1125 216.308 296.31
  6 0.1375 215.362 300.005
  7 0.1625 216.572 301.439
  8 0.1875 215.764 299.778
  9 0.2125 215.878 297.11
  10 0.2375 216.224 300.639
  11 0.2625 215.798 300.004
  12 0.2875 216.414 297.502
  13 0.3125 215.682 294.872
  14 0.3375 215.962 294.842
  15 0.3625 216.452 293.183
  16 0.3875 215.95 299.434
  17 0.4125 215.534 305.463
  18 0.4375 215.79 299.342
  19 0.4625 216.558 295.82
  20 0.4875 215.962 306.939
  21 0.5125 215.902 304.981
  22 0.5375 216.344 309.364
  23 0.5625 215.974 316.002
  24 0.5875 215.696 308.285
  25 0.6125 215.362 305.862
  26 0.6375 215.744 302.879
  27 0.6625 215.776 305.517
  28 0.6875 215.882 305.816
  29 0.7125 216.448 299.959
  30 0.7375 215.884 296.256
  31 0.7625 216.742 297.357
  32 0.7875 216.062 296.406
  33 0.8125 216.234 297.998
  34 0.8375 215.818 294.896
  35 0.8625 216.13 284.774
  36 0.8875 216.104 288.398
  37 0.9125 215.83 295.346
  38 0.9375 216.742 293.529
  39 0.9625 216.572 294.33
  40 0.9875 215.55 297.314
335000 40 8640
  1 0.0125 215.904 287.446
  2 0.0375 215.678 287.042
  3 0.0625 216.358 287.334
  4 0.0875 216.306 286.563
  5 0.1125 215.524 289.782
  6 0.1375 216.192 292.624
  7 0.1625 215.796 291.133
  8 0.1875 215.906 291.185
  9 0.2125 215.734 296.072
  10 0.2375 216.336 295.24
  11 0.2625 215.868 294.597
  12 0.2875 216.16 299.511
  13 0.3125 216.452 299.356
  14 0.3375 216.058 300.498
  15 0.3625 216.588 301.766
  16 0.3875 216.386 292.858
  17 0.4125 216.518 297.645
  18 0.4375 215.102 304.979
  19 0.4625 216.03 308.311
  20 0.4875 215.598 302.926
  21 0.5125 215.836 309.261
  22 0.5375 215.87 310.68
  23 0.5625 216.032 309.562
  24 0.5875 216.276 316.117
  25 0.6125 216.156 316.116
  26 0.6375 216.372 307.374
  27 0.6625 216.656 308.916
  28 0.6875 215.55 304.343
  29 0.7125 216.556 297.02
  30 0.7375 216.318 293.55
  31 0.7625 215.396 291.039
  32 0.7875 215.916 292.793
  33 0.8125 215.946 290.756
  34 0.8375 215.742 294.716
  35 0.8625 215.502 295.292
  36 0.8875 216.032 293.639
  37 0.9125 215.462 299.624
  38 0.9375 215.918 302.928
  39 0.9625 216.496 300.682
  40 0.9875 215.474 286.475
340000 40 8640.000000000002
  1 0.0125 216.454 280.565
  2 0.0375 215.786 281.81
  3 0.0625 216 284.291
  4 0.0875 215.834 290.302
  5 0.1125 216.204 291.383
  6 0.1375 216.118 295.136
  7 0.1625 216.796 293.126
  8 0.1875 215.98 292.125
  9 0.2125 216.212 300.181
  10 0.2375 216.176 298.376
  11 0.2625 216.222 303.201
  12 0.2875 216.5 299.805
  13 0.3125 215.3 293.122
  14 0.3375 216.374 293.158
  15 0.3625 215.786 299.462
  16 0.3875 216.214 303.004
  17 0.4125 215.418 304.198
  18 0.4375 216.144 308.828
  19 0.4625 215.85 306.866
  20 0.4875 216.946 304.38
  21 0.5125 216.196 314.391
  22 0.5375 216.506 308.622
  23 0.5625 215.592 307.054
  24 0.5875 215.89 306.114
  25 0.6125 215.822 313.739
  26 0.6375 216.008 311.898
  27 0.6625 216.432 312.104
  28 0.6875 216.24 300.865
  29 0.7125 216.606 297.708
  30 0.7375 215.258 302.566
  31 0.7625 215.572 303.996
  32 0.7875 215.668 296.825
  33 0.8125 216.624 295.292
  34 0.8375 215.652 293.735
  35 0.8625 215.868 293.914
  36 0.8875 215.286 287.95
  37 0.9125 215.25 288.946
  38 0.9375 216.396 287.681
  39 0.9625 215.522 292.093
  40 0.9875 215.298 288.615
345000 40 8640
  1 0.0125 216.294 287.233
  2 0.0375 216.602 279.238
  3 0.0625 216.058 282.218
  4 0.0875 216.038 285.661
  5 0.1125 215.816 284.395
  6 0.1375 216.68 285.45
  7 0.1625 216.644 286.148
  8 0.1875 216.41 292.245
  9 0.2125 215.856 293.653
  10 0.2375 215.652 295.846
  11 0.2625 215.98 298.741
  12 0.2875 215.778 303.748
  13 0.3125 216.32 297.443
  14 0.3375 216.544 295.079
  15 0.3625 215.798 303.825
  16 0.3875 216.138 307.629
  17 0.4125 215.842 306.819
  18 0.4375 215.966 308.911
  19 0.4625 216.142 308.08
  20 0.4875 216.21 301.669
  21 0.5125 215.828 306.615
  22 0.5375 216.312 298.18
  23 0.5625 215.394 307.786
  24 0.5875 215.778 301.197
  25 0.6125 215.816 305.522
  26 0.6375 216.172 306.756
  27 0.6625 215.528 303.529
  28 0.6875 215.602 301.108
  29 0.7125 216.21 297.264
  30 0.7375 215.324 301.112
  31 0.7625 215.86 305.968
  32 0.7875 215.97 304.887
  33 0.8125 215.892 310.203
  34 0.8375 215.304 308.354
  35 0.8625 216.12 303.674
  36 0.8875 215.678 299.557
  37 0.9125 215.838 295.111
  38 0.9375 216.232 291.578
  39 0.9625 216.564 286.562
  40 0.9875 215.81 286.568
350000 40 8640
  1 0.0125 216.638 283.183
  2 0.0375 215.94 281.909
  3 0.0625 216.54 282.115
  4 0.0875 216.198 282.454
  5 0.1125 216.136 287.735
  6 0.1375 215.844 290.827
  7 0.1625 215.728 292.294
  8 0.1875 215.91 293.131
  9 0.2125 216.536 295.819
  10 0.2375 215.446 303.319
  11 0.2625 216.274 306.587
  12 0.2875 215.882 298.58
  13 0.3125 216.512 307.004
  14 0.3375 216.066 304.57
  15 0.3625 215.578 296.794
  16 0.3875 216.274 312.852
  17 0.4125 216.298 307.624
  18 0.4375 216.152 310.92
  19 0.4625 216.436 305.597
  20 0.4875 215.876 306.97
  21 0.5125 216.178 311.575
  22 0.5375 215.604 300.567
  23 0.5625 215.638 312.258
  24 0.5875 215.522 310.896
  25 0.6125 216.208 304.073
  26 0.6375 215.648 302.731
  27 0.6625 216.224 307.591
  28 0.6875 215.968 306.611
  29 0.7125 216.308 294.579
  30 0.7375 215.206 292.06
  31 0.7625 216.012 298.366
  32 0.7875 215.472 297.587
  33 0.8125 215.514 302.576
  34 0.8375 216.19 292.236
  35 0.8625 215.626 293.408
  36 0.8875 215.974 290.566
  37 0.9125 215.87 289.162
  38 0.9375 215.968 289.379
  39 0.9625 215.994 292.441
  40 0.9875 216.612 287.369
355000 40 8640
  1 0.0125 215.844 274.627
  2 0.0375 215.914 275.21
  3 0.0625 216.322 279.892
  4 0.0875 215.842 281.049
  5 0.1125 216.494 288.066
  6 0.1375 216.148 293.389
  7 0.1625 215.792 296.912
  8 0.1875 215.948 294.71
  9 0.2125 215.446 295.857
  10 0.2375 216.064 300.439
  11 0.2625 216.024 303.444
  12 0.2875 216.148 306.449
  13 0.3125 215.526 310.064
  14 0.3375 216.276 311.952
  15 0.3625 216.024 307.2
  16 0.3875 215.66 305.596
  17 0.4125 216.478 302.177
  18 0.4375 216.172 300.705
  19 0.4625 216.218 301.204
  20 0.4875 215.756 308.096
  21 0.5125 215.59 315.136
  22 0.5375 215.902 306.263
  23 0.5625 216.19 303.62
  24 0.5875 216.4 303.661
  25 0.6125 216.302 304.277
  26 0.6375 215.43 304.928
  27 0.6625 216.014 301.393
  28 0.6875 215.754 292.193
  29 0.7125 216.028 295.056
  30 0.7375 216.168 306.794
  31 0.7625 216.116 309.979
  32 0.7875 216.268 305.793
  33 0.8125 215.698 306.42
  34 0.8375 216.062 295.78
  35 0.8625 216.02 291.618
  36 0.8875 216.06 297.089
  37 0.9125 215.956 293.448
  38 0.9375 216.168 282.132
  39 0.9625 215.65 288.236
  40 0.9875 216.128 285.036
360000 40 8639.999999999998
  1 0.0125 215.98 279.364
  2 0.0375 216.114 279.457
  3 0.0625 216.21 285.039
  4 0.0875 216.362 281.517
  5 0.1125 216.256 287.951
  6 0.1375 215.762 290.081
  7 0.1625 216.268 299.421
  8 0.1875 215.54 299.478
  9 0.2125 216.002 303.648
  10 0.2375 215.854 307.864
  11 0.2625 216.264 303.686
  12 0.2875 215.66 306.937
  13 0.3125 216.046 306.61
  14 0.3375 216.478 312.282
  15 0.3625 215.632 304.803
  16 0.3875 216.294 299.661
  17 0.4125 216.552 295.275
  18 0.4375 215.806 292.293
  19 0.4625 216.158 298.324
  20 0.4875 215.638 306.895
  21 0.5125 215.67 311.881
  22 0.5375 216.132 319.083
  23 0.5625 216.186 316.213
  24 0.5875 215.924 309.93
  25 0.6125 215.546 302.746
  26 0.6375 216.596 294.915
  27 0.6625 215.258 297.365
  28 0.6875 216.582 291.603
  29 0.7125 215.748 291.265
  30 0.7375 216.48 299.887
  31 0.7625 215.644 303.258
  32 0.7875 215.456 291.978
  33 0.8125 215.664 296.676
  34 0.8375 215.98 301.807
  35 0.8625 215.928 291.551
  36 0.8875 215.792 293.31
  37 0.9125 215.954 293.058
  38 0.9375 216.178 293.015
  39 0.9625 216.142 296.518
  40 0.9875 216.264 290.817
365000 40 8639.999999999998
  1 0.0125 215.73 278.101
  2 0.0375 216.138 277.332
  3 0.0625 215.294 282.094
  4 0.0875 216.078 289.766
  5 0.1125 215.246 292.114
  6 0.1375 216.272 297.485
  7 0.1625 215.848 289.307
  8 0.1875 216.156 297.953
  9 0.2125 216.088 299.153
  10 0.2375 216.16 303.866
  11 0.2625 216.134 301.269
  12 0.2875 216.344 300.662
  13 0.3125 215.684 304.818
  14 0.3375 216.112 298.818
  15 0.3625 215.51 302.254
  16 0.3875 216.008 296.756
  17 0.4125 215.922 306.882
  18 0.4375 215.806 305.652
  19 0.4625 216.02 303.707
  20 0.4875 216.686 306.79
  21 0.5125 215.722 311.591
  22 0.5375 216.684 305.999
  23 0.5625 216.142 309.354
  24 0.5875 216.342 307.403
  25 0.6125 215.582 301.74
  26 0.6375 215.476 297.993
  27 0.6625 216.048 295.836
  28 0.6875 215.606 297.044
  29 0.7125 215.958 301.743
  30 0.7375 216.47 310.085
  31 0.7625 216.164 303.396
  32 0.7875 216.256 303.738
  33 0.8125 216.044 302.891
  34 0.8375 215.914 296.178
  35 0.8625 216.196 295.369
  36 0.8875 215.766 294.271
  37 0.9125 216.526 291.545
  38 0.9375 215.834 287.695
  39 0.9625 215.964 293.741
  40 0.9875 216.07 284.633
370000 40 8640
  1 0.0125 215.882 281.881
  2 0.0375 215.974 283.351
  3 0.0625 215.77 292.507
  4 0.0875 216.49 289.344
  5 0.1125 215.828 283.454
  6 0.1375 216.664 295.29
  7 0.1625 215.904 293.496
  8 0.1875 216.15 290.954
  9 0.2125 216.282 295.287
  10 0.2375 215.45 295.756
  11 0.2625 216.812 297.89
  12 0.2875 215.974 298.782
  13 0.3125 216.242 300.288
  14 0.3375 215.778 300.493
  15 0.3625 216.022 306.815
  16 0.3875 215.618 311.223
  17 0.4125 216.758 303.524
  18 0.4375 215.398 299.065
  19 0.4625 215.746 296.343
  20 0.4875 216.004 300.401
  21 0.5125 215.506 307.795
  22 0.5375 216.532 312.224
  23 0.5625 216.074 315.633
  24 0.5875 215.542 307.502
  25 0.6125 216.314 301.301
  26 0.6375 215.536 300.718
  27 0.6625 216.376 300.884
  28 0.6875 215.662 303.508
  29 0.7125 215.974 304.153
  30 0.7375 216.574 305.448
  31 0.7625 215.754 302.33
  32 0.7875 216.618 298.707
  33 0.8125 215.734 295.798
  34 0.8375 215.952 292.379
  35 0.8625 215.78 298.621
  36 0.8875 216.212 292.73
  37 0.9125 215.786 298.094
  38 0.9375 215.41 293.58
  39 0.9625 216.108 292.985
  40 0.9875 215.81 286.932
375000 40 8639.999999999998
  1 0.0125 215.642 283.672
  2 0.0375 216.646 284.19
  3 0.0625 215.88 286.108
  4 0.0875 215.9 286.041
  5 0.1125 216.862 292.913
  6 0.1375 216.444 302.123
  7 0.1625 216.274 296.709
  8 0.1875 216.286 293.013
  9 0.2125 216.168 291.256
  10 0.2375 215.716 291.301
  11 0.2625 215.83 298.422
  12 0.2875 216.366 295.686
  13 0.3125 215.972 295.251
  14 0.3375 215.616 302.652
  15 0.3625 215.922 300.782
  16 0.3875 216.106 302.133
  17 0.4125 215.674 301.922
  18 0.4375 216.786 305.925
  19 0.4625 215.338 300.047
  20 0.4875 216.066 300.706
  21 0.5125 216.324 308.636
  22 0.5375 215.802 313.882
  23 0.5625 215.674 312.921
  24 0.5875 215.788 315.985
  25 0.6125 215.984 313.231
  26 0.6375 215.736 307.314
  27 0.6625 216.484 299.726
  28 0.6875 215.74 300.596
  29 0.7125 215.842 302.189
  30 0.7375 216.47 303.9
  31 0.7625 215.822 301.754
  32 0.7875 216.34 296.168
  33 0.8125 215.664 297.231
  34 0.8375 215.614 295.287
  35 0.8625 215.684 293.923
  36 0.8875 215.952 289.339
  37 0.9125 216.122 295.347
  38 0.9375 216.126 288.987
  39 0.9625 215.464 289.021
  40 0.9875 215.874 291.787
380000 40 8640.000000000002
  1 0.0125 215.262 283.482
  2 0.0375 216.168 279.125
  3 0.0625 215.782 272.886
  4 0.0875 215.77 279.288
  5 0.1125 216.454 281.453
  6 0.1375 215.79 285.007
  7 0.1625 216.698 288.108
  8 0.1875 215.748 298.608
  9 0.2125 216.85 301.232
  10 0.2375 215.534 305.452
  11 0.2625 216.422 304.546
  12 0.2875 216.146 295.638
  13 0.3125 216.172 300.429
  14 0.3375 216.172 300.119
  15 0.3625 215.656 294.749
  16 0.3875 215.848 294.62
  17 0.4125 215.868 297.675
  18 0.4375 216.428 303.687
  19 0.4625 215.964 313.95
  20 0.4875 216.064 303.885
  21 0.5125 215.704 304.939
  22 0.5375 215.75 314.782
  23 0.5625 215.87 314.911
  24 0.5875 216.02 310.735
  25 0.6125 216.198 298.44
  26 0.6375 215.862 301.876
  27 0.6625 216.226 305.369
  28 0.6875 216.144 305.565
  29 0.7125 216.368 310.49
  30 0.7375 215.838 310.114
  31 0.7625 215.466 300.325
  32 0.7875 216.17 303.823
  33 0.8125 215.83 307.403
  34 0.8375 215.388 306.521
  35 0.8625 216.354 298.569
  36 0.8875 216.01 294.924
  37 0.9125 216.322 291.48
  38 0.9375 215.714 295.177
  39 0.9625 215.768 288.73
  40 0.9875 216.202 278.674
385000 40 8640.000000000002
  1 0.0125 215.83 283.063
  2 0.0375 216.434 282.168
  3 0.0625 216.27 278.183
  4 0.0875 215.656 282.89
  5 0.1125 216.276 291.772
  6 0.1375 216.592 292.827
  7 0.1625 215.924 296.826
  8 0.1875 215.84 301.836
  9 0.2125 216.29 296.75
  10 0.2375 216.288 294.303
  11 0.2625 215.666 303.585
  12 0.2875 215.848 304.255
  13 0.3125 216.002 295.692
  14 0.3375 216.752 292.859
  15 0.3625 215.332 296.617
  16 0.3875 216.158 300.616
  17 0.4125 215.868 299.791
  18 0.4375 216.05 294.846
  19 0.4625 216.034 298.743
  20 0.4875 215.658 307.208
  21 0.5125 216.1 309.682
  22 0.5375 215.238 312.741
  23 0.5625 216.01 307.888
  24 0.5875 215.562 306.836
  25 0.6125 216.198 301.813
  26 0.6375 216.23 305.373
  27 0.6625 216.542 302.53
  28 0.6875 215.8 303.27
  29 0.7125 216.052 303.285
  30 0.7375 216.506 306.234
  31 0.7625 216.26 305.477
  32 0.7875 215.296 302.059
  33 0.8125 216.038 297.223
  34 0.8375 216.132 296.28
  35 0.8625 215.22 300.105
  36 0.8875 216.042 297.58
  37 0.9125 216.288 295.541
  38 0.9375 216.068 297.032
  39 0.9625 215.268 294.702
  40 0.9875 216.382 287.045
390000 40 8639.999999999998
  1 0.0125 216.156 285.725
  2 0.0375 216.604 291.667
  3 0.0625 216.098 289.358
  4 0.0875 216.25 287.412
  5 0.1125 215.302 286.627
  6 0.1375 216.424 292.66
  7 0.1625 216.782 290.757
  8 0.1875 215.504 301.242
  9 0.2125 216.324 301.438
  10 0.2375 216.03 293.709
  11 0.2625 215.654 298.818
  12 0.2875 216.316 304.623
  13 0.3125 216.086 301.849
  14 0.3375 215.98 300.01
  15 0.3625 215.632 305.134
  16 0.3875 215.662 308.619
  17 0.4125 216.314 308.351
  18 0.4375 216.496 300.526
  19 0.4625 215.688 309.625
  20 0.4875 216.854 300.823
  21 0.5125 216.082 302.074
  22 0.5375 215.988 300.949
  23 0.5625 216.012 303.046
  24 0.5875 215.608 302.782
  25 0.6125 215.88 309.735
  26 0.6375 215.442 307.923
  27 0.6625 216.226 305.723
  28 0.6875 216.318 305.621
  29 0.7125 215.474 301.853
  30 0.7375 215.878 294.086
  31 0.7625 215.976 301.18
  32 0.7875 215.848 305.015
  33 0.8125 214.964 302.413
  34 0.8375 216.056 298.282
  35 0.8625 216.11 292.724
  36 0.8875 215.628 289.642
  37 0.9125 216.216 284.817
  38 0.9375 216.208 283.816
  39 0.9625 215.978 287.834
  40 0.9875 215.952 287.979
395000 40 8639.999999999996
  1 0.0125 215.958 288.313
  2 0.0375 215.65 286.942
  3 0.0625 217.004 273.841
  4 0.0875 215.548 276.066
  5 0.1125 216.622 282.197
  6 0.1375 215.946 290.698
  7 0.1625 216.138 295.726
  8 0.1875 216.922 299.262
  9 0.2125 215.76 304.232
  10 0.2375 216.294 298.666
  11 0.2625 215.886 295.867
  12 0.2875 215.192 294.124
  13 0.3125 215.876 295.186
  14 0.3375 216.048 298.897
  15 0.3625 215.376 301.434
  16 0.3875 216.774 302.491
  17 0.4125 216.3 304.13
  18 0.4375 215.87 305.507
  19 0.4625 216.822 307.421
  20 0.4875 216.268 307.839
  21 0.5125 215.342 309.388
  22 0.5375 215.94 314.566
  23 0.5625 215.58 311.987
  24 0.5875 215.786 304.962
  25 0.6125 216.27 311.184
  26 0.6375 215.776 305.771
  27 0.6625 216.018 301.433
  28 0.6875 215.436 306.148
  29 0.7125 215.646 301.864
  30 0.7375 215.928 301.307
  31 0.7625 215.714 297.591
  32 0.7875 215.586 296.934
  33 0.8125 216.154 305.65
  34 0.8375 215.91 299.464
  35 0.8625 216.54 293.622
  36 0.8875 215.652 295.458
  37 0.9125 215.91 288.251
  38 0.9375 216.082 292.254
  39 0.9625 216.168 289.369
  40 0.9875 216.308 289.312
400000 40 8640
  1 0.0125 216.376 282.028
  2 0.0375 216.476 279.431
  3 0.0625 215.4 279.536
  4 0.0875 216.71 286.34
  5 0.1125 216.152 293.215
  6 0.1375 216.762 295.932
  7 0.1625 216.506 293.346
  8 0.1875 216.338 297.26
  9 0.2125 215.35 294.056
  10 0.2375 216.724 289.002
  11 0.2625 215.298 287.292
  12 0.2875 216.316 288.673
  13 0.3125 216.014 293.166
  14 0.3375 215.87 289.698
  15 0.3625 215.744 296.073
  16 0.3875 215.498 299.777
  17 0.4125 216.134 299.986
  18 0.4375 215.176 306.848
  19 0.4625 216.294 310.37
  20 0.4875 216.034 312.233
  21 0.5125 215.81 320.14
  22 0.5375 215.678 321.124
  23 0.5625 215.488 316.748
  24 0.5875 216.468 307.348
  25 0.6125 215.744 308.165
  26 0.6375 216.016 305.056
  27 0.6625 215.456 307.241
  28 0.6875 215.768 303.747
  29 0.7125 215.93 297.108
  30 0.7375 216.936 299.922
  31 0.7625 215.804 304.956
  32 0.7875 215.818 300.559
  33 0.8125 215.806 304.745
  34 0.8375 216.328 298.969
  35 0.8625 215.558 293.358
  36 0.8875 216.394 294.84
  37 0.9125 215.642 298.52
  38 0.9375 215.936 289.576
  39 0.9625 216.304 290.252
  40 0.9875 215.944 291.439
405000 40 8639.999999999998
  1 0.0125 215.742 280.722
  2 0.0375 215.838 283.367
  3 0.0625 216.478 282.386
  4 0.0875 216.182 280.808
  5 0.1125 216.332 283.337
  6 0.1375 215.766 291.355
  7 0.1625 216.236 282.487
  8 0.1875 216.092 289.822
  9 0.2125 215.768 298.798
  10 0.2375 216 297.536
  11 0.2625 216.358 296.907
  12 0.2875 215.69 291.675
  13 0.3125 216.154 294.877
  14 0.3375 215.312 298.921
  15 0.3625 215.362 302.266
  16 0.3875 215.81 301.996
  17 0.4125 216.51 303.969
  18 0.4375 215.716 306.949
  19 0.4625 215.426 308.321
  20 0.4875 215.46 307.438
  21 0.5125 216.4 302.726
  22 0.5375 215.808 306.614
  23 0.5625 215.596 312.83
  24 0.5875 216.134 319.592
  25 0.6125 215.762 316.42
  26 0.6375 216.21 312.674
  27 0.6625 216.132 306.043
  28 0.6875 216.056 307.189
  29 0.7125 216.53 304.575
  30 0.7375 216.516 299.31
  31 0.7625 215.752 299.635
  32 0.7875 215.964 304.899
  33 0.8125 215.808 295.113
  34 0.8375 216.146 297.183
  35 0.8625 216.42 296.148
  36 0.8875 215.608 293.425
  37 0.9125 215.992 292.462
  38 0.9375 216.306 291.081
  39 0.9625 216.192 295.159
  40 0.9875 216.436 291.802
410000 40 8640
  1 0.0125 216.054 284.264
  2 0.0375 216.65 280.18
  3 0.0625 217.354 275.639
  4 0.0875 216.43 280
  5 0.1125 216.368 291.989
  6 0.1375 215.268 291.31
  7 0.1625 215.954 295.043
  8 0.1875 215.768 299.689
  9 0.2125 215.48 290.692
  10 0.2375 215.788 290.759
  11 0.2625 215.884 297.067
  12 0.2875 215.802 294.617
  13 0.3125 214.854 296.02
  14 0.3375 215.974 304.237
  15 0.3625 216.178 305.477
  16 0.3875 216.608 308.226
  17 0.4125 215.664 306.756
  18 0.4375 215.886 306.003
  19 0.4625 216.31 307.84
  20 0.4875 215.316 307.583
  21 0.5125 215.598 305.95
  22 0.5375 215.818 306.793
  23 0.5625 215.924 310.919
  24 0.5875 216.36 314.249
  25 0.6125 215.598 307.988
  26 0.6375 216.038 312.834
  27 0.6625 215.788 314.048
  28 0.6875 215.742 296.973
  29 0.7125 216.184 296.705
  30 0.7375 216.344 299.893
  31 0.7625 215.444 301.5
  32 0.7875 216.386 303.498
  33 0.8125 216.632 299.01
  34 0.8375 216.254 298.987
  35 0.8625 216.084 296.362
  36 0.8875 215.784 293.774
  37 0.9125 215.746 293.586
  38 0.9375 216.256 296.001
  39 0.9625 216.186 286.263
  40 0.9875 216.244 279.643
415000 40 8640.000000000002
  1 0.0125 216.218 279.132
  2 0.0375 216.352 276.525
  3 0.0625 216.198 276.743
  4 0.0875 215.812 286.974
  5 0.1125 215.954 286.665
  6 0.1375 216.326 290.091
  7 0.1625 216.526 291.765
  8 0.1875 216.07 301.743
  9 0.2125 216.16 297.897
  10 0.2375 215.904 290.752
  11 0.2625 216.048 296.598
  12 0.2875 215.924 293.192
  13 0.3125 216.25 299.151
  14 0.3375 215.386 303.655
  15 0.3625 215.738 315.401
  16 0.3875 216.142 314.028
  17 0.4125 215.97 303.499
  18 0.4375 215.954 303.366
  19 0.4625 215.926 310.855
  20 0.4875 215.768 311.59
  21 0.5125 215.564 317.73
  22 0.5375 216.238 312.956
  23 0.5625 216.22 305.36
  24 0.5875 215.512 312.839
  25 0.6125 216.468 304.461
  26 0.6375 215.992 297.881
  27 0.6625 216.43 297.464
  28 0.6875 215.848 296.905
  29 0.7125 215.472 303.134
  30 0.7375 216.192 306.909
  31 0.7625 215.618 300.924
  32 0.7875 215.792 293.634
  33 0.8125 215.79 298.193
  34 0.8375 216.436 305.691
  35 0.8625 215.74 300.277
  36 0.8875 216.49 293.44
  37 0.9125 216.456 298.503
  38 0.9375 215.584 289.092
  39 0.9625 215.484 283.101
  40 0.9875 216.048 279.632
420000 40 8640
  1 0.0125 216.412 281.749
  2 0.0375 215.884 289.94
  3 0.0625 215.128 291.571
  4 0.0875 216.41 290.38
  5 0.1125 216.068 289.078
  6 0.1375 216.43 289.776
  7 0.1625 215.564 295.402
  8 0.1875 215.736 298.819
  9 0.2125 216.49 297.23
  10 0.2375 215.612 296.728
  11 0.2625 216.252 300.512
  12 0.2875 216.25 300.578
  13 0.3125 215.886 301.905
  14 0.3375 215.686 295.445
  15 0.3625 215.946 295.151
  16 0.3875 216.664 301.929
  17 0.4125 215.762 305.046
  18 0.4375 216.224 297.981
  19 0.4625 216.238 296.841
  20 0.4875 216.2 302.882
  21 0.5125 216.124 309.672
  22 0.5375 215.95 310.522
  23 0.5625 215.644 308.58
  24 0.5875 215.464 316.158
  25 0.6125 215.58 309.318
  26 0.6375 216.148 302.423
  27 0.6625 215.59 298.759
  28 0.6875 215.912 295.58
  29 0.7125 215.898 298.119
  30 0.7375 214.86 298.957
  31 0.7625 216.34 303.179
  32 0.7875 216.208 297.252
  33 0.8125 216.29 302.694
  34 0.8375 216.176 300.248
  35 0.8625 215.754 301.103
  36 0.8875 216.344 294.069
  37 0.9125 216.502 291.188
  38 0.9375 216.008 291.291
  39 0.9625 216.528 293.538
  40 0.9875 215.838 286.93
425000 40 8639.999999999998
  1 0.0125 215.986 281.771
  2 0.0375 215.728 286.645
  3 0.0625 215.536 287.754
  4 0.0875 215.386 290.58
  5 0.1125 216.996 287.786
  6 0.1375 215.886 297.584
  7 0.1625 215.94 294.005
  8 0.1875 215.352 292.98
  9 0.2125 215.868 294.406
  10 0.2375 216.094 293.071
  11 0.2625 216.038 294.009
  12 0.2875 216.61 294.174
  13 0.3125 215.392 296.793
  14 0.3375 216.196 292.029
  15 0.3625 216.186 292.658
  16 0.3875 216.26 299.082
  17 0.4125 215.466 299.292
  18 0.4375 216.094 301.763
  19 0.4625 216.112 303.639
  20 0.4875 215.954 310.032
  21 0.5125 216.908 308.169
  22 0.5375 215.702 309.847
  23 0.5625 216.07 309.365
  24 0.5875 215.326 314.689
  25 0.6125 215.83 309.392
  26 0.6375 216.026 309.204
  27 0.6625 216.34 309.394
  28 0.6875 215.86 302.558
  29 0.7125 215.542 306.962
  30 0.7375 216.756 303.765
  31 0.7625 215.724 305.562
  32 0.7875 216.298 302.22
  33 0.8125 216.408 300.152
  34 0.8375 215.772 297.354
  35 0.8625 216.182 294.529
  36 0.8875 216.416 291.155
  37 0.9125 216.004 290.856
  38 0.9375 215.44 298.29
  39 0.9625 215.926 290.72
  40 0.9875 216.39 282.91
430000 40 8639.999999999998
  1 0.0125 215.29 290.982
  2 0.0375 216.602 292.026
  3 0.0625 215.296 293.792
  4 0.0875 216.094 293.042
  5 0.1125 216.068 303.281
  6 0.1375 216.494 303.601
  7 0.1625 215.684 298.395
  8 0.1875 215.938 292.512
  9 0.2125 216.054 292.489
  10 0.2375 215.98 294.03
  11 0.2625 216.354 292.436
  12 0.2875 215.912 296.845
  13 0.3125 216.016 295.345
  14 0.3375 216.336 290.531
  15 0.3625 215.352 295.734
  16 0.3875 216.47 296.337
  17 0.4125 215.884 302.628
  18 0.4375 215.674 303.723
  19 0.4625 216.716 304.316
  20 0.4875 215.588 308.804
  21 0.5125 216.138 316.329
  22 0.5375 215.98 315.24
  23 0.5625 215.584 311.272
  24 0.5875 215.906 302.244
  25 0.6125 216.008 301.341
  26 0.6375 216.792 301.238
  27 0.6625 215.788 303.372
  28 0.6875 216.062 302.942
  29 0.7125 216.088 306.99
  30 0.7375 216.45 302.705
  31 0.7625 215.55 308.214
  32 0.7875 215.922 304.056
  33 0.8125 216.162 292.442
  34 0.8375 215.96 287.419
  35 0.8625 216.098 289.089
  36 0.8875 215.682 286.387
  37 0.9125 215.772 286.136
  38 0.9375 216.192 288.788
  39 0.9625 215.73 293.169
  40 0.9875 216.334 288.203
435000 40 8640
  1 0.0125 215.728 283.178
  2 0.0375 215.668 286.652
  3 0.0625 216.084 281.282
  4 0.0875 215.702 287.675
  5 0.1125 216.112 294.626
  6 0.1375 215.984 295.32
  7 0.1625 216.35 297.354
  8 0.1875 215.688 299.994
  9 0.2125 216.788 295.609
  10 0.2375 215.8 293.533
  11 0.2625 216.476 295.175
  12 0.2875 216.142 297.98
  13 0.3125 215.516 301.888
  14 0.3375 216.408 292.657
  15 0.3625 216.444 292.937
  16 0.3875 215.864 303.704
  17 0.4125 215.812 308.717
  18 0.4375 215.956 302.544
  19 0.4625 215.534 300.727
  20 0.4875 216.128 302.344
  21 0.5125 216.196 312.116
  22 0.5375 215.666 323.747
  23 0.5625 215.432 314.515
  24 0.5875 215.432 305.601
  25 0.6125 216.09 304.444
  26 0.6375 216.052 305.192
  27 0.6625 215.92 299.869
  28 0.6875 216.412 295.507
  29 0.7125 216.088 294.791
  30 0.7375 215.954 298.966
  31 0.7625 216.322 297.366
  32 0.7875 216.278 295.494
  33 0.8125 216.28 296.534
  34 0.8375 216.13 306.468
  35 0.8625 216.386 304.37
  36 0.8875 215.478 299.076
  37 0.9125 216.086 290.399
  38 0.9375 215.482 290.478
  39 0.9625 216.42 293.638
  40 0.9875 215.712 285.094
440000 40 8639.999999999998
  1 0.0125 216.086 287.197
  2 0.0375 216.194 291.249
  3 0.0625 215.816 281.827
  4 0.0875 215.748 283.634
  5 0.1125 215.988 284.086
  6 0.1375 216.134 291.294
  7 0.1625 215.834 294.435
  8 0.1875 216.576 296.371
  9 0.2125 216.488 297.436
  10 0.2375 216.458 294.143
  11 0.2625 215.32 290.367
  12 0.2875 216.806 291.159
  13 0.3125 215.692 296.322
  14 0.3375 216.274 296.094
  15 0.3625 216.038 297.442
  16 0.3875 215.616 293.38
  17 0.4125 215.87 301.212
  18 0.4375 216.178 304.983
  19 0.4625 215.364 305.821
  20 0.4875 215.58 309.024
  21 0.5125 216.61 306.27
  22 0.5375 215.68 320.116
  23 0.5625 216.188 316.643
  24 0.5875 215.668 314.603
  25 0.6125 216.708 298.014
  26 0.6375 215.582 298.171
  27 0.6625 215.826 301.115
  28 0.6875 215.648 298.495
  29 0.7125 215.258 296.572
  30 0.7375 216.082 302.954
  31 0.7625 216.064 306.409
  32 0.7875 216.054 298.152
  33 0.8125 215.802 295.376
  34 0.8375 216.686 299.716
  35 0.8625 215.638 305.075
  36 0.8875 215.964 303.033
  37 0.9125 216.008 297.837
  38 0.9375 215.612 295.094
  39 0.9625 216.666 289.621
  40 0.9875 216.196 296.633
445000 40 8639.999999999998
  1 0.0125 215.448 287.499
  2 0.0375 215.628 278.429
  3 0.0625 216.05 276.781
  4 0.0875 216.334 279.037
  5 0.1125 215.772 285.503
  6 0.1375 216.4 291.111
  7 0.1625 215.824 294.7
  8 0.1875 215.484 305.292
  9 0.2125 216.358 305.94
  10 0.2375 216.046 301.794
  11 0.2625 216.65 295.626
  12 0.2875 216.176 299.638
  13 0.3125 216.376 300.243
  14 0.3375 216.17 296.768
  15 0.3625 216.038 298.996
  16 0.3875 216.12 299.008
  17 0.4125 216.106 295.368
  18 0.4375 216.49 297.512
  19 0.4625 215.838 311.633
  20 0.4875 216.486 315.01
  21 0.5125 216.084 304.907
  22 0.5375 216.278 308.553
  23 0.5625 216.208 308.747
  24 0.5875 216.088 306.968
  25 0.6125 216.25 303.274
  26 0.6375 215.626 302.131
  27 0.6625 215.366 303.497
  28 0.6875 215.744 300.34
  29 0.7125 215.814 300.907
  30 0.7375 216.19 302.253
  31 0.7625 215.636 305.308
  32 0.7875 215.112 303.889
  33 0.8125 216.334 296.856
  34 0.8375 215.376 304.493
  35 0.8625 215.492 304.166
  36 0.8875 216.594 292.822
  37 0.9125 216.07 293.947
  38 0.9375 215.934 290.174
  39 0.9625 215.782 287.598
  40 0.9875 216.228 289.518
450000 40 8639.999999999998
  1 0.0125 215.904 285.384
  2 0.0375 215.97 285.219
  3 0.0625 216.226 282.952
  4 0.0875 215.54 288.481
  5 0.1125 215.654 291.687
  6 0.1375 216.002 289.057
  7 0.1625 215.776 293.953
  8 0.1875 215.822 295.531
  9 0.2125 216.024 292.655
  10 0.2375 215.982 294.793
  11 0.2625 216.022 297.263
  12 0.2875 216.44 299.613
  13 0.3125 216.388 294.038
  14 0.3375 216.6 298.255
  15 0.3625 216.002 299.389
  16 0.3875 216.086 294.693
  17 0.4125 216.662 296.789
  18 0.4375 215.386 297.837
  19 0.4625 215.554 303.647
  20 0.4875 216.292 307
  21 0.5125 215.848 304.062
  22 0.5375 216.084 306.656
  23 0.5625 216.03 304.18
  24 0.5875 216.422 305.922
  25 0.6125 215.714 306.003
  26 0.6375 216.018 297.228
  27 0.6625 216.142 297.404
  28 0.6875 215.934 293.054
  29 0.7125 215.646 302.66
  30 0.7375 215.764 305.672
  31 0.7625 216.322 306.443
  32 0.7875 216.118 300.848
  33 0.8125 215.858 304.306
  34 0.8375 215.792 300.973
  35 0.8625 216.134 301.103
  36 0.8875 216.002 301.01
  37 0.9125 215.628 306.294
  38 0.9375 216.476 302.928
  39 0.9625 216.088 300.379
  40 0.9875 215.648 291.99
455000 40 8640
  1 0.0125 215.806 288.517
  2 0.0375 215.852 283.364
  3 0.0625 215.912 283.716
  4 0.0875 216.064 282.112
  5 0.1125 216.046 288.011
  6 0.1375 216.066 291.24
  7 0.1625 216.288 294.132
  8 0.1875 215.894 299.027
  9 0.2125 215.908 300.798
  10 0.2375 216.266 301.514
  11 0.2625 216.402 300.125
  12 0.2875 216.158 301.81
  13 0.3125 216.162 298.618
  14 0.3375 215.998 292.132
  15 0.3625 216.184 291.88
  16 0.3875 216.056 293.915
  17 0.4125 216.404 299.03
  18 0.4375 216.19 299.361
  19 0.4625 215.458 310.178
  20 0.4875 215.916 298.302
  21 0.5125 215.726 298.069
  22 0.5375 215.686 305.988
  23 0.5625 215.762 304.459
  24 0.5875 216.224 309.383
  25 0.6125 215.258 302.032
  26 0.6375 215.858 290.352
  27 0.6625 216.39 295.441
  28 0.6875 215.704 301.75
  29 0.7125 216.27 308.786
  30 0.7375 215.666 317.719
  31 0.7625 217.032 311.227
  32 0.7875 214.838 307.487
  33 0.8125 217.014 302.065
  34 0.8375 215.486 306.815
  35 0.8625 216.53 301.098
  36 0.8875 215.678 300.445
  37 0.9125 216.164 298.27
  38 0.9375 216.402 291.793
  39 0.9625 215.546 290.263
  40 0.9875 215.736 285.185
460000 40 8639.999999999998
  1 0.0125 216.504 282.583
  2 0.0375 215.892 276.383
  3 0.0625 217.04 284.682
  4 0.0875 215.84 287.195
  5 0.1125 216.536 298.04
  6 0.1375 216.51 298.887
  7 0.1625 216.272 294.458
  8 0.1875 216.192 304.073
  9 0.2125 216.22 298.907
  10 0.2375 216.088 299.617
  11 0.2625 216.23 298.652
  12 0.2875 216.326 302.319
  13 0.3125 215.812 299.424
  14 0.3375 216.104 297.68
  15 0.3625 215.84 302.298
  16 0.3875 215.674 304.267
  17 0.4125 216.592 300.895
  18 0.4375 215.876 301.13
  19 0.4625 215.882 305.402
  20 0.4875 215.958 299.924
  21 0.5125 215.896 304.327
  22 0.5375 215.878 301.554
  23 0.5625 215.79 305.612
  24 0.5875 215.238 310.998
  25 0.6125 216.224 304.022
  26 0.6375 215.54 303.605
  27 0.6625 216.388 302.596
  28 0.6875 216.21 303.695
  29 0.7125 215.96 298.219
  30 0.7375 215.242 301.946
  31 0.7625 216.45 304.788
  32 0.7875 215.608 310.055
  33 0.8125 215.712 299.949
  34 0.8375 215.118 292.637
  35 0.8625 215.476 290.781
  36 0.8875 215.654 289.806
  37 0.9125 216.182 290.896
  38 0.9375 216.164 291.556
  39 0.9625 215.836 292.827
  40 0.9875 216.046 291.567
465000 40 8640.000000000004
  1 0.0125 215.68 289.548
  2 0.0375 215.972 284.297
  3 0.0625 216.276 286.24
  4 0.0875 216.47 292.605
  5 0.1125 216.188 290.849
  6 0.1375 216.456 290.756
  7 0.1625 215.536 305.702
  8 0.1875 216.428 304.419
  9 0.2125 216.34 298.815
  10 0.2375 215.642 288.737
  11 0.2625 216.452 285.742
  12 0.2875 215.752 295.749
  13 0.3125 215.794 308.07
  14 0.3375 216.902 307.503
  15 0.3625 215.626 303.747
  16 0.3875 216.196 301.496
  17 0.4125 215.708 302.533
  18 0.4375 215.886 300.05
  19 0.4625 216.236 298.397
  20 0.4875 216.248 303.902
  21 0.5125 216 314.214
  22 0.5375 215.494 309.902
  23 0.5625 215.62 305.17
  24 0.5875 215.538 301.861
  25 0.6125 215.89 301.883
  26 0.6375 215.862 301.391
  27 0.6625 215.792 303.143
  28 0.6875 215.928 309.379
  29 0.7125 216.408 305.955
  30 0.7375 215.716 297.407
  31 0.7625 215.984 296.618
  32 0.7875 216.026 298.546
  33 0.8125 216.344 301.479
  34 0.8375 216.468 291.206
  35 0.8625 215.746 292.421
  36 0.8875 215.774 284.962
  37 0.9125 215.828 289.165
  38 0.9375 215.704 294.491
  39 0.9625 216.092 296.051
  40 0.9875 215.998 291.804
470000 40 8640
  1 0.0125 215.658 284.716
  2 0.0375 216.262 283.887
  3 0.0625 215.72 276.665
  4 0.0875 216.236 279.153
  5 0.1125 216.396 289.736
  6 0.1375 215.862 291.708
  7 0.1625 215.848 295.05
  8 0.1875 215.744 290.203
  9 0.2125 216.256 295.5
  10 0.2375 215.368 295.349
  11 0.2625 215.826 289.971
  12 0.2875 216.638 291.762
  13 0.3125 215.9 290.706
  14 0.3375 216.074 290.945
  15 0.3625 216.192 300.623
  16 0.3875 215.846 300.076
  17 0.4125 216.078 300.104
  18 0.4375 215.456 305.398
  19 0.4625 216.318 313.659
  20 0.4875 216.256 310.837
  21 0.5125 216.222 310.792
  22 0.5375 215.502 316.981
  23 0.5625 215.914 312.842
  24 0.5875 216.468 312.874
  25 0.6125 215.886 313.15
  26 0.6375 215.988 305.618
  27 0.6625 216.068 302.215
  28 0.6875 215.784 308.262
  29 0.7125 215.578 300.424
  30 0.7375 216.334 298.653
  31 0.7625 215.998 302.384
  32 0.7875 216.092 300.553
  33 0.8125 215.464 302.122
  34 0.8375 216.048 303.99
  35 0.8625 216.824 301.625
  36 0.8875 215.492 292.289
  37 0.9125 216.372 285.191
  38 0.9375 215.944 292.621
  39 0.9625 215.702 300.897
  40 0.9875 216.386 289.375
475000 40 8640.000000000004
  1 0.0125 215.992 281.317
  2 0.0375 215.66 283.397
  3 0.0625 216.438 281.225
  4 0.0875 215.714 281.994
  5 0.1125 216.256 285.387
  6 0.1375 216.858 288.05
  7 0.1625 216.486 287.66
  8 0.1875 216.18 290.41
  9 0.2125 216.272 291.284
  10 0.2375 216.332 292.854
  11 0.2625 215.928 296.816
  12 0.2875 216.224 297.115
  13 0.3125 216.342 305.985
  14 0.3375 216.338 305.636
  15 0.3625 215.894 295.113
  16 0.3875 215.664 300.302
  17 0.4125 216.064 304.57
  18 0.4375 215.636 305.792
  19 0.4625 215.574 299.808
  20 0.4875 215.564 310.759
  21 0.5125 215.412 315.831
  22 0.5375 215.524 314.416
  23 0.5625 215.568 309.762
  24 0.5875 215.792 309.924
  25 0.6125 216.112 307.808
  26 0.6375 216.192 304.662
  27 0.6625 215.266 305.618
  28 0.6875 215.684 303.484
  29 0.7125 215.912 301.815
  30 0.7375 216.028 301.609
  31 0.7625 215.34 300.381
  32 0.7875 216.908 309.084
  33 0.8125 215.176 304.039
  34 0.8375 216.834 300.538
  35 0.8625 216.236 299.398
  36 0.8875 215.792 295.18
  37 0.9125 216.258 291.419
  38 0.9375 216.192 288.097
  39 0.9625 215.446 290.595
  40 0.9875 216.912 289.86
480000 40 8640.000000000004
  1 0.0125 216.282 290.501
  2 0.0375 215.876 282.748
  3 0.0625 215.904 282.247
  4 0.0875 216.106 282.148
  5 0.1125 216.358 290.802
  6 0.1375 216.098 296.297
  7 0.1625 216.058 298.948
  8 0.1875 215.998 293.878
  9 0.2125 216.242 294.313
  10 0.2375 216.422 295.376
  11 0.2625 216.328 294.508
  12 0.2875 215.184 294.111
  13 0.3125 216.738 294.844
  14 0.3375 216.226 298.213
  15 0.3625 216.016 301.484
  16 0.3875 215.772 298.095
  17 0.4125 215.84 298.504
  18 0.4375 215.35 311.589
  19 0.4625 215.792 311.875
  20 0.4875 215.836 303.008
  21 0.5125 215.956 308.422
  22 0.5375 216.044 312.082
  23 0.5625 215.752 310.133
  24 0.5875 215.346 305.221
  25 0.6125 215.362 305.583
  26 0.6375 216.196 302.705
  27 0.6625 215.53 300.433
  28 0.6875 216.024 308.418
  29 0.7125 216.3 305.749
  30 0.7375 215.768 305.793
  31 0.7625 216.13 301.32
  32 0.7875 215.964 298.853
  33 0.8125 215.506 296.182
  34 0.8375 216.344 293.654
  35 0.8625 216.61 290.329
  36 0.8875 216.224 291.481
  37 0.9125 215.662 293.389
  38 0.9375 216.644 293.619
  39 0.9625 215.976 295.019
  40 0.9875 216.236 296.595
485000 40 8640.000000000004
  1 0.0125 216.028 289.629
  2 0.0375 216.314 290.043
  3 0.0625 215.662 286.41
  4 0.0875 215.336 283.878
  5 0.1125 216.942 289.673
  6 0.1375 216.226 294.374
  7 0.1625 215.928 295.222
  8 0.1875 216.248 293.795
  9 0.2125 215.87 285.975
  10 0.2375 215.858 292.391
  11 0.2625 216.27 299.731
  12 0.2875 215.454 303.632
  13 0.3125 215.814 305.193
  14 0.3375 216.67 305.119
  15 0.3625 215.916 305.007
  16 0.3875 216.472 296.781
  17 0.4125 215.824 301.988
  18 0.4375 216.346 300.609
  19 0.4625 215.3 298.072
  20 0.4875 216.094 297.843
  21 0.5125 216.366 309.411
  22 0.5375 215.042 318.056
  23 0.5625 215.444 311.181
  24 0.5875 215.826 307.807
  25 0.6125 215.694 304.431
  26 0.6375 216.198 301.062
  27 0.6625 216.284 299.101
  28 0.6875 215.624 308.785
  29 0.7125 216.086 305.951
  30 0.7375 215.838 302.939
  31 0.7625 216.178 301.343
  32 0.7875 216.772 294.324
  33 0.8125 215.524 296.432
  34 0.8375 215.756 291.303
  35 0.8625 215.578 298.256
  36 0.8875 216.02 295.749
  37 0.9125 216.626 295.096
  38 0.9375 216.036 289.873
  39 0.9625 216.002 290.569
  40 0.9875 216.534 291.039
490000 40 8640.000000000002
  1 0.0125 215.728 289.588
  2 0.0375 215.606 284.75
  3 0.0625 216.294 280.236
  4 0.0875 215.672 281.261
  5 0.1125 215.954 286.778
  6 0.1375 215.83 294.463
  7 0.1625 215.99 296.645
  8 0.1875 215.778 296.273
  9 0.2125 215.944 290.981
  10 0.2375 216.036 286.857
  11 0.2625 216.132 293.565
  12 0.2875 215.956 301.512
  13 0.3125 215.436 302.265
  14 0.3375 216.02 305.208
  15 0.3625 214.802 304.466
  16 0.3875 215.89 298.7
  17 0.4125 215.682 305.632
  18 0.4375 216.52 298.734
  19 0.4625 215.622 298.811
  20 0.4875 215.972 302.377
  21 0.5125 216.574 309.036
  22 0.5375 216.018 321.953
  23 0.5625 216.366 318.334
  24 0.5875 215.586 316.912
  25 0.6125 215.486 313.761
  26 0.6375 215.802 308.698
  27 0.6625 216.026 307.585
  28 0.6875 216.85 308.224
  29 0.7125 215.56 307.531
  30 0.7375 216.58 295.479
  31 0.7625 216.252 295.485
  32 0.7875 216.22 296.016
  33 0.8125 216.948 298.654
  34 0.8375 216.252 296.511
  35 0.8625 216.158 290.968
  36 0.8875 216.388 294.336
  37 0.9125 215.924 287.421
  38 0.9375 216.37 286.021
  39 0.9625 215.766 283.018
  40 0.9875 216.01 291.436
495000 40 8640
  1 0.0125 215.628 282.596
  2 0.0375 215.722 285.564
  3 0.0625 216.356 285.052
  4 0.0875 215.56 288.273
  5 0.1125 216.466 290.234
  6 0.1375 215.446 289.496
  7 0.1625 215.574 293.18
  8 0.1875 215.704 299.436
  9 0.2125 215.388 298.31
  10 0.2375 215.804 301.985
  11 0.2625 215.548 297.507
  12 0.2875 216.372 295.065
  13 0.3125 216.338 294.751
  14 0.3375 215.876 301.353
  15 0.3625 216.18 302.016
  16 0.3875 216.136 308.521
  17 0.4125 215.46 301.321
  18 0.4375 215.562 303.027
  19 0.4625 215.82 304.055
  20 0.4875 216.152 307.756
  21 0.5125 216.114 305.26
  22 0.5375 215.386 312.761
  23 0.5625 216.276 316.219
  24 0.5875 215.66 310.305
  25 0.6125 215.546 299.333
  26 0.6375 216.358 295.413
  27 0.6625 216.562 297.485
  28 0.6875 216.576 303.227
  29 0.7125 216.574 298.963
  30 0.7375 216.746 296.908
  31 0.7625 215.962 304.868
  32 0.7875 216.79 306.307
  33 0.8125 215.684 305.335
  34 0.8375 216.31 299.934
  35 0.8625 216.264 298.249
  36 0.8875 215.546 297.961
  37 0.9125 215.762 294.515
  38 0.9375 216.4 284.891
  39 0.9625 216.128 286.719
  40 0.9875 216.264 282.204
500000 40 8639.999999999998
  1 0.0125 215.814 279.549
  2 0.0375 216.188 280.928
  3 0.0625 215.842 283.161
  4 0.0875 216.262 293.188
  5 0.1125 215.694 296.612
  6 0.1375 215.784 297.772
  7 0.1625 216.366 297.927
  8 0.1875 216.006 298.794
  9 0.2125 216.516 299.274
  10 0.2375 216.772 306.708
  11 0.2625 215.998 300.641
  12 0.2875 216.114 293.727
  13 0.3125 216.302 288.521
  14 0.3375 215.782 296.82
  15 0.3625 215.946 293.015
  16 0.3875 215.35 297.866
  17 0.4125 216.27 296.244
  18 0.4375 216.598 300.617
  19 0.4625 214.924 298.897
  20 0.4875 216.42 302.829
  21 0.5125 215.892 302.564
  22 0.5375 215.992 305.996
  23 0.5625 216.044 304.045
  24 0.5875 215.746 312.635
  25 0.6125 215.932 307.495
  26 0.6375 216.21 307.332
  27 0.6625 215.9 301.24
  28 0.6875 216.146 308.438
  29 0.7125 215.914 302.21
  30 0.7375 216 298.342
  31 0.7625 216.164 307.422
  32 0.7875 215.606 303.537
  33 0.8125 215.702 299.817
  34 0.8375 215.246 297.267
  35 0.8625 216.278 295.991
  36 0.8875 216.42 301.329
  37 0.9125 216.434 296.768
  38 0.9375 215.626 294.405
  39 0.9625 215.384 291.148
  40 0.9875 216.416 283.94
505000 40 8640
  1 0.0125 216.028 287.505
  2 0.0375 216.166 277.465
  3 0.0625 216.43 285.132
  4 0.0875 215.794 293.117
  5 0.1125 216.232 285.693
  6 0.1375 216.472 292.498
  7 0.1625 215.682 291.167
  8 0.1875 216.444 301.118
  9 0.2125 215.984 297.976
  10 0.2375 216.006 295.596
  11 0.2625 216.432 299.8
  12 0.2875 215.978 299.398
  13 0.3125 216.092 300.507
  14 0.3375 216.118 300.518
  15 0.3625 215.772 297.553
  16 0.3875 215.948 300.964
  17 0.4125 216.222 301.909
  18 0.4375 215.69 302.753
  19 0.4625 216.486 301.708
  20 0.4875 216.838 306.166
  21 0.5125 215.25 306.177
  22 0.5375 216.172 307.079
  23 0.5625 216.324 301.689
  24 0.5875 216.122 301.574
  25 0.6125 215.564 309.379
  26 0.6375 215.914 302.539
  27 0.6625 215.304 301.885
  28 0.6875 215.802 310.504
  29 0.7125 215.644 309.253
  30 0.7375 216.144 305.866
  31 0.7625 215.122 304.264
  32 0.7875 216.32 302.494
  33 0.8125 215.694 301.904
  34 0.8375 215.942 304.845
  35 0.8625 216.194 295.06
  36 0.8875 215.732 290.184
  37 0.9125 215.644 291.524
  38 0.9375 216.434 290.436
  39 0.9625 216.052 288.179
  40 0.9875 215.812 282.707
510000 40 8640.000000000002
  1 0.0125 216.15 276.496
  2 0.0375 216.35 277.839
  3 0.0625 216.138 283.026
  4 0.0875 216.194 282.713
  5 0.1125 216.642 284.986
  6 0.1375 216.018 289.981
  7 0.1625 215.96 291.791
  8 0.1875 215.378 295.615
  9 0.2125 216.016 298.972
  10 0.2375 216.518 298.943
  11 0.2625 216.158 295.137
  12 0.2875 216.242 298.305
  13 0.3125 216.366 299.965
  14 0.3375 215.242 298.222
  15 0.3625 215.848 296.28
  16 0.3875 215.51 305.128
  17 0.4125 216.42 309.544
  18 0.4375 216.412 310.611
  19 0.4625 215.974 307.579
  20 0.4875 216.04 310.734
  21 0.5125 216.03 316.732
  22 0.5375 216.05 305.54
  23 0.5625 215.968 305.359
  24 0.5875 215.554 306.638
  25 0.6125 216.176 309.705
  26 0.6375 216.48 309.622
  27 0.6625 215.632 308.036
  28 0.6875 216.022 310.625
  29 0.7125 215.488 306.357
  30 0.7375 216.042 300.681
  31 0.7625 215.342 300.27
  32 0.7875 216.488 296.364
  33 0.8125 215.656 293.939
  34 0.8375 215.676 297.998
  35 0.8625 215.81 299.709
  36 0.8875 215.818 294.65
  37 0.9125 216.232 292.454
  38 0.9375 215.976 295.21
  39 0.9625 215.692 286.62
  40 0.9875 216.292 278.642
515000 40 8640
  1 0.0125 216.52 284.59
  2 0.0375 215.74 284.036
  3 0.0625 216.486 278.847
  4 0.0875 216.276 281.106
  5 0.1125 215.94 286.089
  6 0.1375 216.414 289.486
  7 0.1625 215.852 295.436
  8 0.1875 216.308 293.25
  9 0.2125 215.404 297.673
  10 0.2375 215.654 299.88
  11 0.2625 216.148 300.715
  12 0.2875 216.008 291.447
  13 0.3125 215.866 291.283
  14 0.3375 216.088 299.829
  15 0.3625 216.012 298.429
  16 0.3875 215.564 286.573
  17 0.4125 215.992 290.438
  18 0.4375 215.572 303.99
  19 0.4625 215.924 296.102
  20 0.4875 216.31 298.657
  21 0.5125 215.69 308.252
  22 0.5375 216.034 313.096
  23 0.5625 215.77 315.828
  24 0.5875 216.172 308.313
  25 0.6125 215.078 320.859
  26 0.6375 216.172 316.638
  27 0.6625 215.466 308.93
  28 0.6875 215.594 311.406
  29 0.7125 216.296 312.512
  30 0.7375 214.932 306.334
  31 0.7625 216.076 299.988
  32 0.7875 216.288 298.472
  33 0.8125 215.454 303.157
  34 0.8375 216.87 293.408
  35 0.8625 216.238 296.33
  36 0.8875 217.316 299.183
  37 0.9125 216.098 300.572
  38 0.9375 215.852 297.439
  39 0.9625 216.576 283.724
  40 0.9875 215.95 285.326
520000 40 8639.999999999998
  1 0.0125 215.886 285.844
  2 0.0375 216.088 286.583
  3 0.0625 215.764 279.521
  4 0.0875 215.642 282.388
  5 0.1125 216.454 286.492
  6 0.1375 216.772 285.173
  7 0.1625 215.47 287.468
  8 0.1875 216.564 291.348
  9 0.2125 215.152 296.857
  10 0.2375 216.352 293.926
  11 0.2625 215.862 295.563
  12 0.2875 215.756 296.188
  13 0.3125 216.694 299.258
  14 0.3375 215.98 298.385
  15 0.3625 216.17 296.583
  16 0.3875 216.67 296.349
  17 0.4125 216.196 303.543
  18 0.4375 215.966 299.068
  19 0.4625 215.654 306.299
  20 0.4875 215.114 312.526
  21 0.5125 216.458 310.543
  22 0.5375 215.124 315.071
  23 0.5625 216.57 314.512
  24 0.5875 215.488 320.256
  25 0.6125 215.696 318.317
  26 0.6375 216.062 316.762
  27 0.6625 215.76 306.413
  28 0.6875 215.982 304.992
  29 0.7125 215.768 293.144
  30 0.7375 216.268 292.644
  31 0.7625 215.984 293.415
  32 0.7875 215.38 296.681
  33 0.8125 216.32 301.858
  34 0.8375 216.632 295.081
  35 0.8625 215.54 299.353
  36 0.8875 216.584 296.512
  37 0.9125 215.556 298.698
  38 0.9375 216.542 294.051
  39 0.9625 216.006 289.95
  40 0.9875 216.074 288.616
525000 40 8640
  1 0.0125 216.218 282.469
  2 0.0375 215.922 284.478
  3 0.0625 216.088 288.966
  4 0.0875 215.746 290.295
  5 0.1125 215.176 289.43
  6 0.1375 216.874 295.122
  7 0.1625 215.582 290.977
  8 0.1875 216.602 290.592
  9 0.2125 215.806 292.241
  10 0.2375 215.568 298.68
  11 0.2625 216.006 292.396
  12 0.2875 216.328 294.726
  13 0.3125 215.68 301.216
  14 0.3375 215.488 305.051
  15 0.3625 215.812 297.647
  16 0.3875 215.868 300.966
  17 0.4125 215.752 300.252
  18 0.4375 216.152 297.076
  19 0.4625 216.116 302.929
  20 0.4875 216.024 309.615
  21 0.5125 215.894 313.335
  22 0.5375 215.902 316.909
  23 0.5625 215.72 313.497
  24 0.5875 215.494 312.247
  25 0.6125 215.842 311.893
  26 0.6375 216.2 304.609
  27 0.6625 215.804 303.418
  28 0.6875 215.844 301.909
  29 0.7125 216.042 298.118
  30 0.7375 215.988 301.627
  31 0.7625 216.28 305.188
  32 0.7875 216.71 301.11
  33 0.8125 216.424 294.575
  34 0.8375 215.494 297.412
  35 0.8625 216.946 294.272
  36 0.8875 215.828 294.616
  37 0.9125 216.496 285.95
  38 0.9375 216.212 293.215
  39 0.9625 216.194 293.637
  40 0.9875 215.878 284.065
530000 40 8640
  1 0.0125 216.376 279.047
  2 0.0375 215.698 277.971
  3 0.0625 215.894 281.194
  4 0.0875 216.356 280.613
  5 0.1125 216.208 282.832
  6 0.1375 215.7 285.363
  7 0.1625 215.704 288.755
  8 0.1875 216.372 287.09
  9 0.2125 215.368 290.871
  10 0.2375 216.386 301.478
  11 0.2625 215.556 300.75
  12 0.2875 215.838 296.023
  13 0.3125 215.738 296.087
  14 0.3375 216.156 294.39
  15 0.3625 215.73 299.602
  16 0.3875 215.526 304.636
  17 0.4125 216.288 305.643
  18 0.4375 215.976 305.05
  19 0.4625 215.978 310.461
  20 0.4875 216.264 307.435
  21 0.5125 215.27 308.71
  22 0.5375 216.34 313.115
  23 0.5625 215.866 314.125
  24 0.5875 216.25 318.195
  25 0.6125 216.254 314.591
  26 0.6375 215.978 302.995
  27 0.6625 216.204 306.711
  28 0.6875 216.032 302.204
  29 0.7125 216.258 304.508
  30 0.7375 215.584 301.808
  31 0.7625 215.84 306.251
  32 0.7875 215.938 304.918
  33 0.8125 215.84 302.609
  34 0.8375 216.036 296.023
  35 0.8625 216.72 288.233
  36 0.8875 216.354 294.355
  37 0.9125 215.608 295.015
  38 0.9375 215.968 291.629
  39 0.9625 216.114 294.323
  40 0.9875 216.434 290.826
535000 40 8639.999999999998
  1 0.0125 215.638 287.312
  2 0.0375 215.454 281.102
  3 0.0625 216.196 274.487
  4 0.0875 215.738 282.541
  5 0.1125 215.696 285.24
  6 0.1375 216.018 286.923
  7 0.1625 216.5 293.601
  8 0.1875 215.478 294.187
  9 0.2125 216.15 297.007
  10 0.2375 216.484 302.744
  11 0.2625 215.5 299.008
  12 0.2875 215.964 292.418
  13 0.3125 216.366 293.932
  14 0.3375 215.65 293.723
  15 0.3625 215.622 298.935
  16 0.3875 216.182 298.56
  17 0.4125 215.722 301.667
  18 0.4375 216.476 299.476
  19 0.4625 215.934 311.805
  20 0.4875 215.958 302.188
  21 0.5125 216.602 307.1
  22 0.5375 216.562 308.29
  23 0.5625 216.15 315.594
  24 0.5875 216.048 311.505
  25 0.6125 215.964 310.895
  26 0.6375 216.466 308.364
  27 0.6625 215.438 308.875
  28 0.6875 216.196 307.689
  29 0.7125 215.942 305.495
  30 0.7375 216.292 302.833
  31 0.7625 216.128 299.533
  32 0.7875 215.832 299.638
  33 0.8125 215.52 298.014
  34 0.8375 216.13 302.786
  35 0.8625 215.838 299.021
  36 0.8875 216.29 298.674
  37 0.9125 215.592 292.177
  38 0.9375 215.798 291.573
  39 0.9625 216.4 290.992
  40 0.9875 216.086 291.349
540000 40 8639.999999999998
  1 0.0125 216.464 291.074
  2 0.0375 216.062 283.658
  3 0.0625 216.194 277.451
  4 0.0875 216.382 277.754
  5 0.1125 215.822 282.741
  6 0.1375 215.266 289.526
  7 0.1625 215.538 296.696
  8 0.1875 215.882 299.142
  9 0.2125 215.134 300.093
  10 0.2375 215.77 299.368
  11 0.2625 216.204 293.232
  12 0.2875 216.05 303.429
  13 0.3125 216.066 306.048
  14 0.3375 215.728 304.536
  15 0.3625 215.936 298.965
  16 0.3875 216.104 292.424
  17 0.4125 216.656 299.93
  18 0.4375 215.434 307.445
  19 0.4625 215.884 313.776
  20 0.4875 215.708 305.791
  21 0.5125 216.558 297.963
  22 0.5375 215.686 299.828
  23 0.5625 216.154 307.287
  24 0.5875 215.816 307.408
  25 0.6125 215.774 313.333
  26 0.6375 215.786 306.176
  27 0.6625 215.916 303.578
  28 0.6875 216.046 301.614
  29 0.7125 216.226 297.143
  30 0.7375 216.078 297.728
  31 0.7625 216.08 301.687
  32 0.7875 216.218 296.485
  33 0.8125 215.874 298.407
  34 0.8375 216.648 299.657
  35 0.8625 216.354 296.148
  36 0.8875 216.098 300.915
  37 0.9125 216.304 298.635
  38 0.9375 215.758 293.425
  39 0.9625 216.362 294.283
  40 0.9875 215.98 292.895
545000 40 8639.999999999998
  1 0.0125 216.074 286.021
  2 0.0375 216.4 284.956
  3 0.0625 215.33 288.201
  4 0.0875 216.27 284.767
  5 0.1125 215.918 286.689
  6 0.1375 216.096 291.215
  7 0.1625 215.776 301.044
  8 0.1875 215.67 299.945
  9 0.2125 216.398 300.291
  10 0.2375 216.114 301.062
  11 0.2625 216.074 298.397
  12 0.2875 216.04 294.685
  13 0.3125 215.554 300.514
  14 0.3375 216.24 300.14
  15 0.3625 215.26 296.871
  16 0.3875 215.568 301.399
  17 0.4125 216.168 302.347
  18 0.4375 215.796 306.42
  19 0.4625 215.65 310.376
  20 0.4875 216.712 302.662
  21 0.5125 215.332 306.3
  22 0.5375 216.142 306.16
  23 0.5625 216.218 316.106
  24 0.5875 215.338 317.742
  25 0.6125 215.606 314.621
  26 0.6375 215.788 305.329
  27 0.6625 216.074 301.51
  28 0.6875 216.362 298.283
  29 0.7125 216.576 299.394
  30 0.7375 216.222 294.998
  31 0.7625 216.068 289.224
  32 0.7875 215.674 289.707
  33 0.8125 215.94 293.865
  34 0.8375 216.442 293.815
  35 0.8625 216.306 294.252
  36 0.8875 215.876 298.701
  37 0.9125 216.302 297.439
  38 0.9375 216.054 292.29
  39 0.9625 215.86 288.354
  40 0.9875 216.712 289.686
550000 40 8640
  1 0.0125 216.322 286.565
  2 0.0375 215.866 279.528
  3 0.0625 215.884 277.933
  4 0.0875 216.582 282.525
  5 0.1125 216.078 289.924
  6 0.1375 216.326 290.049
  7 0.1625 216.16 297.996
  8 0.1875 216.166 304.373
  9 0.2125 215.526 302.819
  10 0.2375 216.072 297.201
  11 0.2625 215.81 308.906
  12 0.2875 216.516 305.316
  13 0.3125 216.522 307.077
  14 0.3375 215.874 309.314
  15 0.3625 215.934 302.356
  16 0.3875 215.96 301.244
  17 0.4125 215.874 298.875
  18 0.4375 215.85 309.618
  19 0.4625 216.428 310.609
  20 0.4875 216.202 311.105
  21 0.5125 215.878 319.073
  22 0.5375 216.506 319.172
  23 0.5625 215.342 317.068
  24 0.5875 216.224 307.502
  25 0.6125 215.786 306.403
  26 0.6375 215.828 304.605
  27 0.6625 215.23 297.889
  28 0.6875 216.352 298.833
  29 0.7125 215.35 296.409
  30 0.7375 215.908 298.304
  31 0.7625 216.344 294.654
  32 0.7875 216.162 294.431
  33 0.8125 215.708 289.09
  34 0.8375 216.168 288.128
  35 0.8625 216.556 287.504
  36 0.8875 216.036 287.929
  37 0.9125 215.216 287.562
  38 0.9375 215.75 285.812
  39 0.9625 215.894 285.046
  40 0.9875 215.81 287.929
555000 40 8639.999999999998
  1 0.0125 215.736 291.792
  2 0.0375 216.774 282.037
  3 0.0625 215.534 284.146
  4 0.0875 216.354 282.297
  5 0.1125 215.678 287.982
  6 0.1375 216.506 283.761
  7 0.1625 215.54 293.695
  8 0.1875 216.09 295.761
  9 0.2125 216.28 297.028
  10 0.2375 215.47 297.155
  11 0.2625 216.37 299.317
  12 0.2875 216.158 297.299
  13 0.3125 215.966 298.748
  14 0.3375 216.212 297.717
  15 0.3625 215.798 305.836
  16 0.3875 215.806 303.993
  17 0.4125 216.434 310.071
  18 0.4375 215.768 318.214
  19 0.4625 216.584 314.638
  20 0.4875 215.666 311.098
  21 0.5125 215.98 313.912
  22 0.5375 216.048 319.593
  23 0.5625 215.364 308.111
  24 0.5875 216.072 304.921
  25 0.6125 215.16 310.069
  26 0.6375 215.798 304.994
  27 0.6625 216.138 302.534
  28 0.6875 215.742 307.568
  29 0.7125 216.088 303.106
  30 0.7375 215.62 300.939
  31 0.7625 216.37 297.313
  32 0.7875 215.632 293.043
  33 0.8125 216.276 296.423
  34 0.8375 216.218 292.95
  35 0.8625 216.282 286.59
  36 0.8875 216.154 284.968
  37 0.9125 216.508 284.671
  38 0.9375 215.848 285.357
  39 0.9625 216.188 287.449
  40 0.9875 215.79 291.531
560000 40 8640
  1 0.0125 216.572 282.025
  2 0.0375 215.946 286.791
  3 0.0625 216.062 286.557
  4 0.0875 216.286 279.333
  5 0.1125 216.162 283.341
  6 0.1375 215.75 287.422
  7 0.1625 215.532 286.62
  8 0.1875 215.792 295.899
  9 0.2125 215.924 299.142
  10 0.2375 216.59 299.31
  11 0.2625 215.958 296.546
  12 0.2875 216.312 295.95
  13 0.3125 216.53 297.004
  14 0.3375 215.672 298.941
  15 0.3625 216.058 306.675
  16 0.3875 216.044 311.242
  17 0.4125 215.092 310.618
  18 0.4375 215.944 312.061
  19 0.4625 215.216 309.385
  20 0.4875 216.428 308.169
  21 0.5125 215.784 312.087
  22 0.5375 215.702 321.431
  23 0.5625 216.572 309.559
  24 0.5875 215.474 309.456
  25 0.6125 215.616 308.617
  26 0.6375 215.806 302.54
  27 0.6625 216.048 297.682
  28 0.6875 215.956 301.335
  29 0.7125 216.208 300.433
  30 0.7375 215.56 300.586
  31 0.7625 215.834 298.761
  32 0.7875 216.182 301.599
  33 0.8125 216.21 301.241
  34 0.8375 216.324 302.811
  35 0.8625 216.09 294.094
  36 0.8875 216.232 286.383
  37 0.9125 216.408 288.813
  38 0.9375 215.834 290.013
  39 0.9625 215.896 285.758
  40 0.9875 216.394 280.808
565000 40 8640.000000000002
  1 0.0125 215.918 285.546
  2 0.0375 216.288 282.227
  3 0.0625 215.936 284.404
  4 0.0875 216.688 284.871
  5 0.1125 215.462 286.611
  6 0.1375 216.13 296.702
  7 0.1625 215.932 296.887
  8 0.1875 215.92 287.711
  9 0.2125 216.178 287.777
  10 0.2375 216.116 299.66
  11 0.2625 216.116 295.937
  12 0.2875 215.788 292.035
  13 0.3125 216.49 295.249
  14 0.3375 216.022 299.195
  15 0.3625 216.592 301.68
  16 0.3875 216.016 294.779
  17 0.4125 216.232 304.163
  18 0.4375 215.624 305.248
  19 0.4625 215.536 297.935
  20 0.4875 215.694 305.902
  21 0.5125 215.308 317.657
  22 0.5375 215.666 308.932
  23 0.5625 216.074 312.958
  24 0.5875 215.662 325.067
  25 0.6125 216.796 319.867
  26 0.6375 215.912 310.436
  27 0.6625 215.85 300.181
  28 0.6875 215.77 299.103
  29 0.7125 216.584 295.411
  30 0.7375 215.494 297.769
  31 0.7625 216.374 298.552
  32 0.7875 215.25 304.726
  33 0.8125 215.976 300.862
  34 0.8375 215.674 296.334
  35 0.8625 216.064 295.507
  36 0.8875 216.516 293.174
  37 0.9125 216.362 292.539
  38 0.9375 216.8 291.457
  39 0.9625 215.504 292.683
  40 0.9875 215.686 290.79
570000 40 8640.000000000002
  1 0.0125 215.966 279.083
  2 0.0375 215.766 280.328
  3 0.0625 215.394 287.482
  4 0.0875 216.024 284.619
  5 0.1125 215.558 288.905
  6 0.1375 215.192 292.532
  7 0.1625 216.466 303.273
  8 0.1875 215.576 291.464
  9 0.2125 215.92 292.512
  10 0.2375 216.078 289.007
  11 0.2625 215.746 295.751
  12 0.2875 216.574 295.516
  13 0.3125 215.898 296.869
  14 0.3375 215.876 295.472
  15 0.3625 215.302 303.225
  16 0.3875 216.062 298.272
  17 0.4125 215.712 298.057
  18 0.4375 216.22 298.132
  19 0.4625 215.718 304.053
  20 0.4875 216.41 308.742
  21 0.5125 216.36 309.331
  22 0.5375 216.41 309.36
  23 0.5625 215.738 312.738
  24 0.5875 216.462 318.428
  25 0.6125 216.126 309.838
  26 0.6375 215.262 308.375
  27 0.6625 216.24 308.369
  28 0.6875 216.206 311.908
  29 0.7125 216.052 303.196
  30 0.7375 216.01 299.309
  31 0.7625 216.718 302.323
  32 0.7875 216.97 295.758
  33 0.8125 216.182 299.999
  34 0.8375 215.866 302.643
  35 0.8625 216.272 297.378
  36 0.8875 215.988 295.578
  37 0.9125 215.768 295.031
  38 0.9375 216.226 290.996
  39 0.9625 215.674 288.391
  40 0.9875 216.012 284.311
575000 40 8640
  1 0.0125 216.056 280.761
  2 0.0375 215.956 283.781
  3 0.0625 216.87 286.196
  4 0.0875 216.322 292.427
  5 0.1125 216.032 291.53
  6 0.1375 216.108 301.12
  7 0.1625 215.714 296.075
  8 0.1875 215.492 295.086
  9 0.2125 216.06 295.509
  10 0.2375 215.96 295.97
  11 0.2625 215.59 291.548
  12 0.2875 216.42 287.17
  13 0.3125 216.32 295.177
  14 0.3375 215.686 293.106
  15 0.3625 215.882 298.099
  16 0.3875 215.846 294.131
  17 0.4125 215.384 304.972
  18 0.4375 215.716 310.811
  19 0.4625 215.972 322.831
  20 0.4875 216.07 314.942
  21 0.5125 215.902 309.39
  22 0.5375 215.924 310.474
  23 0.5625 216.554 308.68
  24 0.5875 215.78 315.54
  25 0.6125 215.586 306.484
  26 0.6375 216.192 300.227
  27 0.6625 215.828 306.966
  28 0.6875 216.438 306.365
  29 0.7125 216.518 303.256
  30 0.7375 215.642 298.988
  31 0.7625 216.236 299.75
  32 0.7875 216.112 295.735
  33 0.8125 216.372 300.043
  34 0.8375 215.402 295.675
  35 0.8625 216.062 291.795
  36 0.8875 215.78 292.311
  37 0.9125 216.004 289.791
  38 0.9375 216.322 295.373
  39 0.9625 215.826 286.711
  40 0.9875 216.064 282.246
580000 40 8640
  1 0.0125 216.83 285.585
  2 0.0375 215.374 285.489
  3 0.0625 216.262 279.791
  4 0.0875 216.42 284.423
  5 0.1125 215.508 280.77
  6 0.1375 216.264 291.029
  7 0.1625 216.404 294.772
  8 0.1875 216.27 298.065
  9 0.2125 216.32 302
  10 0.2375 216.228 304.522
  11 0.2625 216.356 297.245
  12 0.2875 215.812 296.768
  13 0.3125 215.416 299.301
  14 0.3375 215.862 300.783
  15 0.3625 215.722 312.949
  16 0.3875 215.63 309.848
  17 0.4125 216.35 299.421
  18 0.4375 215.104 311.176
  19 0.4625 216.116 310.156
  20 0.4875 215.704 303.795
  21 0.5125 216.182 307.46
  22 0.5375 216.438 312.046
  23 0.5625 216.084 313.311
  24 0.5875 216.034 313.199
  25 0.6125 215.434 305.816
  26 0.6375 215.72 299.56
  27 0.6625 216.812 305.687
  28 0.6875 215.78 306.402
  29 0.7125 215.678 291.327
  30 0.7375 216.542 297.279
  31 0.7625 215.746 295.079
  32 0.7875 215.778 291.063
  33 0.8125 215.514 299.16
  34 0.8375 215.802 299.872
  35 0.8625 217.154 291.929
  36 0.8875 215.656 289.531
  37 0.9125 215.9 294.683
  38 0.9375 215.714 292.517
  39 0.9625 216.706 285.763
  40 0.9875 215.374 286.873
585000 40 8640
  1 0.0125 216.488 291.921
  2 0.0375 216.328 287.106
  3 0.0625 216.256 283.846
  4 0.0875 216.258 280.801
  5 0.1125 215.96 292.665
  6 0.1375 215.828 297.967
  7 0.1625 215.85 303.206
  8 0.1875 215.61 300.461
  9 0.2125 216.702 287.377
  10 0.2375 215.602 285.077
  11 0.2625 215.64 292.435
  12 0.2875 215.822 293.442
  13 0.3125 216.01 301.01
  14 0.3375 215.668 308.988
  15 0.3625 216.414 310.688
  16 0.3875 215.938 314.714
  17 0.4125 215.528 308.973
  18 0.4375 215.858 312.973
  19 0.4625 215.972 316.256
  20 0.4875 215.724 307.116
  21 0.5125 216.334 305.849
  22 0.5375 215.464 304.567
  23 0.5625 216.32 302.428
  24 0.5875 215.556 305.549
  25 0.6125 216.282 302.714
  26 0.6375 215.36 295.972
  27 0.6625 216.324 294.162
  28 0.6875 216.43 291.016
  29 0.7125 215.988 290.921
  30 0.7375 215.672 294.611
  31 0.7625 216.27 297.098
  32 0.7875 216.278 290.717
  33 0.8125 216.006 296.988
  34 0.8375 216.526 295.264
  35 0.8625 215.182 297.984
  36 0.8875 216.394 299.523
  37 0.9125 215.89 301.94
  38 0.9375 215.834 296.007
  39 0.9625 216.506 293.84
  40 0.9875 215.928 292.889
590000 40 8640.000000000002
  1 0.0125 216.49 282.684
  2 0.0375 215.816 276.417
  3 0.0625 216.074 278.895
  4 0.0875 216.232 284.055
  5 0.1125 215.232 291.017
  6 0.1375 215.762 290.615
  7 0.1625 215.452 297.964
  8 0.1875 215.276 297.135
  9 0.2125 216.464 296.087
  10 0.2375 216.036 294.556
  11 0.2625 215.264 299.449
  12 0.2875 215.866 297.661
  13 0.3125 215.45 300.529
  14 0.3375 215.438 301.527
  15 0.3625 216.088 301.591
  16 0.3875 215.024 300.751
  17 0.4125 216.902 303.813
  18 0.4375 216.158 301.66
  19 0.4625 216.314 307.462
  20 0.4875 215.878 310.004
  21 0.5125 216.636 309.592
  22 0.5375 215.974 318.4
  23 0.5625 216.876 311.656
  24 0.5875 215.858 304.053
  25 0.6125 216.088 305.548
  26 0.6375 216.202 305.04
  27 0.6625 215.852 309.49
  28 0.6875 216.77 306.142
  29 0.7125 215.79 307.398
  30 0.7375 216.266 302.976
  31 0.7625 216.598 307.899
  32 0.7875 214.974 305.996
  33 0.8125 216.448 294.436
  34 0.8375 215.664 293.028
  35 0.8625 216.12 297.893
  36 0.8875 216.126 295.84
  37 0.9125 216.216 287.811
  38 0.9375 216.43 288.629
  39 0.9625 215.874 280.613
  40 0.9875 216.022 281.065
595000 40 8640
  1 0.0125 215.08 286
  2 0.0375 215.564 286.181
  3 0.0625 216.082 273.989
  4 0.0875 215.89 274.279
  5 0.1125 215.802 282.493
  6 0.1375 215.842 290.694
  7 0.1625 215.974 293.078
  8 0.1875 215.434 291.285
  9 0.2125 215.236 291.087
  10 0.2375 215.878 303.027
  11 0.2625 215.934 301.136
  12 0.2875 215.846 296.342
  13 0.3125 216.228 304.392
  14 0.3375 216.298 306.351
  15 0.3625 216.488 304.425
  16 0.3875 215.88 296.579
  17 0.4125 216.136 298.496
  18 0.4375 216.598 295.453
  19 0.4625 215.372 294.584
  20 0.4875 216.556 301.83
  21 0.5125 215.94 300.612
  22 0.5375 216.222 304.123
  23 0.5625 215.874 305.319
  24 0.5875 216.33 315.522
  25 0.6125 215.79 315.643
  26 0.6375 215.644 314.394
  27 0.6625 215.982 312.995
  28 0.6875 215.778 305.577
  29 0.7125 216.512 304.13
  30 0.7375 216.248 301.401
  31 0.7625 215.704 306.48
  32 0.7875 216.242 302.435
  33 0.8125 215.49 300.006
  34 0.8375 216.346 299.447
  35 0.8625 216.248 304.671
  36 0.8875 216.822 294.197
  37 0.9125 215.992 291.996
  38 0.9375 216.34 291.619
  39 0.9625 216.522 290.969
  40 0.9875 215.856 290.968
600000 40 8640.000000000002
  1 0.0125 216.094 283.776
  2 0.0375 215.506 274.496
  3 0.0625 216.076 277.053
  4 0.0875 215.834 276.632
  5 0.1125 215.55 283.234
  6 0.1375 216.574 286.401
  7 0.1625 216.068 292.06
  8 0.1875 215.326 291.807
  9 0.2125 216.428 297.006
  10 0.2375 216.068 296.646
  11 0.2625 216.026 297.239
  12 0.2875 215.828 298.41
  13 0.3125 216.814 301.5
  14 0.3375 216.386 308.82
  15 0.3625 215.62 310.966
  16 0.3875 216.086 304.77
  17 0.4125 215.084 301.671
  18 0.4375 216.02 310.761
  19 0.4625 215.968 317.581
  20 0.4875 216.262 309.174
  21 0.5125 216.082 306.457
  22 0.5375 216.314 305.986
  23 0.5625 216.67 312.715
  24 0.5875 215.688 308.683
  25 0.6125 215.904 307.257
  26 0.6375 216.402 308.769
  27 0.6625 215.796 300.237
  28 0.6875 216.138 300.231
  29 0.7125 216.5 300.505
  30 0.7375 216.192 303.222
  31 0.7625 215.52 298.386
  32 0.7875 215.812 292.494
  33 0.8125 215.73 293.808
  34 0.8375 215.842 297.131
  35 0.8625 215.724 298.767
  36 0.8875 216.296 295.226
  37 0.9125 216.24 298.319
  38 0.9375 216.232 295.941
  39 0.9625 215.566 291.518
  40 0.9875 215.734 290.107
