# Chunk-averaged data for fix temp_profile and group all
# Timestep Number-of-chunks Total-count
# Chunk Coord1 Ncount temp
5000 40 17280.000000000007
  1 0.0125 431.034 289.929
  2 0.0375 432.924 287.925
  3 0.0625 431.744 302.233
  4 0.0875 431.582 302.225
  5 0.1125 432.786 301.133
  6 0.1375 433.112 294.441
  7 0.1625 432.448 292.929
  8 0.1875 433.018 302.425
  9 0.2125 432.296 305.162
  10 0.2375 432.248 297.03
  11 0.2625 431.564 291.887
  12 0.2875 432.29 301.086
  13 0.3125 432.054 306.531
  14 0.3375 432.548 298.05
  15 0.3625 432.344 312.427
  16 0.3875 432.678 295.936
  17 0.4125 431.32 301.019
  18 0.4375 432.556 306.197
  19 0.4625 431.694 303.143
  20 0.4875 431.982 300.726
  21 0.5125 432.306 306.713
  22 0.5375 432.236 305.37
  23 0.5625 432.072 300.618
  24 0.5875 431.472 304.074
  25 0.6125 432.234 312.403
  26 0.6375 431.886 310.282
  27 0.6625 430.958 301.416
  28 0.6875 431.388 304.686
  29 0.7125 431.746 299.542
  30 0.7375 431.226 299.548
  31 0.7625 431.108 292.415
  32 0.7875 432.638 293.145
  33 0.8125 431.458 294.628
  34 0.8375 432.272 303.248
  35 0.8625 433.05 291.134
  36 0.8875 431.654 296.464
  37 0.9125 431.49 293.756
  38 0.9375 431.596 291.43
  39 0.9625 431.322 290.847
  40 0.9875 431.666 289.247
10000 40 17279.999999999996
  1 0.0125 432.166 274.678
  2 0.0375 432.858 274.503
  3 0.0625 431.372 291.188
  4 0.0875 431.136 286.968
  5 0.1125 431.696 290.113
  6 0.1375 431.974 291.14
  7 0.1625 431.908 296.021
  8 0.1875 432.148 291.824
  9 0.2125 432.45 296
  10 0.2375 432.348 300.877
  11 0.2625 431.47 303.403
  12 0.2875 431.834 303.165
  13 0.3125 433.212 302.199
  14 0.3375 431.752 312.181
  15 0.3625 433.096 307.512
  16 0.3875 432.438 300.921
  17 0.4125 432.07 305.23
  18 0.4375 432.294 306.022
  19 0.4625 430.952 311.014
  20 0.4875 431.996 307.459
  21 0.5125 431.296 329.545
  22 0.5375 431.744 326.225
  23 0.5625 431.014 313.998
  24 0.5875 432.696 314.896
  25 0.6125 432.944 308.024
  26 0.6375 431.606 303.068
  27 0.6625 431.42 293.994
  28 0.6875 430.946 298.351
  29 0.7125 431.018 303.008
  30 0.7375 431.106 301.39
  31 0.7625 432.884 294.928
  32 0.7875 432.598 298.103
  33 0.8125 431.042 294.218
  34 0.8375 432.764 293.792
  35 0.8625 433.044 289.744
  36 0.8875 433.28 295.081
  37 0.9125 432.262 298.241
  38 0.9375 431.396 292.018
  39 0.9625 432.73 292.23
  40 0.9875 431.04 278.059
15000 40 17280
  1 0.0125 431.634 261.16
  2 0.0375 430.59 257.91
  3 0.0625 431.358 279.08
  4 0.0875 431.536 278.97
  5 0.1125 431.376 296.684
  6 0.1375 431.592 287.249
  7 0.1625 431.92 289.877
  8 0.1875 432.942 297.627
  9 0.2125 431.534 294.472
  10 0.2375 431.676 299.645
  11 0.2625 432.602 308.884
  12 0.2875 432.912 306.12
  13 0.3125 432.11 307.614
  14 0.3375 432.852 306.748
  15 0.3625 433.052 305.979
  16 0.3875 433.258 305.861
  17 0.4125 433.35 302.534
  18 0.4375 433.328 309.143
  19 0.4625 432.194 319.645
  20 0.4875 434.316 326.708
  21 0.5125 431.52 346.11
  22 0.5375 433.718 336.177
  23 0.5625 432.488 321.864
  24 0.5875 432.698 317.998
  25 0.6125 432.756 306.927
  26 0.6375 432.046 305.305
  27 0.6625 431.298 291.71
  28 0.6875 432.266 294.126
  29 0.7125 431.076 298.021
  30 0.7375 429.94 302.518
  31 0.7625 432.028 303.887
  32 0.7875 431.548 293.041
  33 0.8125 430.116 293.558
  34 0.8375 432.534 292.205
  35 0.8625 430.998 294.266
  36 0.8875 431.296 290.372
  37 0.9125 431.892 296.525
  38 0.9375 431.02 289.266
  39 0.9625 431.3 283.697
  40 0.9875 431.33 274.149
20000 40 17279.999999999996
  1 0.0125 431.708 250.561
  2 0.0375 432.196 254.947
  3 0.0625 432.324 277.596
  4 0.0875 431.724 285.507
  5 0.1125 432.356 284.573
  6 0.1375 432.9 282.539
  7 0.1625 432.448 286.407
  8 0.1875 431.84 293.264
  9 0.2125 432.8 299.545
  10 0.2375 430.804 299.489
  11 0.2625 431.806 310.256
  12 0.2875 430.976 314.451
  13 0.3125 432.178 307.761
  14 0.3375 431.602 306.742
  15 0.3625 433.372 317.707
  16 0.3875 430.96 300.371
  17 0.4125 430.784 306.822
  18 0.4375 431.306 312.543
  19 0.4625 431.724 316.669
  20 0.4875 431.496 318.957
  21 0.5125 431.196 354.157
  22 0.5375 432.362 350.817
  23 0.5625 431.014 324.751
  24 0.5875 431.556 313.278
  25 0.6125 431.85 311.557
  26 0.6375 432.258 304.173
  27 0.6625 431.344 304.043
  28 0.6875 430.176 296.91
  29 0.7125 432.284 299.662
  30 0.7375 432.17 303.944
  31 0.7625 432.866 303.617
  32 0.7875 432.908 292.739
  33 0.8125 432.072 293.388
  34 0.8375 432.654 293.494
  35 0.8625 432.59 296.521
  36 0.8875 433.038 289.245
  37 0.9125 433.682 284.272
  38 0.9375 431.83 287.296
  39 0.9625 432.53 281.735
  40 0.9875 432.316 259.858
25000 40 17280
  1 0.0125 430.42 248.824
  2 0.0375 430.746 250.174
  3 0.0625 431.42 269.986
  4 0.0875 432.036 276.203
  5 0.1125 432.07 285.974
  6 0.1375 431.742 278.481
  7 0.1625 432.172 288.083
  8 0.1875 431.432 299.317
  9 0.2125 432.074 300.002
  10 0.2375 432.622 297.827
  11 0.2625 431.968 313.609
  12 0.2875 431.876 300.09
  13 0.3125 433.55 307.955
  14 0.3375 432.04 310.632
  15 0.3625 433.272 309.385
  16 0.3875 433.888 302.434
  17 0.4125 432.978 307.229
  18 0.4375 432.466 314.203
  19 0.4625 433.654 317.399
  20 0.4875 432.75 331.336
  21 0.5125 432.97 350.345
  22 0.5375 432.53 348.201
  23 0.5625 432.798 328.563
  24 0.5875 433.278 325.752
  25 0.6125 432.532 311.241
  26 0.6375 432.354 300.008
  27 0.6625 432.556 299.699
  28 0.6875 431.616 298.617
  29 0.7125 431.022 300.68
  30 0.7375 430.994 306.22
  31 0.7625 431.974 306.631
  32 0.7875 430.936 301.522
  33 0.8125 430.556 296.26
  34 0.8375 432.046 300.421
  35 0.8625 431.894 295.527
  36 0.8875 430.324 283.267
  37 0.9125 431.532 287.917
  38 0.9375 431.332 283.396
  39 0.9625 431.224 273.465
  40 0.9875 430.356 265.347
30000 40 17279.999999999996
  1 0.0125 432.246 247.835
  2 0.0375 432.47 254.842
  3 0.0625 432.348 265.198
  4 0.0875 433.258 268.758
  5 0.1125 433.23 283.639
  6 0.1375 433.386 284.957
  7 0.1625 431.92 287.249
  8 0.1875 430.808 288.841
  9 0.2125 431.654 297.94
  10 0.2375 431.256 299.75
  11 0.2625 431.54 306.977
  12 0.2875 432.478 304.612
  13 0.3125 429.824 313.703
  14 0.3375 431.654 302.082
  15 0.3625 430.222 311.505
  16 0.3875 433.028 309.638
  17 0.4125 432.368 319.368
  18 0.4375 430.686 314.867
  19 0.4625 431.276 319.538
  20 0.4875 431.454 324.268
  21 0.5125 430 344.348
  22 0.5375 431.724 341.934
  23 0.5625 431.512 336.917
  24 0.5875 431.862 326.12
  25 0.6125 432.02 314.269
  26 0.6375 431.452 309.355
  27 0.6625 429.896 298.28
  28 0.6875 432.132 300.129
  29 0.7125 431.516 306.323
  30 0.7375 430.836 305.612
  31 0.7625 433.152 304.124
  32 0.7875 432.478 289.098
  33 0.8125 432.744 307.662
  34 0.8375 434.144 300.253
  35 0.8625 432.408 291.941
  36 0.8875 432.156 291.186
  37 0.9125 433.364 287.144
  38 0.9375 432.378 275.187
  39 0.9625 433.304 275.835
  40 0.9875 433.816 262.214
35000 40 17280
  1 0.0125 431.18 247.245
  2 0.0375 431.63 248.138
  3 0.0625 430.918 261.944
  4 0.0875 432.074 271.256
  5 0.1125 430.494 279.395
  6 0.1375 432.47 283.636
  7 0.1625 432.064 289.929
  8 0.1875 431.656 289.114
  9 0.2125 430.9 292.831
  10 0.2375 432.03 295.278
  11 0.2625 431.58 297.922
  12 0.2875 432.446 299.258
  13 0.3125 432.706 308.339
  14 0.3375 433.72 316.088
  15 0.3625 433.694 318.459
  16 0.3875 432.532 312.076
  17 0.4125 434.354 312.586
  18 0.4375 432.742 313.079
  19 0.4625 431.652 320.985
  20 0.4875 433.214 327.708
  21 0.5125 433.352 351.692
  22 0.5375 431.916 348.859
  23 0.5625 434.05 335.617
  24 0.5875 432.308 311.828
  25 0.6125 432.898 317.419
  26 0.6375 431.846 318.27
  27 0.6625 433.078 311.985
  28 0.6875 432.086 309.429
  29 0.7125 432.208 305.295
  30 0.7375 430.734 297.395
  31 0.7625 431.398 292.142
  32 0.7875 430.88 293.183
  33 0.8125 430.566 300.507
  34 0.8375 431.502 304.344
  35 0.8625 431.056 295.267
  36 0.8875 431.182 291.095
  37 0.9125 431.582 289.823
  38 0.9375 430.696 282.156
  39 0.9625 431.218 263.018
  40 0.9875 431.388 264.68
40000 40 17280
  1 0.0125 434.778 240.28
  2 0.0375 432.858 245.762
  3 0.0625 431.68 263.462
  4 0.0875 433.148 274.559
  5 0.1125 433.496 274.281
  6 0.1375 431.932 281.299
  7 0.1625 433.098 287.284
  8 0.1875 433.266 287.417
  9 0.2125 431.324 290.266
  10 0.2375 430.638 287.443
  11 0.2625 431.65 300.178
  12 0.2875 432.972 299.955
  13 0.3125 432.36 312.389
  14 0.3375 430.788 317.114
  15 0.3625 430.9 311.18
  16 0.3875 432.268 318.926
  17 0.4125 431.364 318.418
  18 0.4375 431.724 320.218
  19 0.4625 430.834 325.828
  20 0.4875 431.598 323.831
  21 0.5125 432.306 345.754
  22 0.5375 430.504 345.535
  23 0.5625 430.682 345.638
  24 0.5875 431.598 333.869
  25 0.6125 431.462 321.855
  26 0.6375 431.064 307.815
  27 0.6625 430.632 302.381
  28 0.6875 431.808 302.791
  29 0.7125 430.918 304.766
  30 0.7375 432.436 305.612
  31 0.7625 431.172 305.022
  32 0.7875 432.246 297.949
  33 0.8125 432.154 308.5
  34 0.8375 432.144 300.656
  35 0.8625 432.696 297.735
  36 0.8875 432.484 288.498
  37 0.9125 433.184 284.981
  38 0.9375 432.332 271.78
  39 0.9625 432.182 267.022
  40 0.9875 433.32 254.534
45000 40 17280
  1 0.0125 431.234 243.998
  2 0.0375 431.576 244.204
  3 0.0625 431.466 262.893
  4 0.0875 431.666 268.405
  5 0.1125 431.496 276.048
  6 0.1375 431.94 276.243
  7 0.1625 429.49 277.544
  8 0.1875 432.368 290.143
  9 0.2125 431.282 289.785
  10 0.2375 432.202 297.815
  11 0.2625 431.266 302.163
  12 0.2875 431.72 302.613
  13 0.3125 431.806 310.968
  14 0.3375 432.076 314.181
  15 0.3625 432.894 308.341
  16 0.3875 432.684 327.48
  17 0.4125 433.106 325.069
  18 0.4375 433.18 314.248
  19 0.4625 432.986 322.077
  20 0.4875 433.2 334.557
  21 0.5125 432.286 341.824
  22 0.5375 433.418 351.677
  23 0.5625 433.05 350.149
  24 0.5875 433.256 322.891
  25 0.6125 433.334 333.267
  26 0.6375 432.414 320.398
  27 0.6625 432.424 312.282
  28 0.6875 432.544 302.808
  29 0.7125 432.174 293.547
  30 0.7375 431.938 300.866
  31 0.7625 431.334 303.476
  32 0.7875 431.86 303.594
  33 0.8125 431.854 298.496
  34 0.8375 431.184 298.084
  35 0.8625 431.898 293.248
  36 0.8875 431.51 282.951
  37 0.9125 431.168 280.148
  38 0.9375 431.1 273.794
  39 0.9625 430.804 264.099
  40 0.9875 430.812 255.536
50000 40 17280
  1 0.0125 433.166 245.718
  2 0.0375 433.02 244.787
  3 0.0625 432.474 253.252
  4 0.0875 433.808 264.43
  5 0.1125 432.532 271.619
  6 0.1375 433.3 272.771
  7 0.1625 432.694 277.702
  8 0.1875 432.204 290.774
  9 0.2125 432.482 292.802
  10 0.2375 431.054 299.245
  11 0.2625 433.14 304.34
  12 0.2875 431.448 305.138
  13 0.3125 431.37 309.13
  14 0.3375 432.714 313.486
  15 0.3625 431.882 310.439
  16 0.3875 431.842 329.964
  17 0.4125 432.302 320.083
  18 0.4375 430.93 330.28
  19 0.4625 431.808 320.695
  20 0.4875 431.16 330.837
  21 0.5125 429.966 347.671
  22 0.5375 431.674 357.526
  23 0.5625 431.282 332.399
  24 0.5875 431.858 331.061
  25 0.6125 432.498 333.6
  26 0.6375 430.782 326.981
  27 0.6625 431.652 306.249
  28 0.6875 430.714 308.665
  29 0.7125 431.5 302.677
  30 0.7375 432.052 303.878
  31 0.7625 431.154 293.05
  32 0.7875 432.258 299.602
  33 0.8125 431.762 296.777
  34 0.8375 431.794 298.686
  35 0.8625 431.67 287.642
  36 0.8875 432.05 285.763
  37 0.9125 432.3 274.532
  38 0.9375 431.288 270.764
  39 0.9625 433.574 267.365
  40 0.9875 432.842 260.457
55000 40 17279.999999999996
  1 0.0125 431.53 246.882
  2 0.0375 431.384 242.743
  3 0.0625 432.118 248.717
  4 0.0875 431.512 264.045
  5 0.1125 430.952 270.389
  6 0.1375 431.934 271.581
  7 0.1625 432.434 280.478
  8 0.1875 432.348 286.321
  9 0.2125 431.104 292.022
  10 0.2375 432.608 302.706
  11 0.2625 431.814 306.54
  12 0.2875 432.088 305.445
  13 0.3125 434.22 312.949
  14 0.3375 432.792 303.248
  15 0.3625 431.862 315.047
  16 0.3875 431.912 320.092
  17 0.4125 432.136 323.872
  18 0.4375 432.602 331.909
  19 0.4625 432.408 337.789
  20 0.4875 432.352 337.099
  21 0.5125 432.316 354.996
  22 0.5375 433.148 359.766
  23 0.5625 433.052 326.711
  24 0.5875 432.684 327.831
  25 0.6125 432.176 337.934
  26 0.6375 432.184 330.651
  27 0.6625 433.096 310.558
  28 0.6875 431.48 309.568
  29 0.7125 432.174 301.588
  30 0.7375 432.17 307.884
  31 0.7625 432.022 293.417
  32 0.7875 430.652 294.448
  33 0.8125 432.072 288.7
  34 0.8375 430.748 292.639
  35 0.8625 432.162 287.751
  36 0.8875 431.686 290.256
  37 0.9125 432.202 270.153
  38 0.9375 430.672 264.848
  39 0.9625 431.392 265.467
  40 0.9875 429.802 255.452
60000 40 17280
  1 0.0125 432.698 245.44
  2 0.0375 431.852 241.24
  3 0.0625 433.356 251.576
  4 0.0875 433.53 253.748
  5 0.1125 431.678 272.676
  6 0.1375 432.144 277.631
  7 0.1625 431.216 280.737
  8 0.1875 431.868 287.392
  9 0.2125 433.216 294.718
  10 0.2375 432.058 298.873
  11 0.2625 431.704 305.263
  12 0.2875 432.052 307.394
  13 0.3125 432.894 301.08
  14 0.3375 432.88 308.319
  15 0.3625 432.93 317.866
  16 0.3875 431.34 321.373
  17 0.4125 431.074 321.417
  18 0.4375 431.656 323.634
  19 0.4625 429.748 335.653
  20 0.4875 431.268 348.175
  21 0.5125 431.87 353.932
  22 0.5375 431.654 359.591
  23 0.5625 431.782 340.583
  24 0.5875 430.722 325.425
  25 0.6125 431.728 332.712
  26 0.6375 432.472 320.985
  27 0.6625 431.534 305.026
  28 0.6875 431.098 311.451
  29 0.7125 432.722 307.12
  30 0.7375 431.484 306.599
  31 0.7625 431.05 304.26
  32 0.7875 433.32 303.968
  33 0.8125 431.508 288.403
  34 0.8375 432.08 281.327
  35 0.8625 432.012 285.216
  36 0.8875 433.676 287.401
  37 0.9125 431.938 285.582
  38 0.9375 431.616 272.37
  39 0.9625 432.258 258.824
  40 0.9875 432.314 247.254
65000 40 17280.000000000004
  1 0.0125 431.502 235.934
  2 0.0375 430.706 247.591
  3 0.0625 432.056 253.966
  4 0.0875 431.992 257.777
  5 0.1125 432.604 267.711
  6 0.1375 431.904 272.929
  7 0.1625 430.656 278.249
  8 0.1875 431.786 292.959
  9 0.2125 432.436 299.459
  10 0.2375 432.006 303.845
  11 0.2625 432.374 300.233
  12 0.2875 430.788 300.944
  13 0.3125 431.542 313.293
  14 0.3375 432.636 308.582
  15 0.3625 432.194 310.127
  16 0.3875 432.85 317.07
  17 0.4125 431.518 318.402
  18 0.4375 431.962 322.694
  19 0.4625 432.52 335.016
  20 0.4875 431.874 349.186
  21 0.5125 431.858 353.46
  22 0.5375 432.06 357.158
  23 0.5625 433.936 339.925
  24 0.5875 432.446 338.648
  25 0.6125 431.478 328.796
  26 0.6375 430.824 312.251
  27 0.6625 432.052 308.463
  28 0.6875 432.144 307.833
  29 0.7125 433.378 309.207
  30 0.7375 432.286 307.471
  31 0.7625 431.298 305.508
  32 0.7875 432.862 299.566
  33 0.8125 432.554 295.005
  34 0.8375 432.174 294.787
  35 0.8625 431.514 285.654
  36 0.8875 432.074 281.909
  37 0.9125 431.222 274.222
  38 0.9375 430.928 266.23
  39 0.9625 433.042 263.46
  40 0.9875 431.964 254.3
70000 40 17279.999999999996
  1 0.0125 433.024 239.169
  2 0.0375 432.374 244.391
  3 0.0625 432.816 251.476
  4 0.0875 433.164 261.475
  5 0.1125 432.31 268.737
  6 0.1375 431.89 270.772
  7 0.1625 432.464 280.676
  8 0.1875 431.738 293.698
  9 0.2125 431.962 295.062
  10 0.2375 431.592 307.186
  11 0.2625 433.778 307.871
  12 0.2875 431.744 303.973
  13 0.3125 432.384 299.861
  14 0.3375 431.15 305.598
  15 0.3625 431.144 302.37
  16 0.3875 429.68 317.4
  17 0.4125 432.186 312.694
  18 0.4375 431.19 324.437
  19 0.4625 431.866 333.63
  20 0.4875 432.122 343.541
  21 0.5125 432.19 368.989
  22 0.5375 431.304 374.371
  23 0.5625 432.324 334.048
  24 0.5875 431.936 338.328
  25 0.6125 431.342 332.271
  26 0.6375 431.358 313.019
  27 0.6625 431.68 315.432
  28 0.6875 432.956 306.33
  29 0.7125 432.816 303.856
  30 0.7375 431.554 303.265
  31 0.7625 432.26 302.345
  32 0.7875 432.13 297.538
  33 0.8125 431.152 302.807
  34 0.8375 432.344 288.565
  35 0.8625 432.748 287.227
  36 0.8875 432.326 281.239
  37 0.9125 431.72 270.903
  38 0.9375 431.68 270.936
  39 0.9625 431.854 267.614
  40 0.9875 431.748 246.779
75000 40 17280
  1 0.0125 431.644 239.436
  2 0.0375 432.178 240.522
  3 0.0625 432.75 256.558
  4 0.0875 432.244 270.853
  5 0.1125 431.46 271.826
  6 0.1375 431.498 270.641
  7 0.1625 432.044 288.758
  8 0.1875 431.524 284.976
  9 0.2125 431.108 292.683
  10 0.2375 433.27 296.65
  11 0.2625 430.994 303.932
  12 0.2875 431.408 293.807
  13 0.3125 431.112 298.933
  14 0.3375 432.25 314.416
  15 0.3625 431.616 306.51
  16 0.3875 430.646 317.512
  17 0.4125 430.902 322.661
  18 0.4375 431.006 333.017
  19 0.4625 431.068 332.452
  20 0.4875 432.77 345.281
  21 0.5125 432.686 371.357
  22 0.5375 430.976 370.902
  23 0.5625 432.288 342.216
  24 0.5875 430.872 327.756
  25 0.6125 432.336 322.322
  26 0.6375 432.884 315.338
  27 0.6625 432.574 316.043
  28 0.6875 431.406 308.071
  29 0.7125 432.072 306.606
  30 0.7375 431.804 293.344
  31 0.7625 432.642 296.729
  32 0.7875 432.442 301.36
  33 0.8125 433.034 297.918
  34 0.8375 432.094 291.564
  35 0.8625 433.334 290.955
  36 0.8875 433.056 281.049
  37 0.9125 432.744 277.348
  38 0.9375 432.502 273.98
  39 0.9625 431.592 260.856
  40 0.9875 433.17 241.425
80000 40 17280
  1 0.0125 431.684 240.237
  2 0.0375 432.516 241.471
  3 0.0625 431.598 250.076
  4 0.0875 431.626 269.614
  5 0.1125 433.19 273.254
  6 0.1375 432.64 279.753
  7 0.1625 432.632 288.718
  8 0.1875 432.21 289.916
  9 0.2125 432.712 289.734
  10 0.2375 432.888 292.207
  11 0.2625 430.894 299.154
  12 0.2875 432.484 296.066
  13 0.3125 432.224 300.33
  14 0.3375 431.648 309.176
  15 0.3625 432.146 311.305
  16 0.3875 431.922 315.446
  17 0.4125 432.322 321.96
  18 0.4375 432.51 329.876
  19 0.4625 431.358 343.981
  20 0.4875 433.458 345.936
  21 0.5125 432.628 366.867
  22 0.5375 431.812 359.566
  23 0.5625 432.036 337.99
  24 0.5875 432.274 323.194
  25 0.6125 431.376 321.046
  26 0.6375 431.88 319.506
  27 0.6625 431.772 320.684
  28 0.6875 431.246 316.707
  29 0.7125 431.552 312.398
  30 0.7375 431.872 302.256
  31 0.7625 431.26 298.4
  32 0.7875 431.68 292.13
  33 0.8125 431.426 288.1
  34 0.8375 431.4 282.114
  35 0.8625 432.58 284.16
  36 0.8875 431.582 292.718
  37 0.9125 432.814 285.308
  38 0.9375 430.634 270.401
  39 0.9625 431.354 258.893
  40 0.9875 432.16 250.224
85000 40 17279.999999999996
  1 0.0125 431.824 239.526
  2 0.0375 433.076 239.609
  3 0.0625 432.894 250.492
  4 0.0875 432.674 266.186
  5 0.1125 433.632 271.709
  6 0.1375 432.96 287.184
  7 0.1625 431.952 290.342
  8 0.1875 432.112 288.441
  9 0.2125 431.85 293.412
  10 0.2375 431.116 296.228
  11 0.2625 432.858 293.348
  12 0.2875 431.466 296.24
  13 0.3125 431.364 303.362
  14 0.3375 430.2 307.916
  15 0.3625 429.97 321.337
  16 0.3875 432.228 312.777
  17 0.4125 430.292 328.699
  18 0.4375 430.992 321.932
  19 0.4625 431.796 338.247
  20 0.4875 431.854 346.919
  21 0.5125 431.616 362.058
  22 0.5375 431.566 366.553
  23 0.5625 431.396 341.945
  24 0.5875 432.338 326.835
  25 0.6125 431.078 323.792
  26 0.6375 431.828 319.46
  27 0.6625 430.55 311.64
  28 0.6875 431.894 307.992
  29 0.7125 431.68 307.794
  30 0.7375 430.92 303.882
  31 0.7625 433.146 307.316
  32 0.7875 431.628 295.574
  33 0.8125 432.594 288.564
  34 0.8375 432.648 280.151
  35 0.8625 433.81 287.828
  36 0.8875 432.832 290.135
  37 0.9125 433.212 281.757
  38 0.9375 431.77 269.013
  39 0.9625 432.922 257.845
  40 0.9875 433.462 248.168
90000 40 17280.000000000004
  1 0.0125 431.874 239.238
  2 0.0375 432.202 233.312
  3 0.0625 432.002 253.221
  4 0.0875 432.342 268.019
  5 0.1125 432.676 273.931
  6 0.1375 431.986 289.957
  7 0.1625 432.244 285.494
  8 0.1875 431.514 290.714
  9 0.2125 432.566 291.193
  10 0.2375 431.16 294.479
  11 0.2625 432.144 301.101
  12 0.2875 431.43 292.491
  13 0.3125 432.182 306.358
  14 0.3375 433.274 311.019
  15 0.3625 431.666 322.514
  16 0.3875 432.996 328.863
  17 0.4125 433.302 331.979
  18 0.4375 432.702 326.83
  19 0.4625 432.754 324.391
  20 0.4875 431.892 340.121
  21 0.5125 433.266 361.163
  22 0.5375 431.694 353.588
  23 0.5625 432.916 337.835
  24 0.5875 432.272 324.154
  25 0.6125 431.864 330.956
  26 0.6375 433.288 320.756
  27 0.6625 430.728 312.055
  28 0.6875 431.146 309.729
  29 0.7125 431.94 309.294
  30 0.7375 431.312 307.871
  31 0.7625 431.57 299.771
  32 0.7875 431.146 293.035
  33 0.8125 432.988 287.428
  34 0.8375 432.058 283.743
  35 0.8625 431.324 289.179
  36 0.8875 430.494 279.103
  37 0.9125 431.238 276.172
  38 0.9375 430.72 269.531
  39 0.9625 431.674 265.545
  40 0.9875 431.454 250.945
95000 40 17280.000000000004
  1 0.0125 431.82 242.763
  2 0.0375 434.212 233.205
  3 0.0625 432.352 256.915
  4 0.0875 432.838 270.918
  5 0.1125 432.86 277.21
  6 0.1375 431.774 281.296
  7 0.1625 432.258 279.66
  8 0.1875 432.028 291.098
  9 0.2125 433.046 303.863
  10 0.2375 432.552 297.788
  11 0.2625 431.58 297.327
  12 0.2875 430.868 304.104
  13 0.3125 432.154 305.674
  14 0.3375 429.74 315.873
  15 0.3625 431.082 321.471
  16 0.3875 431.608 326.105
  17 0.4125 431.282 326.377
  18 0.4375 431.18 325.889
  19 0.4625 431.17 332.009
  20 0.4875 429.174 335.461
  21 0.5125 431.088 358.52
  22 0.5375 432.558 351.725
  23 0.5625 432.884 337.249
  24 0.5875 430.146 334.239
  25 0.6125 430.48 324.241
  26 0.6375 432.24 320.722
  27 0.6625 432.048 314.769
  28 0.6875 431.344 310.683
  29 0.7125 431.908 308.347
  30 0.7375 431.098 303.668
  31 0.7625 431.984 295.864
  32 0.7875 431.978 295.328
  33 0.8125 432.494 292.386
  34 0.8375 432.66 290.249
  35 0.8625 433.214 288.741
  36 0.8875 432.17 277.069
  37 0.9125 432.562 271.287
  38 0.9375 434.16 263.766
  39 0.9625 432.972 262.575
  40 0.9875 434.434 248.593
100000 40 17280
  1 0.0125 431.402 240.13
  2 0.0375 431.902 245.344
  3 0.0625 432.228 257.441
  4 0.0875 431.602 270.959
  5 0.1125 431.128 273.087
  6 0.1375 431.83 267.363
  7 0.1625 431.65 277.211
  8 0.1875 432.388 291.143
  9 0.2125 432.288 294.461
  10 0.2375 431.984 303.302
  11 0.2625 432.134 300.346
  12 0.2875 432.536 301.916
  13 0.3125 433.492 308.74
  14 0.3375 433.144 317.175
  15 0.3625 432.252 323.706
  16 0.3875 432.384 323.124
  17 0.4125 432.802 327.661
  18 0.4375 433.344 325.8
  19 0.4625 432.84 327.646
  20 0.4875 432.774 342.523
  21 0.5125 433.148 361.681
  22 0.5375 433.378 356.686
  23 0.5625 433.488 329.917
  24 0.5875 432.744 327.821
  25 0.6125 431.334 326.152
  26 0.6375 431.804 320.814
  27 0.6625 432.396 321.081
  28 0.6875 432.392 310.246
  29 0.7125 430.104 303.563
  30 0.7375 432.446 299.819
  31 0.7625 431.428 303.669
  32 0.7875 431.862 299.296
  33 0.8125 432.168 287.607
  34 0.8375 429.166 289.95
  35 0.8625 430.286 281.99
  36 0.8875 431.878 273.995
  37 0.9125 430.672 275.426
  38 0.9375 429.908 272.722
  39 0.9625 432.056 258.938
  40 0.9875 431.238 247.424
105000 40 17280.000000000004
  1 0.0125 433.984 235.953
  2 0.0375 432.608 239.144
  3 0.0625 432.742 253.864
  4 0.0875 432.606 275.68
  5 0.1125 432.896 277.894
  6 0.1375 432.116 271.279
  7 0.1625 433.332 280.441
  8 0.1875 432.226 289.915
  9 0.2125 430.876 287.589
  10 0.2375 433.722 297.058
  11 0.2625 431.284 298.449
  12 0.2875 429.798 298.154
  13 0.3125 430.356 314.608
  14 0.3375 429.906 316.321
  15 0.3625 430.138 323.549
  16 0.3875 430.376 317.694
  17 0.4125 430.374 323.192
  18 0.4375 429.954 334.781
  19 0.4625 430.262 338.121
  20 0.4875 430.408 331.01
  21 0.5125 430.618 358.699
  22 0.5375 431.682 355.558
  23 0.5625 430.628 336.73
  24 0.5875 431.384 337.653
  25 0.6125 431.688 321.803
  26 0.6375 432.084 320.473
  27 0.6625 432.642 323.595
  28 0.6875 431.664 321.408
  29 0.7125 431.17 306.621
  30 0.7375 433.082 296.331
  31 0.7625 431.938 294.598
  32 0.7875 431.368 296.171
  33 0.8125 432.604 288.803
  34 0.8375 434.022 287.269
  35 0.8625 433.984 281.766
  36 0.8875 432.972 282.251
  37 0.9125 433.808 272.357
  38 0.9375 434.248 272.116
  39 0.9625 434.562 265.769
  40 0.9875 433.888 247.414
110000 40 17280.000000000004
  1 0.0125 431.148 239.34
  2 0.0375 431.016 235.36
  3 0.0625 431.902 251.176
  4 0.0875 432.078 269.36
  5 0.1125 431.514 276.915
  6 0.1375 431.984 271.184
  7 0.1625 432.468 286.557
  8 0.1875 432.342 287.703
  9 0.2125 432.106 289.64
  10 0.2375 432.27 297.568
  11 0.2625 432.232 291.99
  12 0.2875 432.35 302.695
  13 0.3125 432.732 317.345
  14 0.3375 432.024 316.261
  15 0.3625 431.676 318.731
  16 0.3875 433.02 317.114
  17 0.4125 432.38 327.426
  18 0.4375 433.036 326.635
  19 0.4625 431.348 345.943
  20 0.4875 433.226 342.087
  21 0.5125 432.666 355.843
  22 0.5375 433.756 357.102
  23 0.5625 434.614 335.48
  24 0.5875 432.656 328.893
  25 0.6125 432.438 325.454
  26 0.6375 432.236 312.465
  27 0.6625 432.126 314.457
  28 0.6875 431.962 312.388
  29 0.7125 431.482 318.752
  30 0.7375 431.162 305.453
  31 0.7625 432.418 291.762
  32 0.7875 430.366 293.658
  33 0.8125 430.768 299.317
  34 0.8375 431.05 284.776
  35 0.8625 430.366 280.227
  36 0.8875 431.794 282.176
  37 0.9125 431.24 271.968
  38 0.9375 431.312 273.278
  39 0.9625 431.212 263.935
  40 0.9875 431.524 252.319
115000 40 17280
  1 0.0125 432.546 238.509
  2 0.0375 433.274 233.073
  3 0.0625 433.132 256.6
  4 0.0875 434.398 268.534
  5 0.1125 433.142 276.076
  6 0.1375 433.894 280.433
  7 0.1625 433.096 285.602
  8 0.1875 431.318 290.824
  9 0.2125 431.19 292.929
  10 0.2375 432.41 290.479
  11 0.2625 431.302 288.756
  12 0.2875 430.534 307.084
  13 0.3125 430.514 303.214
  14 0.3375 430.876 317.282
  15 0.3625 430.442 319.088
  16 0.3875 430.902 324.507
  17 0.4125 429.752 333.756
  18 0.4375 430.186 336.476
  19 0.4625 430.096 336.039
  20 0.4875 431.114 338.696
  21 0.5125 430.498 347.173
  22 0.5375 430.86 358.553
  23 0.5625 430.72 333.107
  24 0.5875 430.19 336.831
  25 0.6125 431.322 329.362
  26 0.6375 432.408 319.79
  27 0.6625 432.79 315.929
  28 0.6875 430.662 311.404
  29 0.7125 432.102 311.33
  30 0.7375 432.106 301.678
  31 0.7625 433.09 303.14
  32 0.7875 432.04 296.468
  33 0.8125 432.862 293.979
  34 0.8375 433.718 294.449
  35 0.8625 433.016 287.667
  36 0.8875 433.676 269.385
  37 0.9125 433.42 269.381
  38 0.9375 433.342 261.672
  39 0.9625 432.968 260.151
  40 0.9875 434.092 253.381
120000 40 17280
  1 0.0125 431.338 238.022
  2 0.0375 431.67 243.925
  3 0.0625 433.026 256.63
  4 0.0875 430.562 266.278
  5 0.1125 431.44 270.98
  6 0.1375 431.086 272.435
  7 0.1625 432.354 281.91
  8 0.1875 431.502 289.958
  9 0.2125 433.314 297.928
  10 0.2375 432.788 298.294
  11 0.2625 432.87 293.384
  12 0.2875 432.354 295.484
  13 0.3125 431.958 306.068
  14 0.3375 433.684 314.007
  15 0.3625 432.444 322.647
  16 0.3875 433.458 325.748
  17 0.4125 431.626 333.95
  18 0.4375 432.462 333.111
  19 0.4625 431.964 331.41
  20 0.4875 432.782 335.649
  21 0.5125 431.766 355.037
  22 0.5375 433.134 361.27
  23 0.5625 433.456 334.871
  24 0.5875 432.334 328.353
  25 0.6125 432.584 338.487
  26 0.6375 432.628 319.432
  27 0.6625 432.122 317.037
  28 0.6875 432.304 306.694
  29 0.7125 432.444 313.313
  30 0.7375 431.926 305.802
  31 0.7625 431.662 297.295
  32 0.7875 431.626 297.743
  33 0.8125 431.974 291.414
  34 0.8375 431.55 287.341
  35 0.8625 430.992 285.248
  36 0.8875 430.72 273.099
  37 0.9125 431.02 269.674
  38 0.9375 430.822 265.859
  39 0.9625 429.406 264.776
  40 0.9875 430.848 247.866
125000 40 17280
  1 0.0125 432.996 248.03
  2 0.0375 432.55 245.604
  3 0.0625 433 260.432
  4 0.0875 433.09 270.829
  5 0.1125 433.47 270.882
  6 0.1375 432.136 268.401
  7 0.1625 431.996 280.153
  8 0.1875 431.486 288.803
  9 0.2125 432.5 288.076
  10 0.2375 432.188 296.417
  11 0.2625 431.976 290.781
  12 0.2875 432.192 296.446
  13 0.3125 431.692 300.111
  14 0.3375 431.788 316.081
  15 0.3625 430.918 327.269
  16 0.3875 430.928 321.623
  17 0.4125 430.2 327.443
  18 0.4375 429.918 334
  19 0.4625 431.176 332.496
  20 0.4875 431.396 340.601
  21 0.5125 430.302 353.014
  22 0.5375 429.588 373.655
  23 0.5625 432.808 342.77
  24 0.5875 431.238 329.442
  25 0.6125 431.378 325.703
  26 0.6375 432.604 320.345
  27 0.6625 429.638 315.852
  28 0.6875 431.936 307.918
  29 0.7125 432.208 304.258
  30 0.7375 432.872 305.469
  31 0.7625 431.382 298.642
  32 0.7875 432.686 290.206
  33 0.8125 433.024 293.813
  34 0.8375 432.036 281.228
  35 0.8625 433.434 275.986
  36 0.8875 433.484 274.799
  37 0.9125 432.76 276.371
  38 0.9375 432.982 273.679
  39 0.9625 433.486 267.661
  40 0.9875 432.558 257.385
130000 40 17280.000000000004
  1 0.0125 432.158 242.635
  2 0.0375 432.124 242.19
  3 0.0625 430.532 258.366
  4 0.0875 432.672 266.338
  5 0.1125 432.482 272.624
  6 0.1375 431.24 276.517
  7 0.1625 430.76 278.059
  8 0.1875 431.664 283.195
  9 0.2125 432.544 292.742
  10 0.2375 430.798 298.487
  11 0.2625 433.818 300.131
  12 0.2875 432.122 294.511
  13 0.3125 432.61 294.411
  14 0.3375 432.202 302.797
  15 0.3625 432.584 326.697
  16 0.3875 430.764 325.075
  17 0.4125 432.712 325.365
  18 0.4375 433.2 328.23
  19 0.4625 432.686 334.909
  20 0.4875 432.78 347.821
  21 0.5125 432.786 352.1
  22 0.5375 431.202 364.68
  23 0.5625 433.594 353.087
  24 0.5875 432.338 335.486
  25 0.6125 431.99 328.937
  26 0.6375 431.91 323.771
  27 0.6625 432.51 307.329
  28 0.6875 432.906 306.204
  29 0.7125 431.904 308.195
  30 0.7375 431.282 301.491
  31 0.7625 431.494 291.532
  32 0.7875 431.012 289.384
  33 0.8125 431.558 294.963
  34 0.8375 432.152 283.356
  35 0.8625 431.248 276.435
  36 0.8875 432.546 279.987
  37 0.9125 431.634 286.528
  38 0.9375 432.032 276.271
  39 0.9625 430.532 259.704
  40 0.9875 430.918 256.346
135000 40 17280
  1 0.0125 432.332 240.791
  2 0.0375 432.894 236.414
  3 0.0625 431.736 256.318
  4 0.0875 431.014 262.072
  5 0.1125 431.612 262.653
  6 0.1375 432.398 273.897
  7 0.1625 432.61 283.083
  8 0.1875 432.604 295.324
  9 0.2125 432.398 289.849
  10 0.2375 432.826 293.079
  11 0.2625 430.856 301.822
  12 0.2875 432.036 302.107
  13 0.3125 431.9 306.976
  14 0.3375 432.97 308.305
  15 0.3625 430.148 322.821
  16 0.3875 431.594 325.567
  17 0.4125 431.24 320.419
  18 0.4375 430.858 327.979
  19 0.4625 430.308 339.506
  20 0.4875 431.78 348.658
  21 0.5125 431.974 361.182
  22 0.5375 431.262 363.164
  23 0.5625 432.082 348.069
  24 0.5875 432.04 336.658
  25 0.6125 432.068 331.241
  26 0.6375 431.116 318.407
  27 0.6625 432.404 307.006
  28 0.6875 432.11 308.038
  29 0.7125 431.75 303.684
  30 0.7375 432.744 300.391
  31 0.7625 431.766 298.786
  32 0.7875 432.182 288.151
  33 0.8125 432.01 292.634
  34 0.8375 433.114 283.932
  35 0.8625 432.624 283.777
  36 0.8875 432.868 283.151
  37 0.9125 432.96 286.421
  38 0.9375 432.304 267.805
  39 0.9625 432.938 261.77
  40 0.9875 431.57 248.992
140000 40 17280
  1 0.0125 431.614 239.967
  2 0.0375 431.778 241.136
  3 0.0625 432.384 257.187
  4 0.0875 431.666 258.423
  5 0.1125 432.254 265.108
  6 0.1375 431.618 281.036
  7 0.1625 432.986 285.778
  8 0.1875 431.798 290.357
  9 0.2125 431.734 294.338
  10 0.2375 432.122 286.656
  11 0.2625 432.118 300.999
  12 0.2875 432.916 301.496
  13 0.3125 431.608 301.852
  14 0.3375 432.03 306.159
  15 0.3625 431.718 317.255
  16 0.3875 431.658 327.582
  17 0.4125 433.366 331.823
  18 0.4375 431.448 333.837
  19 0.4625 432.07 337.208
  20 0.4875 432.734 353.712
  21 0.5125 431.554 354.365
  22 0.5375 432.06 359.008
  23 0.5625 432.464 339.737
  24 0.5875 431.562 335.864
  25 0.6125 432.528 323.921
  26 0.6375 432.592 321.613
  27 0.6625 431.752 316.686
  28 0.6875 431.81 315.691
  29 0.7125 431.942 310.951
  30 0.7375 431.528 296.895
  31 0.7625 432.918 295.964
  32 0.7875 431.734 290.126
  33 0.8125 432.192 288.604
  34 0.8375 431.206 286.275
  35 0.8625 432.662 289.94
  36 0.8875 432.672 278.803
  37 0.9125 431.344 275.888
  38 0.9375 431.436 262.143
  39 0.9625 431.104 261.673
  40 0.9875 431.32 252.498
145000 40 17280
  1 0.0125 431.698 245.093
  2 0.0375 431.684 240.789
  3 0.0625 432.122 253.899
  4 0.0875 432.022 260.255
  5 0.1125 432.086 262.344
  6 0.1375 432.522 274.406
  7 0.1625 431.114 285.874
  8 0.1875 432.484 284.454
  9 0.2125 431.468 289.048
  10 0.2375 432.462 293.181
  11 0.2625 431.818 300.338
  12 0.2875 432.338 295.461
  13 0.3125 432.712 295.881
  14 0.3375 432.9 315.682
  15 0.3625 432.114 321.988
  16 0.3875 431.908 329.112
  17 0.4125 433.182 321.409
  18 0.4375 433.186 328.828
  19 0.4625 431.748 351.844
  20 0.4875 431.916 350.285
  21 0.5125 431.7 361.214
  22 0.5375 431.246 360.697
  23 0.5625 433.616 350.671
  24 0.5875 432.022 331.166
  25 0.6125 431.558 316.817
  26 0.6375 432.488 323.542
  27 0.6625 432.27 309.094
  28 0.6875 430.842 317.466
  29 0.7125 432.242 310.732
  30 0.7375 430.79 297.119
  31 0.7625 431.522 296.698
  32 0.7875 432.322 291.618
  33 0.8125 431.506 284.897
  34 0.8375 432.702 282.549
  35 0.8625 430.42 292.54
  36 0.8875 432.734 289.402
  37 0.9125 432.672 277.561
  38 0.9375 430.7 268.745
  39 0.9625 431.546 260.642
  40 0.9875 431.618 245.95
150000 40 17280
  1 0.0125 431.948 237.923
  2 0.0375 433.394 238.499
  3 0.0625 431.742 252.029
  4 0.0875 432.038 265.262
  5 0.1125 432.326 268.077
  6 0.1375 432.052 282.471
  7 0.1625 431.914 285.459
  8 0.1875 432.3 277.646
  9 0.2125 432.926 284.249
  10 0.2375 430.602 293.989
  11 0.2625 432.478 301.154
  12 0.2875 431.692 306.044
  13 0.3125 431.516 300.498
  14 0.3375 430.75 311.335
  15 0.3625 431.78 313.181
  16 0.3875 431.638 317.257
  17 0.4125 431.62 326.67
  18 0.4375 431.524 326.127
  19 0.4625 431.836 339.734
  20 0.4875 430.848 346.547
  21 0.5125 431.162 366.462
  22 0.5375 432.496 374.026
  23 0.5625 431.818 352.79
  24 0.5875 432.076 327.976
  25 0.6125 431.122 323.952
  26 0.6375 431.978 325.734
  27 0.6625 431.914 317.097
  28 0.6875 431.476 311.453
  29 0.7125 431.868 308.165
  30 0.7375 432.338 303.574
  31 0.7625 431.85 299.077
  32 0.7875 431.81 295.458
  33 0.8125 433.066 286.087
  34 0.8375 431.424 291.34
  35 0.8625 433.37 287.333
  36 0.8875 432.524 281.973
  37 0.9125 431.878 274.068
  38 0.9375 432.73 261.99
  39 0.9625 433.79 258.807
  40 0.9875 432.386 249.996
155000 40 17280
  1 0.0125 432.864 243.416
  2 0.0375 430.42 234.161
  3 0.0625 433.298 242.99
  4 0.0875 433.038 261.012
  5 0.1125 431.892 268.173
  6 0.1375 432.398 277.47
  7 0.1625 432.6 288.282
  8 0.1875 431.794 288.055
  9 0.2125 432.342 289.885
  10 0.2375 431.528 289.935
  11 0.2625 432.354 294.188
  12 0.2875 432.978 296.246
  13 0.3125 431.252 304.062
  14 0.3375 433.344 315.089
  15 0.3625 431.838 307.783
  16 0.3875 433.552 317.855
  17 0.4125 432.514 332.626
  18 0.4375 434.014 331.232
  19 0.4625 432.712 337.747
  20 0.4875 434.42 359.218
  21 0.5125 430.094 363.384
  22 0.5375 431.926 354.802
  23 0.5625 433.022 344.691
  24 0.5875 432.842 340
  25 0.6125 430.396 328.511
  26 0.6375 432.154 315.168
  27 0.6625 431.316 318.107
  28 0.6875 430.93 312.778
  29 0.7125 432.284 313.915
  30 0.7375 432.206 303.052
  31 0.7625 431.41 297.962
  32 0.7875 430.908 302.883
  33 0.8125 432.178 289.808
  34 0.8375 432.024 293.631
  35 0.8625 431.412 279.997
  36 0.8875 430.098 267.737
  37 0.9125 431.374 271.674
  38 0.9375 430.394 272.063
  39 0.9625 430.384 263.724
  40 0.9875 431.496 254.406
160000 40 17280
  1 0.0125 434.266 241.727
  2 0.0375 432.74 236.146
  3 0.0625 432.45 249.821
  4 0.0875 433.266 263.655
  5 0.1125 432.728 266.557
  6 0.1375 431.264 271.721
  7 0.1625 431.994 277.696
  8 0.1875 431.254 281.223
  9 0.2125 431.884 286.637
  10 0.2375 431.898 289.262
  11 0.2625 431.13 298.462
  12 0.2875 430.778 295.563
  13 0.3125 432.004 312.639
  14 0.3375 431.504 321.847
  15 0.3625 430.534 319.778
  16 0.3875 430.564 313.815
  17 0.4125 431.202 324.888
  18 0.4375 430.044 339.179
  19 0.4625 431.472 341.745
  20 0.4875 430.562 353.741
  21 0.5125 432.004 363.532
  22 0.5375 431.202 361.908
  23 0.5625 430.64 343.399
  24 0.5875 432.888 338.235
  25 0.6125 431.714 321.207
  26 0.6375 431.018 312.975
  27 0.6625 432.384 314.18
  28 0.6875 431.816 318.707
  29 0.7125 430.606 314.903
  30 0.7375 431.204 300.764
  31 0.7625 431.774 296.686
  32 0.7875 432.75 293.031
  33 0.8125 433.016 288.786
  34 0.8375 432.384 287.158
  35 0.8625 432.714 288.871
  36 0.8875 433 279.153
  37 0.9125 433.174 275.219
  38 0.9375 435.17 266.19
  39 0.9625 432.99 266.256
  40 0.9875 434.014 256.494
165000 40 17280.000000000004
  1 0.0125 431.062 245.438
  2 0.0375 431.24 239.393
  3 0.0625 432.184 253.638
  4 0.0875 431.602 259.827
  5 0.1125 431.68 265.39
  6 0.1375 431.308 267.834
  7 0.1625 431.614 273.067
  8 0.1875 431.378 280.605
  9 0.2125 431.318 291.911
  10 0.2375 432.316 290.131
  11 0.2625 433.45 293.545
  12 0.2875 432.448 301.136
  13 0.3125 432.222 317.042
  14 0.3375 432.438 314.774
  15 0.3625 433.648 308.255
  16 0.3875 433.818 316.794
  17 0.4125 433.476 338.4
  18 0.4375 432.19 330.697
  19 0.4625 432.72 336.054
  20 0.4875 432.922 350.391
  21 0.5125 433.168 360.405
  22 0.5375 433.672 353.038
  23 0.5625 433.472 340.643
  24 0.5875 432.61 334.624
  25 0.6125 433.284 332.692
  26 0.6375 432.038 324.331
  27 0.6625 432.29 322.193
  28 0.6875 430.816 313.674
  29 0.7125 432.58 302.847
  30 0.7375 431.236 299.984
  31 0.7625 430.618 296.202
  32 0.7875 431.612 299.645
  33 0.8125 430.1 292.621
  34 0.8375 432.722 284.275
  35 0.8625 429.736 277.906
  36 0.8875 430.454 282.67
  37 0.9125 430.65 272.148
  38 0.9375 431.46 280.647
  39 0.9625 431.802 265.158
  40 0.9875 430.646 258.944
170000 40 17280.000000000004
  1 0.0125 433.412 246.35
  2 0.0375 433.69 241.954
  3 0.0625 433.512 254.918
  4 0.0875 433.394 260.123
  5 0.1125 431.548 261.183
  6 0.1375 432.466 270.977
  7 0.1625 432.842 281.065
  8 0.1875 432.014 287.612
  9 0.2125 430.658 286.011
  10 0.2375 431.726 291.635
  11 0.2625 431.204 293.136
  12 0.2875 431.042 302.513
  13 0.3125 431.648 305.897
  14 0.3375 430.078 310.408
  15 0.3625 430.57 307.09
  16 0.3875 429.658 317.812
  17 0.4125 430.952 328.205
  18 0.4375 431.666 328.224
  19 0.4625 430.356 342.09
  20 0.4875 431.4 340.64
  21 0.5125 429.794 364.298
  22 0.5375 430.016 361.17
  23 0.5625 430.556 341.598
  24 0.5875 432.91 328.942
  25 0.6125 431.53 325.747
  26 0.6375 430.232 332.299
  27 0.6625 432.406 318.236
  28 0.6875 432.398 314.975
  29 0.7125 430.754 306.316
  30 0.7375 432.63 295.402
  31 0.7625 432.968 297.51
  32 0.7875 431.988 291.122
  33 0.8125 433.1 293.846
  34 0.8375 432.614 293.28
  35 0.8625 433.794 282.492
  36 0.8875 434.252 288.491
  37 0.9125 433.36 272.725
  38 0.9375 433.24 275.901
  39 0.9625 434.188 270.979
  40 0.9875 433.434 260.406
175000 40 17279.999999999996
  1 0.0125 430.182 247.601
  2 0.0375 431.296 245.108
  3 0.0625 431.626 257.627
  4 0.0875 431.72 272.085
  5 0.1125 431.304 271.303
  6 0.1375 430.81 274.057
  7 0.1625 432.49 278.528
  8 0.1875 429.444 284.925
  9 0.2125 432.88 280.43
  10 0.2375 431.778 289.095
  11 0.2625 432.696 297.031
  12 0.2875 430.736 294.404
  13 0.3125 432.608 299.029
  14 0.3375 432.562 301.958
  15 0.3625 432.872 308.571
  16 0.3875 433.19 315.593
  17 0.4125 434.104 322.708
  18 0.4375 432.862 330.811
  19 0.4625 433.024 339.575
  20 0.4875 433.246 347.855
  21 0.5125 433.54 359.124
  22 0.5375 433.89 360.797
  23 0.5625 434.214 346.886
  24 0.5875 433.498 334.828
  25 0.6125 434.23 318.508
  26 0.6375 431.628 319.62
  27 0.6625 431.856 319.594
  28 0.6875 431.452 320.689
  29 0.7125 432.31 311.498
  30 0.7375 431.698 295.894
  31 0.7625 431.362 298.204
  32 0.7875 431.462 290.329
  33 0.8125 430.316 294.879
  34 0.8375 430.82 289.337
  35 0.8625 430.696 286.141
  36 0.8875 431.168 287.613
  37 0.9125 430.432 281.315
  38 0.9375 431.092 267.357
  39 0.9625 431.546 273.178
  40 0.9875 431.36 257.024
180000 40 17280
  1 0.0125 433.476 252.741
  2 0.0375 434.398 248.985
  3 0.0625 433.658 256.063
  4 0.0875 434.726 264.833
  5 0.1125 433.392 274.082
  6 0.1375 432.604 268.983
  7 0.1625 432.194 275.373
  8 0.1875 431.932 283.207
  9 0.2125 431.13 279.968
  10 0.2375 431.2 290.723
  11 0.2625 431.212 292.016
  12 0.2875 430.224 293.271
  13 0.3125 430.836 304.857
  14 0.3375 430.876 305.389
  15 0.3625 431.998 309.983
  16 0.3875 430.254 318.909
  17 0.4125 429.844 319.938
  18 0.4375 430.356 325.064
  19 0.4625 430.38 333.773
  20 0.4875 431.926 355.372
  21 0.5125 431.232 365.532
  22 0.5375 431.09 365.064
  23 0.5625 431.076 339.085
  24 0.5875 430.684 330.902
  25 0.6125 431.402 321.43
  26 0.6375 430.19 328.962
  27 0.6625 431.984 310.88
  28 0.6875 431.326 316.507
  29 0.7125 430.83 317.684
  30 0.7375 433.536 301.518
  31 0.7625 433.258 300.936
  32 0.7875 434.184 292.766
  33 0.8125 432.448 292.781
  34 0.8375 431.186 294.738
  35 0.8625 432.714 281.757
  36 0.8875 432.508 284.422
  37 0.9125 433.956 275.058
  38 0.9375 433.308 270.819
  39 0.9625 433.5 263.427
  40 0.9875 432.972 263.372
185000 40 17279.999999999993
  1 0.0125 430.494 237.521
  2 0.0375 430.038 240.636
  3 0.0625 431.28 250.074
  4 0.0875 432.218 268.158
  5 0.1125 431.174 276.646
  6 0.1375 431.572 276.78
  7 0.1625 430.25 272.626
  8 0.1875 433.002 272.417
  9 0.2125 430.936 289.061
  10 0.2375 431.272 288.625
  11 0.2625 432.74 283.483
  12 0.2875 432.13 285.613
  13 0.3125 433.354 302.974
  14 0.3375 432.498 307.016
  15 0.3625 433.088 307.237
  16 0.3875 432.906 321.483
  17 0.4125 431.228 334.555
  18 0.4375 433.778 324.215
  19 0.4625 433.572 336.063
  20 0.4875 432.51 348.409
  21 0.5125 433.316 364.019
  22 0.5375 433.99 369.85
  23 0.5625 434.05 350.099
  24 0.5875 433.47 326.051
  25 0.6125 432.662 324.171
  26 0.6375 431.844 322.937
  27 0.6625 432.342 313.373
  28 0.6875 431.344 314.768
  29 0.7125 432.55 309.9
  30 0.7375 431.972 301.029
  31 0.7625 432.418 296.509
  32 0.7875 430.926 292.355
  33 0.8125 429.992 300.817
  34 0.8375 432.894 287.887
  35 0.8625 431.72 286.169
  36 0.8875 430.406 285.235
  37 0.9125 430.614 282.317
  38 0.9375 431.66 276.592
  39 0.9625 430.992 279.608
  40 0.9875 430.798 259.687
190000 40 17279.999999999996
  1 0.0125 432.556 245.957
  2 0.0375 433.044 243.647
  3 0.0625 432.986 244.012
  4 0.0875 432.988 262.097
  5 0.1125 434.074 276.039
  6 0.1375 432.01 279.057
  7 0.1625 431.356 279.83
  8 0.1875 433.042 271.412
  9 0.2125 431.482 279.102
  10 0.2375 431.264 284.096
  11 0.2625 432.15 293.377
  12 0.2875 431.2 286.821
  13 0.3125 430.468 298.003
  14 0.3375 431.152 302.379
  15 0.3625 430.28 311.422
  16 0.3875 431.116 321.67
  17 0.4125 430.262 338.592
  18 0.4375 431.556 319.807
  19 0.4625 430.42 333.822
  20 0.4875 431.418 357.999
  21 0.5125 431.558 376.021
  22 0.5375 431.622 370.829
  23 0.5625 431.734 354.197
  24 0.5875 432.492 334.981
  25 0.6125 432.3 331.881
  26 0.6375 431.108 313.775
  27 0.6625 431.04 311.105
  28 0.6875 431.822 303.545
  29 0.7125 433.028 310.354
  30 0.7375 431.504 300.439
  31 0.7625 430.85 296.585
  32 0.7875 432.874 299.506
  33 0.8125 432.586 299.388
  34 0.8375 432.254 290.927
  35 0.8625 432.61 291.338
  36 0.8875 433.8 284.8
  37 0.9125 432.466 276.088
  38 0.9375 432.018 268.103
  39 0.9625 433.588 274.149
  40 0.9875 433.922 254.504
195000 40 17280
  1 0.0125 430.208 245.87
  2 0.0375 431.48 243.457
  3 0.0625 431.722 253.361
  4 0.0875 431.676 261.441
  5 0.1125 431.49 274.892
  6 0.1375 431.266 278.555
  7 0.1625 432.022 281.69
  8 0.1875 432.062 277.485
  9 0.2125 431.806 274.374
  10 0.2375 431.848 286.542
  11 0.2625 431.212 288.387
  12 0.2875 431.304 292.951
  13 0.3125 432.304 292.776
  14 0.3375 431.946 301.136
  15 0.3625 431.236 316.42
  16 0.3875 432.318 323.096
  17 0.4125 432.184 326.087
  18 0.4375 432.868 331.36
  19 0.4625 434.036 337.499
  20 0.4875 433.696 355.022
  21 0.5125 433.074 378.475
  22 0.5375 433.634 376.059
  23 0.5625 433.464 354.207
  24 0.5875 432.766 338.585
  25 0.6125 432.896 326.714
  26 0.6375 433.698 314.636
  27 0.6625 432.892 314.829
  28 0.6875 433.794 310.989
  29 0.7125 430.32 304.609
  30 0.7375 432.512 301.759
  31 0.7625 432.15 298.677
  32 0.7875 431.05 294.345
  33 0.8125 432.026 296.849
  34 0.8375 431.572 293.925
  35 0.8625 430.322 288.463
  36 0.8875 431.458 280.536
  37 0.9125 430.738 277.53
  38 0.9375 430.592 262.292
  39 0.9625 431.174 262.244
  40 0.9875 431.184 247.74
200000 40 17280.000000000004
  1 0.0125 432.732 240.297
  2 0.0375 433.128 244.261
  3 0.0625 431.382 257.37
  4 0.0875 432.684 267.544
  5 0.1125 433.14 270.172
  6 0.1375 431.66 278.924
  7 0.1625 431.206 276.335
  8 0.1875 431.742 266.971
  9 0.2125 432.778 279.66
  10 0.2375 432.456 282.302
  11 0.2625 432.94 293.623
  12 0.2875 431.588 297.324
  13 0.3125 432.084 308.418
  14 0.3375 432.164 306.08
  15 0.3625 430.696 303.103
  16 0.3875 431.266 327.04
  17 0.4125 430.612 331.975
  18 0.4375 432.222 327.614
  19 0.4625 431.998 336.979
  20 0.4875 431.104 351.898
  21 0.5125 432.454 369.484
  22 0.5375 431.538 373.067
  23 0.5625 432.18 351.051
  24 0.5875 431.22 343.201
  25 0.6125 431.034 318.17
  26 0.6375 432.988 325.464
  27 0.6625 432.744 316.358
  28 0.6875 431.574 317.499
  29 0.7125 433.494 304.005
  30 0.7375 431.638 296.004
  31 0.7625 430.168 301.184
  32 0.7875 431.118 305.505
  33 0.8125 432.47 293.507
  34 0.8375 431.808 285.782
  35 0.8625 431.59 281.357
  36 0.8875 431.834 274.841
  37 0.9125 432.494 280.23
  38 0.9375 432.31 274.813
  39 0.9625 433.042 260.366
  40 0.9875 432.72 250.396
205000 40 17280
  1 0.0125 431.734 244.247
  2 0.0375 432.084 242.128
  3 0.0625 431.85 251.994
  4 0.0875 430.624 268.635
  5 0.1125 431.692 267.032
  6 0.1375 431.744 269.41
  7 0.1625 430.238 280.767
  8 0.1875 431.342 275.069
  9 0.2125 432.584 277.202
  10 0.2375 431.768 295.435
  11 0.2625 431.976 290.409
  12 0.2875 432.416 296.597
  13 0.3125 432.23 308.12
  14 0.3375 431.634 295.826
  15 0.3625 431.666 299.456
  16 0.3875 432.462 320.861
  17 0.4125 431.954 335.356
  18 0.4375 432.322 328.683
  19 0.4625 433.324 337.021
  20 0.4875 433.05 348.221
  21 0.5125 433.232 362.771
  22 0.5375 432.356 371.518
  23 0.5625 431.192 355.501
  24 0.5875 431.654 340.94
  25 0.6125 432.548 329.472
  26 0.6375 432.5 325.38
  27 0.6625 432.942 313.991
  28 0.6875 432.8 309.744
  29 0.7125 431.764 297.053
  30 0.7375 433.95 298.075
  31 0.7625 432.478 303.611
  32 0.7875 432.872 302.255
  33 0.8125 431.18 299.419
  34 0.8375 432.89 294.017
  35 0.8625 430.854 285.902
  36 0.8875 431.206 276.746
  37 0.9125 431 272.108
  38 0.9375 431.088 268.083
  39 0.9625 431.792 266.345
  40 0.9875 431.008 262.374
210000 40 17280
  1 0.0125 431.854 243.379
  2 0.0375 433.004 241.394
  3 0.0625 432.278 255.009
  4 0.0875 431.276 264.516
  5 0.1125 432.608 272.278
  6 0.1375 432.362 280.35
  7 0.1625 433.788 278.468
  8 0.1875 432.278 270.911
  9 0.2125 431.764 273.447
  10 0.2375 432.466 283.237
  11 0.2625 433.074 300.263
  12 0.2875 433.082 305.302
  13 0.3125 431.778 304.637
  14 0.3375 432.064 294.389
  15 0.3625 433.034 303.209
  16 0.3875 431.966 317.422
  17 0.4125 431.284 327.08
  18 0.4375 431.338 326.344
  19 0.4625 431.97 333.139
  20 0.4875 431.792 351.059
  21 0.5125 431.446 366.71
  22 0.5375 432.216 369.112
  23 0.5625 432.108 353.205
  24 0.5875 431.78 344.78
  25 0.6125 431.66 327.416
  26 0.6375 431.576 324.63
  27 0.6625 430.5 318.94
  28 0.6875 430.752 314.257
  29 0.7125 431.618 300.78
  30 0.7375 431.622 301.459
  31 0.7625 431.956 308.662
  32 0.7875 431.968 294.013
  33 0.8125 431.998 296.153
  34 0.8375 431.728 291.341
  35 0.8625 430.714 282.769
  36 0.8875 431.766 272.905
  37 0.9125 432.482 273.249
  38 0.9375 432.684 272.16
  39 0.9625 431.946 271.036
  40 0.9875 432.42 259.28
215000 40 17280
  1 0.0125 433.308 242.751
  2 0.0375 431.748 244.272
  3 0.0625 431.348 253.635
  4 0.0875 431.96 268.417
  5 0.1125 431.008 279.422
  6 0.1375 432.488 282.147
  7 0.1625 431.958 287.173
  8 0.1875 433.66 280.266
  9 0.2125 431.252 282.296
  10 0.2375 430.666 285.291
  11 0.2625 433.09 289.61
  12 0.2875 431.354 296.985
  13 0.3125 431.418 300.717
  14 0.3375 430.282 298.481
  15 0.3625 433.076 303.697
  16 0.3875 431.436 315.555
  17 0.4125 431.924 321.167
  18 0.4375 432.73 326.117
  19 0.4625 431.32 335.963
  20 0.4875 430.826 356.919
  21 0.5125 431.738 370.53
  22 0.5375 430.824 356.042
  23 0.5625 431.862 345.518
  24 0.5875 431.18 335.929
  25 0.6125 432.452 315.703
  26 0.6375 432.658 330.684
  27 0.6625 431.218 327.864
  28 0.6875 433.196 315.948
  29 0.7125 431.964 304.205
  30 0.7375 432.098 299.392
  31 0.7625 431.648 299.822
  32 0.7875 432.252 298.537
  33 0.8125 431.786 292.728
  34 0.8375 432.542 291.564
  35 0.8625 432.27 287.1
  36 0.8875 432.192 272.486
  37 0.9125 433.6 269.111
  38 0.9375 432.28 271.867
  39 0.9625 432.774 267.893
  40 0.9875 432.614 266.294
220000 40 17279.999999999996
  1 0.0125 431.634 246.643
  2 0.0375 431.482 246.762
  3 0.0625 431.944 257.062
  4 0.0875 431.41 259.708
  5 0.1125 432.462 276.715
  6 0.1375 432.194 278.584
  7 0.1625 432.516 280.492
  8 0.1875 432.516 284.659
  9 0.2125 432.066 289.555
  10 0.2375 433.244 285.838
  11 0.2625 431.662 286.8
  12 0.2875 431.074 294.855
  13 0.3125 432.42 296.015
  14 0.3375 431.33 301.189
  15 0.3625 432.984 314.212
  16 0.3875 431.842 312.647
  17 0.4125 432.732 319.046
  18 0.4375 432.728 330.912
  19 0.4625 433.76 336.167
  20 0.4875 431.482 338.849
  21 0.5125 432.366 359.947
  22 0.5375 432.386 364.373
  23 0.5625 430.932 348.887
  24 0.5875 432.044 337.121
  25 0.6125 431.754 328.731
  26 0.6375 432.304 321.167
  27 0.6625 431.862 315.293
  28 0.6875 433.244 310.522
  29 0.7125 432.47 303.372
  30 0.7375 430.238 303.23
  31 0.7625 432.278 312.814
  32 0.7875 431.472 302.62
  33 0.8125 432.396 297.427
  34 0.8375 431.51 291.793
  35 0.8625 431.988 286.126
  36 0.8875 432.704 275.629
  37 0.9125 430.264 277.228
  38 0.9375 430.564 270.417
  39 0.9625 432.64 265.003
  40 0.9875 431.102 261.854
225000 40 17280.000000000004
  1 0.0125 431.606 242.154
  2 0.0375 432.996 242.47
  3 0.0625 432.574 256.55
  4 0.0875 432.446 256.652
  5 0.1125 432.262 274.108
  6 0.1375 432.312 275.45
  7 0.1625 434.062 280.675
  8 0.1875 432.176 291.587
  9 0.2125 433.36 287.053
  10 0.2375 432.284 280.641
  11 0.2625 431.596 288.482
  12 0.2875 432.466 298.76
  13 0.3125 431.846 307.288
  14 0.3375 431.862 309.021
  15 0.3625 431.56 311.449
  16 0.3875 430.678 308.164
  17 0.4125 430.744 314.65
  18 0.4375 431.37 327.662
  19 0.4625 430.036 331.655
  20 0.4875 432.008 340.186
  21 0.5125 430.492 364.866
  22 0.5375 430.924 362.527
  23 0.5625 431.3 354.296
  24 0.5875 430.946 329.395
  25 0.6125 431.454 329.88
  26 0.6375 431.62 328.534
  27 0.6625 431.962 321.509
  28 0.6875 433.208 318.867
  29 0.7125 431.876 303.997
  30 0.7375 431.35 303.737
  31 0.7625 431.764 300.909
  32 0.7875 433.186 299.291
  33 0.8125 431.338 297.545
  34 0.8375 432.298 288.789
  35 0.8625 432.602 287.081
  36 0.8875 432.95 285.101
  37 0.9125 432.342 274.87
  38 0.9375 432.792 271.583
  39 0.9625 433.668 266.073
  40 0.9875 431.684 257.516
230000 40 17280
  1 0.0125 430.152 241.712
  2 0.0375 431.012 243.388
  3 0.0625 431.008 253.705
  4 0.0875 431.734 261.171
  5 0.1125 431.37 269.789
  6 0.1375 432.226 272.639
  7 0.1625 431.24 279.437
  8 0.1875 431.87 285.2
  9 0.2125 432.436 287.354
  10 0.2375 431.956 286.1
  11 0.2625 433.588 302.056
  12 0.2875 432.128 297.975
  13 0.3125 432.738 303.371
  14 0.3375 433.656 303.5
  15 0.3625 432.348 308.481
  16 0.3875 433.684 307.5
  17 0.4125 432.274 308.854
  18 0.4375 433.502 329.271
  19 0.4625 433.004 334.326
  20 0.4875 432.95 351.48
  21 0.5125 432.928 362.16
  22 0.5375 432.832 369.369
  23 0.5625 431.544 354.952
  24 0.5875 433.496 337.04
  25 0.6125 432.106 329.811
  26 0.6375 432.394 334.105
  27 0.6625 431.984 320.729
  28 0.6875 432.12 315.603
  29 0.7125 433.376 308.708
  30 0.7375 431.39 306.759
  31 0.7625 432.448 296.547
  32 0.7875 431.332 295.944
  33 0.8125 430.532 295.229
  34 0.8375 431.11 296.157
  35 0.8625 430.962 282.682
  36 0.8875 429.858 276.463
  37 0.9125 431.032 275.85
  38 0.9375 431.098 266.678
  39 0.9625 431.602 263.172
  40 0.9875 430.98 253.853
235000 40 17280.000000000004
  1 0.0125 433.27 237.236
  2 0.0375 434.072 242.261
  3 0.0625 434.37 249.515
  4 0.0875 433.63 259.833
  5 0.1125 431.914 265.494
  6 0.1375 433.004 272.83
  7 0.1625 431.99 277.511
  8 0.1875 433.29 286.317
  9 0.2125 432.646 286.23
  10 0.2375 433.49 288.288
  11 0.2625 432.404 296.251
  12 0.2875 431.29 296.818
  13 0.3125 431.006 305.145
  14 0.3375 430.206 305.943
  15 0.3625 431.454 312.455
  16 0.3875 430.766 312.704
  17 0.4125 431.406 317.299
  18 0.4375 430.852 313.634
  19 0.4625 430.796 338.314
  20 0.4875 431.574 347.417
  21 0.5125 431.882 366.443
  22 0.5375 431.174 364.722
  23 0.5625 430.436 351.677
  24 0.5875 430.19 346.6
  25 0.6125 430.656 339.606
  26 0.6375 431.78 330.373
  27 0.6625 431.62 323.235
  28 0.6875 431.07 321.466
  29 0.7125 430.812 308.147
  30 0.7375 431.684 299.059
  31 0.7625 432.238 299.272
  32 0.7875 431.348 297.146
  33 0.8125 431.214 294.214
  34 0.8375 432.506 290.243
  35 0.8625 431.152 286.376
  36 0.8875 434.004 273.703
  37 0.9125 433.678 273.355
  38 0.9375 432.772 271.707
  39 0.9625 433.936 266.54
  40 0.9875 432.418 254.85
240000 40 17280.000000000004
  1 0.0125 429.84 236.092
  2 0.0375 431.176 244.107
  3 0.0625 430.754 247.484
  4 0.0875 433.198 261.83
  5 0.1125 431.91 268.399
  6 0.1375 429.872 275.658
  7 0.1625 431.778 274.56
  8 0.1875 432.02 278.004
  9 0.2125 432.05 284.527
  10 0.2375 432.89 285.825
  11 0.2625 432.926 302.918
  12 0.2875 432.79 297.958
  13 0.3125 432.846 302.568
  14 0.3375 433.63 306.743
  15 0.3625 433.18 309.258
  16 0.3875 433.256 312.068
  17 0.4125 432.496 316.208
  18 0.4375 434.744 326.11
  19 0.4625 431.368 330.617
  20 0.4875 431.79 356.853
  21 0.5125 432.066 368.088
  22 0.5375 432.472 362.623
  23 0.5625 432.646 349.908
  24 0.5875 432.444 337.261
  25 0.6125 432.18 335.038
  26 0.6375 432.73 335.159
  27 0.6625 432.504 326.882
  28 0.6875 432.182 322.092
  29 0.7125 432.204 317.548
  30 0.7375 431.824 297.724
  31 0.7625 433.07 295.873
  32 0.7875 430.56 297.901
  33 0.8125 431.276 291.57
  34 0.8375 430.594 294.788
  35 0.8625 430.128 284.257
  36 0.8875 430.536 274.923
  37 0.9125 431.608 275.25
  38 0.9375 431.514 274.113
  39 0.9625 431.286 261.758
  40 0.9875 431.662 247.973
245000 40 17280.000000000004
  1 0.0125 432.752 234.413
  2 0.0375 433.814 234.121
  3 0.0625 433.11 247.852
  4 0.0875 434.15 256.561
  5 0.1125 432.018 268.131
  6 0.1375 433.314 278.983
  7 0.1625 433.74 288.159
  8 0.1875 431.69 281.999
  9 0.2125 431.82 282.298
  10 0.2375 431.564 289.244
  11 0.2625 431.426 303.236
  12 0.2875 431.464 298.594
  13 0.3125 432.324 304.454
  14 0.3375 430.84 306.409
  15 0.3625 430.394 316.766
  16 0.3875 430.924 313.069
  17 0.4125 430.592 319.32
  18 0.4375 432.11 325.105
  19 0.4625 429.102 326.473
  20 0.4875 429.668 350.351
  21 0.5125 429.244 364.12
  22 0.5375 432.472 362.165
  23 0.5625 429.57 351.189
  24 0.5875 430.59 341.052
  25 0.6125 431.102 325.525
  26 0.6375 429.494 324.063
  27 0.6625 431.33 328.241
  28 0.6875 431.742 318.956
  29 0.7125 432.174 307.715
  30 0.7375 432.014 304.181
  31 0.7625 433.558 306.001
  32 0.7875 433.242 299.695
  33 0.8125 432.892 299.8
  34 0.8375 433.872 290.909
  35 0.8625 432.782 282.181
  36 0.8875 433.968 278.557
  37 0.9125 432.616 276.099
  38 0.9375 432.89 270.882
  39 0.9625 434.058 264.436
  40 0.9875 433.574 252.219
250000 40 17280
  1 0.0125 431.268 231.547
  2 0.0375 430.78 236.893
  3 0.0625 431.518 244.122
  4 0.0875 430.644 258.357
  5 0.1125 430.628 264.36
  6 0.1375 430.14 274.471
  7 0.1625 433.116 281.562
  8 0.1875 431.81 292.313
  9 0.2125 432.058 292.442
  10 0.2375 432.398 293.478
  11 0.2625 433.338 298.873
  12 0.2875 432.924 300.285
  13 0.3125 432.594 307.716
  14 0.3375 432.176 309.713
  15 0.3625 433.652 311.463
  16 0.3875 431.552 310.575
  17 0.4125 434.168 322.156
  18 0.4375 433.084 326.366
  19 0.4625 433.578 333.391
  20 0.4875 432.52 351.057
  21 0.5125 433.964 359.453
  22 0.5375 431.63 364.162
  23 0.5625 432.11 344.496
  24 0.5875 431.608 346.106
  25 0.6125 433.626 326.434
  26 0.6375 430.93 324.621
  27 0.6625 433.036 318.444
  28 0.6875 431.838 319.795
  29 0.7125 433.086 305.688
  30 0.7375 431.816 298.276
  31 0.7625 430.606 303.654
  32 0.7875 431.432 301.175
  33 0.8125 431.282 294.787
  34 0.8375 431.506 288.363
  35 0.8625 431.76 284.496
  36 0.8875 431.678 278.393
  37 0.9125 431 281.271
  38 0.9375 431.052 273.922
  39 0.9625 430.912 260.701
  40 0.9875 431.182 252.953
255000 40 17280.000000000004
  1 0.0125 433.8 230.21
  2 0.0375 432.96 229.574
  3 0.0625 434.238 247.356
  4 0.0875 432.944 259.986
  5 0.1125 432.716 260.784
  6 0.1375 434.152 269.988
  7 0.1625 432.334 281.106
  8 0.1875 433.642 287.414
  9 0.2125 432.198 292.1
  10 0.2375 431.532 290.443
  11 0.2625 430.452 304.919
  12 0.2875 431.504 295.499
  13 0.3125 432.548 296.82
  14 0.3375 430.232 313.538
  15 0.3625 432.55 311.541
  16 0.3875 430.53 319.295
  17 0.4125 432.128 326.974
  18 0.4375 430.464 326.689
  19 0.4625 431.602 333.082
  20 0.4875 429.858 346.443
  21 0.5125 430.434 360.778
  22 0.5375 431.288 361.993
  23 0.5625 429.45 350.646
  24 0.5875 429.658 339.794
  25 0.6125 431.15 325.915
  26 0.6375 431.272 329.119
  27 0.6625 430.462 324.336
  28 0.6875 431.238 316.976
  29 0.7125 431.84 308.258
  30 0.7375 431.056 307.935
  31 0.7625 430.894 294.332
  32 0.7875 431.966 298.119
  33 0.8125 433.09 294.723
  34 0.8375 433.046 291.804
  35 0.8625 433.044 289.852
  36 0.8875 434.066 288.795
  37 0.9125 431.604 285.086
  38 0.9375 434.764 270.966
  39 0.9625 433.626 261.07
  40 0.9875 433.668 249.248
260000 40 17279.999999999993
  1 0.0125 430.836 230.226
  2 0.0375 430.442 223.086
  3 0.0625 430.724 247.35
  4 0.0875 430.972 259.048
  5 0.1125 432.356 271.435
  6 0.1375 431.294 273.196
  7 0.1625 432.976 276.3
  8 0.1875 433.08 284.334
  9 0.2125 430.854 291.919
  10 0.2375 433.336 294.439
  11 0.2625 432.4 303.138
  12 0.2875 432.856 301.207
  13 0.3125 432.296 301.631
  14 0.3375 432.408 295.5
  15 0.3625 432.046 305.952
  16 0.3875 433.652 323.892
  17 0.4125 433.182 317.252
  18 0.4375 433.504 328.698
  19 0.4625 433.594 329.99
  20 0.4875 432.422 342.573
  21 0.5125 433.38 365.708
  22 0.5375 433.678 371.755
  23 0.5625 431.744 358.645
  24 0.5875 431.9 341.672
  25 0.6125 432.466 328.513
  26 0.6375 432.532 313.858
  27 0.6625 431.344 324.577
  28 0.6875 431.554 318.29
  29 0.7125 431.636 304.325
  30 0.7375 431.05 312.637
  31 0.7625 432.394 299.874
  32 0.7875 431.684 304.369
  33 0.8125 432.228 292.033
  34 0.8375 431.33 294.1
  35 0.8625 431.088 284.419
  36 0.8875 430.946 288.609
  37 0.9125 431.12 285.649
  38 0.9375 431.746 270.154
  39 0.9625 430.94 262.874
  40 0.9875 430.01 243.908
265000 40 17280
  1 0.0125 433.886 231.089
  2 0.0375 433.068 230.321
  3 0.0625 432.752 243.522
  4 0.0875 431.466 260.987
  5 0.1125 431.914 271.683
  6 0.1375 433.456 276.636
  7 0.1625 432.262 277.43
  8 0.1875 432.296 285.656
  9 0.2125 432.364 292.149
  10 0.2375 432.42 301.82
  11 0.2625 431.316 298.218
  12 0.2875 431.574 296.034
  13 0.3125 430.316 298.907
  14 0.3375 430.596 306.572
  15 0.3625 431.156 301.115
  16 0.3875 431.044 306.358
  17 0.4125 431.228 311.405
  18 0.4375 431.278 322.44
  19 0.4625 430.158 335.442
  20 0.4875 430.162 351.254
  21 0.5125 430.64 377.158
  22 0.5375 430.38 387.977
  23 0.5625 429.848 352.215
  24 0.5875 432.34 335.377
  25 0.6125 430.08 343.412
  26 0.6375 431.464 315.309
  27 0.6625 432.14 319.291
  28 0.6875 432.778 311.06
  29 0.7125 433.084 312.538
  30 0.7375 431.458 310.517
  31 0.7625 432.406 309.781
  32 0.7875 433.2 298.023
  33 0.8125 432.762 292.607
  34 0.8375 432.356 294.886
  35 0.8625 432.458 287.125
  36 0.8875 433.788 285.342
  37 0.9125 433.56 275.189
  38 0.9375 433.228 261.438
  39 0.9625 433.358 257.832
  40 0.9875 433.96 246.068
270000 40 17279.999999999996
  1 0.0125 431.956 240.401
  2 0.0375 432.188 237.904
  3 0.0625 431.026 245.169
  4 0.0875 431.652 257.729
  5 0.1125 432.474 260.44
  6 0.1375 433.572 272.18
  7 0.1625 432.506 282.736
  8 0.1875 431.95 282.56
  9 0.2125 432.036 297.879
  10 0.2375 432.174 300.54
  11 0.2625 433.062 295.641
  12 0.2875 432.204 289.874
  13 0.3125 432.802 300.632
  14 0.3375 432.844 298.643
  15 0.3625 432.958 308.839
  16 0.3875 432.986 307.136
  17 0.4125 431.988 313.95
  18 0.4375 433.546 331.777
  19 0.4625 432.46 341.26
  20 0.4875 432.43 348.522
  21 0.5125 431.608 362.543
  22 0.5375 432.364 373.759
  23 0.5625 432.038 353.513
  24 0.5875 432.386 337.717
  25 0.6125 430.974 333.323
  26 0.6375 432.072 323.728
  27 0.6625 432.11 320.026
  28 0.6875 430.582 314.676
  29 0.7125 431.63 312.833
  30 0.7375 432.228 316.258
  31 0.7625 432.226 307.181
  32 0.7875 431.442 289.791
  33 0.8125 431.228 290.518
  34 0.8375 430.924 287.098
  35 0.8625 431.492 291.922
  36 0.8875 430.366 284.263
  37 0.9125 431.854 278.562
  38 0.9375 431.16 270.873
  39 0.9625 431.598 258.224
  40 0.9875 430.904 249.501
275000 40 17279.999999999996
  1 0.0125 432.332 242.35
  2 0.0375 433.056 234.501
  3 0.0625 432.534 249.589
  4 0.0875 431.89 258.638
  5 0.1125 431.72 265.423
  6 0.1375 432.476 272.541
  7 0.1625 432.038 275.667
  8 0.1875 431.992 285.092
  9 0.2125 433.252 288.975
  10 0.2375 431.766 288.817
  11 0.2625 429.804 295.255
  12 0.2875 430.462 298.913
  13 0.3125 432.404 303.163
  14 0.3375 431.074 313.039
  15 0.3625 433.162 307.534
  16 0.3875 431.614 309.444
  17 0.4125 432.804 317.527
  18 0.4375 431.242 339.452
  19 0.4625 429.382 333.745
  20 0.4875 432.638 334.011
  21 0.5125 430.18 360.866
  22 0.5375 430.56 362.163
  23 0.5625 431.512 365.165
  24 0.5875 432.104 346.354
  25 0.6125 431.218 335.419
  26 0.6375 430.722 316.783
  27 0.6625 432.46 312.119
  28 0.6875 431.49 318.413
  29 0.7125 430.898 307.22
  30 0.7375 433.924 307.055
  31 0.7625 432.206 305.283
  32 0.7875 432.952 289.886
  33 0.8125 432.32 292.355
  34 0.8375 432.612 291.578
  35 0.8625 432.182 289.102
  36 0.8875 432.084 286.983
  37 0.9125 432.39 280.256
  38 0.9375 433.17 274.348
  39 0.9625 433.87 263.99
  40 0.9875 433.504 251.027
280000 40 17280
  1 0.0125 431.714 239.373
  2 0.0375 432.574 238.761
  3 0.0625 432.066 247.921
  4 0.0875 431.972 262.028
  5 0.1125 432.822 269.915
  6 0.1375 432.55 271.705
  7 0.1625 432.334 285.437
  8 0.1875 433.33 279.082
  9 0.2125 433.122 285.171
  10 0.2375 430.904 296.327
  11 0.2625 432.062 300.82
  12 0.2875 432.154 295.403
  13 0.3125 432.052 307.711
  14 0.3375 431.956 307.844
  15 0.3625 433.172 301.685
  16 0.3875 433.42 304.403
  17 0.4125 431.818 315.884
  18 0.4375 431.878 324.502
  19 0.4625 432.238 336.951
  20 0.4875 431.608 346.024
  21 0.5125 431.754 362.859
  22 0.5375 430.624 368.92
  23 0.5625 432.074 366.664
  24 0.5875 432.408 335.293
  25 0.6125 431.88 329.472
  26 0.6375 431.718 325.237
  27 0.6625 431.786 322.958
  28 0.6875 431.358 314.705
  29 0.7125 431.27 311.396
  30 0.7375 431.382 298.571
  31 0.7625 432.194 291.773
  32 0.7875 431.374 303.563
  33 0.8125 431.416 295.836
  34 0.8375 432.486 292.344
  35 0.8625 429.54 280.806
  36 0.8875 432.47 282.355
  37 0.9125 431.654 280.477
  38 0.9375 432.22 272.563
  39 0.9625 432.37 267.027
  40 0.9875 432.276 251.266
285000 40 17279.999999999996
  1 0.0125 430.728 236.058
  2 0.0375 433.11 244.09
  3 0.0625 432.17 255.961
  4 0.0875 432.492 261.236
  5 0.1125 432.524 263.466
  6 0.1375 433.088 277.979
  7 0.1625 432.73 278.838
  8 0.1875 431.866 282.371
  9 0.2125 431.026 282.165
  10 0.2375 430.85 295.805
  11 0.2625 431.516 301.872
  12 0.2875 431.81 294.698
  13 0.3125 431.32 293.703
  14 0.3375 431.338 301.169
  15 0.3625 432.504 312.505
  16 0.3875 431.814 315.019
  17 0.4125 431.422 317.382
  18 0.4375 431.196 322.389
  19 0.4625 431.9 335.933
  20 0.4875 432.692 345.233
  21 0.5125 431.998 363.415
  22 0.5375 430.682 364.944
  23 0.5625 432.23 362.158
  24 0.5875 433.164 341.385
  25 0.6125 431.934 326.014
  26 0.6375 431.816 326.119
  27 0.6625 432.12 324.702
  28 0.6875 432.598 321.473
  29 0.7125 431.782 312.95
  30 0.7375 431.91 299.393
  31 0.7625 433.328 295.662
  32 0.7875 432.506 306.915
  33 0.8125 431.486 296.166
  34 0.8375 432.732 297.83
  35 0.8625 432.008 285.132
  36 0.8875 432.016 272.812
  37 0.9125 431.766 270.895
  38 0.9375 431.386 266.044
  39 0.9625 431.582 265.055
  40 0.9875 432.86 253.496
290000 40 17280.000000000004
  1 0.0125 433.078 241.704
  2 0.0375 433.664 239.422
  3 0.0625 431.1 256.38
  4 0.0875 432.868 265.564
  5 0.1125 433.112 266.623
  6 0.1375 432.058 275.337
  7 0.1625 433.296 277.056
  8 0.1875 431.822 276.973
  9 0.2125 433.738 284.747
  10 0.2375 431.97 291.581
  11 0.2625 430.938 298.309
  12 0.2875 432.13 299.175
  13 0.3125 431.656 295.049
  14 0.3375 432.498 311.872
  15 0.3625 431.828 305.931
  16 0.3875 432.082 312.835
  17 0.4125 430.328 318.651
  18 0.4375 431.3 326.554
  19 0.4625 430.114 336.024
  20 0.4875 430.438 345.277
  21 0.5125 430.558 361.162
  22 0.5375 431.216 366.327
  23 0.5625 431.364 352.079
  24 0.5875 431.96 340.289
  25 0.6125 432.522 332.822
  26 0.6375 431.582 321.823
  27 0.6625 431.124 325.401
  28 0.6875 431.286 318.251
  29 0.7125 431.866 310.066
  30 0.7375 432.15 313.331
  31 0.7625 433.62 306.35
  32 0.7875 431.482 301.043
  33 0.8125 430.97 298.777
  34 0.8375 432.688 293.48
  35 0.8625 431.84 282.144
  36 0.8875 432.26 278.152
  37 0.9125 431.794 272.165
  38 0.9375 433.604 259.123
  39 0.9625 432.29 260.296
  40 0.9875 433.806 253.158
295000 40 17280
  1 0.0125 431.086 247.92
  2 0.0375 432.288 239.164
  3 0.0625 431.652 250.876
  4 0.0875 431.048 258.624
  5 0.1125 431.942 265.196
  6 0.1375 432.878 274.217
  7 0.1625 432.336 277.561
  8 0.1875 431.02 283.361
  9 0.2125 432.442 284.163
  10 0.2375 430.822 289.299
  11 0.2625 432.476 293.983
  12 0.2875 432.76 299.206
  13 0.3125 432.43 302.968
  14 0.3375 431.794 307.44
  15 0.3625 432.91 314.561
  16 0.3875 432.472 316.684
  17 0.4125 434.072 318.34
  18 0.4375 434.452 326.218
  19 0.4625 431.788 346.661
  20 0.4875 432.63 347.639
  21 0.5125 432.318 356.634
  22 0.5375 432.01 355.825
  23 0.5625 431.852 350.601
  24 0.5875 430.78 346.347
  25 0.6125 431.924 331.769
  26 0.6375 432.236 323.21
  27 0.6625 432.912 324.415
  28 0.6875 431.518 316.42
  29 0.7125 432.856 306.185
  30 0.7375 432.636 294.949
  31 0.7625 431.376 310.006
  32 0.7875 433.1 301.731
  33 0.8125 431.562 287.475
  34 0.8375 430.664 284.564
  35 0.8625 430.642 291.609
  36 0.8875 430.918 280.966
  37 0.9125 430.786 270.767
  38 0.9375 431.212 269.489
  39 0.9625 431.494 266.133
  40 0.9875 431.906 256.593
300000 40 17280
  1 0.0125 433.852 238.953
  2 0.0375 433.63 238.893
  3 0.0625 432.304 245.951
  4 0.0875 432.528 266.195
  5 0.1125 433.182 264.133
  6 0.1375 432.902 277.458
  7 0.1625 432.748 272.822
  8 0.1875 431.726 287.238
  9 0.2125 432.482 289.654
  10 0.2375 432.572 284.493
  11 0.2625 431.872 291.147
  12 0.2875 431.966 300.612
  13 0.3125 432.454 306.715
  14 0.3375 431.302 308.16
  15 0.3625 431.238 324.276
  16 0.3875 430.714 312.392
  17 0.4125 430.496 313.902
  18 0.4375 431.54 325.987
  19 0.4625 430.338 345.173
  20 0.4875 430.366 354.712
  21 0.5125 431.494 364.64
  22 0.5375 430.532 361.183
  23 0.5625 431.992 345.494
  24 0.5875 430.114 339.666
  25 0.6125 432.65 333.872
  26 0.6375 431.852 329.533
  27 0.6625 430.944 316.587
  28 0.6875 430.818 307.006
  29 0.7125 431.994 301.995
  30 0.7375 431.382 293.44
  31 0.7625 431.214 298.839
  32 0.7875 432.036 301.775
  33 0.8125 433.33 291.208
  34 0.8375 432.308 293.871
  35 0.8625 431.442 297.172
  36 0.8875 433.118 282.143
  37 0.9125 433.368 269.809
  38 0.9375 433.646 279.743
  39 0.9625 432.014 262.607
  40 0.9875 433.54 253.281
305000 40 17280.000000000004
  1 0.0125 430.422 239.81
  2 0.0375 431.722 235.948
  3 0.0625 430.1 249.792
  4 0.0875 431.28 259.622
  5 0.1125 431.446 270.059
  6 0.1375 431.874 281.509
  7 0.1625 431.884 268.588
  8 0.1875 432.144 276.817
  9 0.2125 433.27 292.917
  10 0.2375 431.816 299.928
  11 0.2625 432.008 302.004
  12 0.2875 432.76 300.473
  13 0.3125 433.826 298.096
  14 0.3375 433.104 305.152
  15 0.3625 433.004 307.427
  16 0.3875 432.182 315.766
  17 0.4125 434.488 323.653
  18 0.4375 432.174 326.455
  19 0.4625 433.6 334.288
  20 0.4875 432.236 354.942
  21 0.5125 433.114 364.993
  22 0.5375 431.97 361.892
  23 0.5625 433.876 350.69
  24 0.5875 432.7 335.202
  25 0.6125 433.102 331.209
  26 0.6375 432.724 326.903
  27 0.6625 432.376 320.987
  28 0.6875 432.68 312.102
  29 0.7125 432.124 308.025
  30 0.7375 432.178 293.232
  31 0.7625 431.674 290.789
  32 0.7875 430.148 301.31
  33 0.8125 430.68 298.032
  34 0.8375 431.126 287.739
  35 0.8625 430.952 285.835
  36 0.8875 431.104 279.673
  37 0.9125 429.532 269.23
  38 0.9375 430.722 281.578
  39 0.9625 430.36 269.749
  40 0.9875 431.518 256.46
310000 40 17280
  1 0.0125 433.048 242.843
  2 0.0375 433.902 238.941
  3 0.0625 433.786 246.425
  4 0.0875 433.326 261.554
  5 0.1125 433.196 272.212
  6 0.1375 432.506 282.351
  7 0.1625 433.144 277.44
  8 0.1875 432.332 280.8
  9 0.2125 433.282 289.774
  10 0.2375 431.822 289.903
  11 0.2625 430.33 296.771
  12 0.2875 431.738 300.133
  13 0.3125 430.71 307.636
  14 0.3375 430.686 305.866
  15 0.3625 430.532 308.218
  16 0.3875 430.858 319.111
  17 0.4125 431.424 320.132
  18 0.4375 431.818 324.135
  19 0.4625 430.392 338.661
  20 0.4875 429.982 350.264
  21 0.5125 431.536 358.2
  22 0.5375 430.342 364.152
  23 0.5625 429.598 345.39
  24 0.5875 430.738 340.028
  25 0.6125 431.586 333.49
  26 0.6375 431.15 330.071
  27 0.6625 431.084 326.61
  28 0.6875 432.58 305.915
  29 0.7125 432.052 302.301
  30 0.7375 432.298 301.777
  31 0.7625 432.256 294.548
  32 0.7875 432.532 300.86
  33 0.8125 432.364 296.624
  34 0.8375 432.598 290.35
  35 0.8625 432.738 278.196
  36 0.8875 433.53 270.58
  37 0.9125 431.632 279.253
  38 0.9375 433.41 272.953
  39 0.9625 433.858 269.315
  40 0.9875 433.304 260.164
315000 40 17280
  1 0.0125 431.142 245.428
  2 0.0375 431.538 239.211
  3 0.0625 431.828 247.192
  4 0.0875 430.31 263.013
  5 0.1125 432.504 269.258
  6 0.1375 430.518 276.226
  7 0.1625 430.74 281.909
  8 0.1875 431.968 279.529
  9 0.2125 431.96 281.429
  10 0.2375 432.064 294.307
  11 0.2625 433.14 292.064
  12 0.2875 432.558 305.609
  13 0.3125 433.346 307.942
  14 0.3375 431.838 308.577
  15 0.3625 432.97 307.07
  16 0.3875 433.498 320.533
  17 0.4125 433.536 316.736
  18 0.4375 433.672 323.763
  19 0.4625 433.526 342.296
  20 0.4875 434.96 346.063
  21 0.5125 433.194 360.709
  22 0.5375 433.888 367.052
  23 0.5625 432.192 348.605
  24 0.5875 432.54 336.375
  25 0.6125 431.486 327.598
  26 0.6375 433.278 327.158
  27 0.6625 431.558 320.469
  28 0.6875 432.562 313.747
  29 0.7125 431.802 302.609
  30 0.7375 432.924 291.114
  31 0.7625 431.416 300.795
  32 0.7875 430.582 302.929
  33 0.8125 429.33 292.964
  34 0.8375 429.444 290.662
  35 0.8625 431.632 286.94
  36 0.8875 430.716 273.65
  37 0.9125 430.526 272.929
  38 0.9375 431.334 271.209
  39 0.9625 431.046 271.673
  40 0.9875 430.934 259.344
320000 40 17280.000000000004
  1 0.0125 433.892 244.864
  2 0.0375 433.676 242.693
  3 0.0625 434.534 251.683
  4 0.0875 432.362 264.202
  5 0.1125 433.016 265.629
  6 0.1375 431.956 278.429
  7 0.1625 432.558 281.284
  8 0.1875 431.948 275.603
  9 0.2125 431.148 286.101
  10 0.2375 431.604 295.527
  11 0.2625 431.068 297.239
  12 0.2875 430.48 305.934
  13 0.3125 432.248 306.685
  14 0.3375 430.21 307.344
  15 0.3625 430.068 318.377
  16 0.3875 431.84 320.95
  17 0.4125 431.524 310.941
  18 0.4375 430.248 332.135
  19 0.4625 429.802 334.595
  20 0.4875 430.028 345.737
  21 0.5125 431.146 365.371
  22 0.5375 432.266 365.824
  23 0.5625 431.048 353.851
  24 0.5875 430.404 335.934
  25 0.6125 430.996 329.773
  26 0.6375 431.116 331.956
  27 0.6625 432 317.392
  28 0.6875 432.306 307.006
  29 0.7125 432.722 311.106
  30 0.7375 432.096 294.545
  31 0.7625 432.87 298.59
  32 0.7875 431.522 293.965
  33 0.8125 433.394 293.562
  34 0.8375 432.882 282.441
  35 0.8625 431.436 283.875
  36 0.8875 433.06 276.737
  37 0.9125 432.168 276.427
  38 0.9375 434.836 274.577
  39 0.9625 434.11 258.369
  40 0.9875 433.412 257.032
325000 40 17280
  1 0.0125 430.986 241.526
  2 0.0375 431.262 244.063
  3 0.0625 430.822 250.443
  4 0.0875 431.814 256
  5 0.1125 429.49 262.033
  6 0.1375 431.306 267.302
  7 0.1625 432.956 281.809
  8 0.1875 432.634 284.34
  9 0.2125 431.458 292.866
  10 0.2375 432.556 293.944
  11 0.2625 432.098 298.804
  12 0.2875 432.668 297.715
  13 0.3125 432.79 309.848
  14 0.3375 433.322 311.883
  15 0.3625 433.088 314.11
  16 0.3875 433.814 318.145
  17 0.4125 432.734 319.045
  18 0.4375 433.442 327.144
  19 0.4625 433.97 331.251
  20 0.4875 434.322 348.597
  21 0.5125 433.406 357.556
  22 0.5375 433.524 363.557
  23 0.5625 432.392 356.118
  24 0.5875 434.848 339.106
  25 0.6125 433.586 338.638
  26 0.6375 432.422 332.938
  27 0.6625 431.062 321.231
  28 0.6875 432.26 306.397
  29 0.7125 431.848 310.591
  30 0.7375 431.946 293.526
  31 0.7625 430.106 294.498
  32 0.7875 430.476 290.799
  33 0.8125 431.764 296.234
  34 0.8375 431.088 286.832
  35 0.8625 429.894 282.864
  36 0.8875 430.826 279.224
  37 0.9125 429.262 270.209
  38 0.9375 431.07 275.478
  39 0.9625 430.12 267.337
  40 0.9875 430.568 252.549
330000 40 17280.000000000004
  1 0.0125 432.128 237.252
  2 0.0375 434.26 230.776
  3 0.0625 433.088 242.823
  4 0.0875 431.848 258.951
  5 0.1125 431.144 272.48
  6 0.1375 432.66 272.978
  7 0.1625 431.368 273.229
  8 0.1875 432.004 286.836
  9 0.2125 431.868 290.703
  10 0.2375 431.92 298.614
  11 0.2625 432.036 296.078
  12 0.2875 432.582 300.26
  13 0.3125 430.608 307.113
  14 0.3375 431.846 305.065
  15 0.3625 431.178 312.059
  16 0.3875 431.742 316.331
  17 0.4125 431.148 328.328
  18 0.4375 430.944 332.656
  19 0.4625 430.682 338.544
  20 0.4875 430.23 348.019
  21 0.5125 429.9 362.049
  22 0.5375 430.856 354.802
  23 0.5625 430.18 347.402
  24 0.5875 431.692 334.542
  25 0.6125 430.832 336.231
  26 0.6375 432.468 331.565
  27 0.6625 431.806 326.241
  28 0.6875 432.848 317.758
  29 0.7125 431.76 305.012
  30 0.7375 432.542 293.528
  31 0.7625 431.822 301.249
  32 0.7875 432.586 284.935
  33 0.8125 432.048 280.669
  34 0.8375 433.038 291.198
  35 0.8625 432.676 293.923
  36 0.8875 432.956 286.429
  37 0.9125 433.526 274.84
  38 0.9375 433.442 270.714
  39 0.9625 434.042 272.288
  40 0.9875 433.696 257.469
335000 40 17280
  1 0.0125 430.608 237.737
  2 0.0375 430.652 232.355
  3 0.0625 431.518 243.863
  4 0.0875 430.548 265.335
  5 0.1125 431.684 273.879
  6 0.1375 430.264 265.713
  7 0.1625 432.008 274.444
  8 0.1875 432.532 287.022
  9 0.2125 431.418 285.363
  10 0.2375 431.696 298.828
  11 0.2625 432.128 299.407
  12 0.2875 433.598 306.449
  13 0.3125 432.338 303.651
  14 0.3375 433.368 304.212
  15 0.3625 433.056 314.957
  16 0.3875 433.63 315.2
  17 0.4125 433.808 326.804
  18 0.4375 433.688 325.839
  19 0.4625 431.988 340.886
  20 0.4875 433.11 350.397
  21 0.5125 432.9 368.792
  22 0.5375 433.598 364.655
  23 0.5625 432.556 345.315
  24 0.5875 432.766 332.603
  25 0.6125 431.9 334.247
  26 0.6375 432.53 321.47
  27 0.6625 431.37 314.928
  28 0.6875 431.186 311.428
  29 0.7125 432.578 312.045
  30 0.7375 431.862 299.961
  31 0.7625 431.604 302.534
  32 0.7875 432.242 293.306
  33 0.8125 432.276 286.078
  34 0.8375 432.452 283.745
  35 0.8625 429.526 292.686
  36 0.8875 432.184 288.142
  37 0.9125 430.272 272.081
  38 0.9375 432.38 269.747
  39 0.9625 429.98 272.931
  40 0.9875 430.198 249.239
340000 40 17280.000000000004
  1 0.0125 431.668 235.751
  2 0.0375 432.01 238.634
  3 0.0625 431.176 251.953
  4 0.0875 432.812 266.398
  5 0.1125 433.078 266.145
  6 0.1375 432.06 278.521
  7 0.1625 431.944 279.077
  8 0.1875 433.39 281.067
  9 0.2125 431.872 293.374
  10 0.2375 432.532 291.474
  11 0.2625 431.676 293.166
  12 0.2875 432.048 295.254
  13 0.3125 430.442 308.576
  14 0.3375 431.804 304.372
  15 0.3625 430.93 318.375
  16 0.3875 431.95 317.863
  17 0.4125 432.952 321.608
  18 0.4375 432.276 327.41
  19 0.4625 431.646 350.711
  20 0.4875 430.52 350.082
  21 0.5125 430.83 371.1
  22 0.5375 432.216 361.971
  23 0.5625 431.832 337.793
  24 0.5875 433.076 341.34
  25 0.6125 431.938 333.057
  26 0.6375 430.596 329.464
  27 0.6625 431.424 312.243
  28 0.6875 429.942 311.465
  29 0.7125 431.646 310.018
  30 0.7375 431.294 304.81
  31 0.7625 432.012 301.373
  32 0.7875 432.384 294.028
  33 0.8125 432.114 286.659
  34 0.8375 433.144 289.238
  35 0.8625 433.334 284.198
  36 0.8875 431.748 278.318
  37 0.9125 433.584 269.176
  38 0.9375 432.818 266.26
  39 0.9625 433.098 270.333
  40 0.9875 432.184 248.618
345000 40 17280
  1 0.0125 431.918 240.138
  2 0.0375 432.128 240.644
  3 0.0625 432.782 259.274
  4 0.0875 432.37 264.847
  5 0.1125 430.694 272.597
  6 0.1375 431.69 278.396
  7 0.1625 431.308 273.512
  8 0.1875 432.48 281.942
  9 0.2125 431.444 286.563
  10 0.2375 432.258 289.417
  11 0.2625 431.098 284.916
  12 0.2875 431.02 305.227
  13 0.3125 431.964 308.673
  14 0.3375 432.05 313.468
  15 0.3625 431.136 318.105
  16 0.3875 433.716 311.48
  17 0.4125 433.062 327.056
  18 0.4375 432.122 325.226
  19 0.4625 433.108 340.448
  20 0.4875 433.416 357.47
  21 0.5125 432.078 367.087
  22 0.5375 431.672 354.52
  23 0.5625 432.526 340.929
  24 0.5875 432.924 336.998
  25 0.6125 432.324 341.832
  26 0.6375 432.428 333.891
  27 0.6625 433.168 315.31
  28 0.6875 433.12 318.599
  29 0.7125 432.912 311.779
  30 0.7375 430.368 303.26
  31 0.7625 432.57 292.369
  32 0.7875 429.55 293.131
  33 0.8125 430.86 280.394
  34 0.8375 432.268 287.041
  35 0.8625 431.43 286.038
  36 0.8875 431.334 281.907
  37 0.9125 431.482 268.402
  38 0.9375 431.428 269.021
  39 0.9625 432.354 258.396
  40 0.9875 431.44 248.639
350000 40 17280.000000000004
  1 0.0125 432.922 244.754
  2 0.0375 432.13 240.906
  3 0.0625 432.908 251.56
  4 0.0875 431.884 263.153
  5 0.1125 432.558 268.095
  6 0.1375 432.668 265.808
  7 0.1625 432.82 277.09
  8 0.1875 431.26 287.605
  9 0.2125 432.738 291.96
  10 0.2375 430.798 284.101
  11 0.2625 431.854 279.221
  12 0.2875 431.85 302.295
  13 0.3125 431.992 305.975
  14 0.3375 431.638 310.652
  15 0.3625 432.344 318.64
  16 0.3875 431.84 324.399
  17 0.4125 432.666 335.88
  18 0.4375 432.676 334.508
  19 0.4625 432.152 341.531
  20 0.4875 432.662 351.553
  21 0.5125 432.246 362.697
  22 0.5375 432.026 361.036
  23 0.5625 432.316 344.393
  24 0.5875 432.256 327.97
  25 0.6125 432.4 338.766
  26 0.6375 431.232 323.984
  27 0.6625 432.1 312.759
  28 0.6875 431.58 312.42
  29 0.7125 431.616 314.629
  30 0.7375 431.1 308.595
  31 0.7625 432.278 297.68
  32 0.7875 432.222 296.85
  33 0.8125 433.07 298.275
  34 0.8375 431.104 290.805
  35 0.8625 431.318 281.038
  36 0.8875 431.342 284.916
  37 0.9125 431.224 267.459
  38 0.9375 431.83 263.919
  39 0.9625 431.434 253.579
  40 0.9875 430.946 249.084
355000 40 17279.999999999996
  1 0.0125 431.712 236.333
  2 0.0375 432.494 235.977
  3 0.0625 431.176 250.498
  4 0.0875 432.844 263.536
  5 0.1125 431.81 273.358
  6 0.1375 431.626 269.234
  7 0.1625 431.908 275.111
  8 0.1875 431.004 281.624
  9 0.2125 431.81 293.97
  10 0.2375 430.91 290.075
  11 0.2625 432.72 287.747
  12 0.2875 431.612 305.066
  13 0.3125 431.792 315.427
  14 0.3375 432.204 304.632
  15 0.3625 432.214 307.571
  16 0.3875 431.472 325.326
  17 0.4125 432.838 335.736
  18 0.4375 431.29 330.742
  19 0.4625 431.384 342.861
  20 0.4875 431.816 348.226
  21 0.5125 431.668 364.344
  22 0.5375 432.946 358.107
  23 0.5625 431.862 352.824
  24 0.5875 432.134 332.079
  25 0.6125 432.11 325.765
  26 0.6375 431.798 319.73
  27 0.6625 432.796 308.38
  28 0.6875 432.686 315.167
  29 0.7125 431.836 324.174
  30 0.7375 431.592 312.827
  31 0.7625 432.136 301.551
  32 0.7875 431.682 304.159
  33 0.8125 432.542 291.731
  34 0.8375 432.272 286.069
  35 0.8625 431.434 281.047
  36 0.8875 431.498 270.485
  37 0.9125 431.784 275.323
  38 0.9375 432.584 265.661
  39 0.9625 433.352 256.527
  40 0.9875 432.652 251.512
360000 40 17280
  1 0.0125 431.776 234.392
  2 0.0375 431.18 238.621
  3 0.0625 432.882 255.266
  4 0.0875 431.704 262.56
  5 0.1125 431.342 272.714
  6 0.1375 429.682 274.172
  7 0.1625 431.83 281.155
  8 0.1875 431.284 287.477
  9 0.2125 432.74 289.368
  10 0.2375 432.83 287.636
  11 0.2625 431.282 293.132
  12 0.2875 432.628 295.273
  13 0.3125 432.408 315.185
  14 0.3375 433.71 313.209
  15 0.3625 433.102 313.486
  16 0.3875 432.014 326.393
  17 0.4125 432.384 322.226
  18 0.4375 431.982 327.002
  19 0.4625 432.346 338.537
  20 0.4875 433.512 351.034
  21 0.5125 431.342 364.429
  22 0.5375 432.916 363.321
  23 0.5625 432.266 348.024
  24 0.5875 433.202 343.434
  25 0.6125 431.786 322.232
  26 0.6375 433.144 320.133
  27 0.6625 433.922 312.234
  28 0.6875 433.12 315.499
  29 0.7125 430.722 314.369
  30 0.7375 432.634 313.151
  31 0.7625 432.13 301.62
  32 0.7875 430.404 304.867
  33 0.8125 431.024 288.569
  34 0.8375 432 278.981
  35 0.8625 430.824 278.419
  36 0.8875 431.262 275.656
  37 0.9125 431.244 272.579
  38 0.9375 431.59 269.183
  39 0.9625 430.528 254.811
  40 0.9875 431.322 248.848
365000 40 17280.000000000004
  1 0.0125 433.142 232.609
  2 0.0375 433.876 238.406
  3 0.0625 431.654 248.276
  4 0.0875 431.534 258.662
  5 0.1125 432.302 265.871
  6 0.1375 430.334 280.031
  7 0.1625 431.032 280.761
  8 0.1875 432.328 287.527
  9 0.2125 432.536 299.258
  10 0.2375 431.952 302.529
  11 0.2625 430.904 295.751
  12 0.2875 432.012 304.258
  13 0.3125 432.4 310.924
  14 0.3375 430.924 314.676
  15 0.3625 431.526 312.357
  16 0.3875 430.652 325.663
  17 0.4125 429.874 326.367
  18 0.4375 431.95 317.444
  19 0.4625 430.224 330.772
  20 0.4875 430.722 349.012
  21 0.5125 431.952 364.244
  22 0.5375 431.76 365.33
  23 0.5625 431.19 355.468
  24 0.5875 433.624 331.286
  25 0.6125 431.988 330.181
  26 0.6375 431.118 314.586
  27 0.6625 431.75 315.221
  28 0.6875 432.454 315.01
  29 0.7125 432.132 310.763
  30 0.7375 432.776 308.614
  31 0.7625 432.004 306.035
  32 0.7875 432.118 303.855
  33 0.8125 432.176 295.569
  34 0.8375 433.736 283.683
  35 0.8625 432.056 275.981
  36 0.8875 433.18 274.408
  37 0.9125 432.656 270.477
  38 0.9375 434.232 262.777
  39 0.9625 433.322 258.873
  40 0.9875 431.898 248.412
370000 40 17280.000000000004
  1 0.0125 430.994 231.828
  2 0.0375 430.24 235.232
  3 0.0625 432.348 250.623
  4 0.0875 431.596 256.93
  5 0.1125 431.34 270.152
  6 0.1375 432.504 270.295
  7 0.1625 432.078 279.656
  8 0.1875 432.012 291.06
  9 0.2125 432.898 291.18
  10 0.2375 431.558 306.158
  11 0.2625 432.928 302.857
  12 0.2875 433.902 304.765
  13 0.3125 434.018 314.138
  14 0.3375 433.532 311.107
  15 0.3625 432.368 313.288
  16 0.3875 431.654 318.647
  17 0.4125 433.308 320.186
  18 0.4375 433.188 322.657
  19 0.4625 432.812 331.279
  20 0.4875 432.686 343.171
  21 0.5125 433.582 368.329
  22 0.5375 431.302 370.767
  23 0.5625 432.386 347.057
  24 0.5875 434.194 331.329
  25 0.6125 432.27 324.536
  26 0.6375 432.264 317.241
  27 0.6625 432.604 316.068
  28 0.6875 430.884 310.065
  29 0.7125 432.1 316.494
  30 0.7375 430.864 309.169
  31 0.7625 430.396 308.948
  32 0.7875 431.194 296.453
  33 0.8125 430.684 286.816
  34 0.8375 430.184 285.881
  35 0.8625 431.898 278.743
  36 0.8875 431.002 274.141
  37 0.9125 431.12 274.445
  38 0.9375 430.562 272.717
  39 0.9625 431.614 261.569
  40 0.9875 430.932 252.491
375000 40 17279.999999999996
  1 0.0125 432.982 242.21
  2 0.0375 433.038 238.625
  3 0.0625 433.024 248.832
  4 0.0875 432.644 265.415
  5 0.1125 433.408 268.839
  6 0.1375 432.004 271.458
  7 0.1625 432.156 277.945
  8 0.1875 431.226 285.552
  9 0.2125 431.288 295.237
  10 0.2375 431.42 304.822
  11 0.2625 430.918 299.995
  12 0.2875 430.474 295.499
  13 0.3125 430.19 309.468
  14 0.3375 431.138 312.907
  15 0.3625 430.39 318.461
  16 0.3875 430.718 317.959
  17 0.4125 430.936 322.123
  18 0.4375 430.272 329.794
  19 0.4625 432.246 333.685
  20 0.4875 431.266 348.039
  21 0.5125 432.314 364.418
  22 0.5375 430.406 360.623
  23 0.5625 431.038 343.2
  24 0.5875 431.738 329.652
  25 0.6125 432.48 330.249
  26 0.6375 431.728 318.005
  27 0.6625 431.354 314.141
  28 0.6875 432.378 310.213
  29 0.7125 431.524 306.333
  30 0.7375 432.654 306.117
  31 0.7625 431.42 305.998
  32 0.7875 433.804 294.517
  33 0.8125 433.016 292.114
  34 0.8375 433.414 293.447
  35 0.8625 433.174 283.747
  36 0.8875 433.134 270.871
  37 0.9125 433.152 274.407
  38 0.9375 433.226 271.303
  39 0.9625 432.856 260.665
  40 0.9875 433.452 257.107
380000 40 17279.99999999999
  1 0.0125 430.822 241.893
  2 0.0375 432.188 235.224
  3 0.0625 430.832 255.347
  4 0.0875 430.47 265.647
  5 0.1125 431.348 269.146
  6 0.1375 432.178 273.011
  7 0.1625 432.52 276.794
  8 0.1875 431.954 280.893
  9 0.2125 431.544 293.444
  10 0.2375 430.882 294.361
  11 0.2625 432.096 294.281
  12 0.2875 432.258 300.333
  13 0.3125 434.812 307.61
  14 0.3375 433.91 318.495
  15 0.3625 432.862 314.402
  16 0.3875 432.806 313.142
  17 0.4125 432.432 325.902
  18 0.4375 433.746 335.442
  19 0.4625 432.498 337.639
  20 0.4875 433.696 348.065
  21 0.5125 433.57 360.798
  22 0.5375 432.898 353.635
  23 0.5625 432.612 342.841
  24 0.5875 433.854 329.979
  25 0.6125 433.366 330.881
  26 0.6375 432.978 326.345
  27 0.6625 431.978 312.19
  28 0.6875 431.844 306.514
  29 0.7125 431.45 307.172
  30 0.7375 430.882 310.568
  31 0.7625 432.086 298.433
  32 0.7875 430.176 299.92
  33 0.8125 430.896 289.188
  34 0.8375 430.282 285.562
  35 0.8625 431.212 280.823
  36 0.8875 430.97 277.791
  37 0.9125 431.302 271.144
  38 0.9375 430.706 276.652
  39 0.9625 430.674 272.247
  40 0.9875 430.41 253.84
385000 40 17280
  1 0.0125 434.338 243.936
  2 0.0375 432.966 242.15
  3 0.0625 432.846 249.561
  4 0.0875 431.49 264.813
  5 0.1125 432.7 272.711
  6 0.1375 432.164 275.186
  7 0.1625 431.896 279.034
  8 0.1875 430.582 283.728
  9 0.2125 432.316 289.76
  10 0.2375 431.026 296.26
  11 0.2625 429.782 300.302
  12 0.2875 430.702 312.082
  13 0.3125 431.734 304.338
  14 0.3375 430.812 304.154
  15 0.3625 429.946 299.21
  16 0.3875 431.76 313.096
  17 0.4125 431.072 323.568
  18 0.4375 429.406 336.935
  19 0.4625 430.372 339.55
  20 0.4875 429.762 347.743
  21 0.5125 431.17 359.076
  22 0.5375 431.352 352.268
  23 0.5625 432.808 344.285
  24 0.5875 431.548 333.16
  25 0.6125 431.224 331.336
  26 0.6375 432.386 327.033
  27 0.6625 432.538 315.579
  28 0.6875 432.774 310.183
  29 0.7125 432.3 314.443
  30 0.7375 432.194 312.575
  31 0.7625 431.67 309.945
  32 0.7875 432.556 289.87
  33 0.8125 433.628 291.019
  34 0.8375 432.538 284.542
  35 0.8625 433.312 281.919
  36 0.8875 433.922 268.307
  37 0.9125 433.214 270.282
  38 0.9375 432.486 272.445
  39 0.9625 434.698 267.978
  40 0.9875 434.01 257.404
390000 40 17279.999999999996
  1 0.0125 431.468 249.18
  2 0.0375 431.256 235.263
  3 0.0625 431.224 253.911
  4 0.0875 430.014 263.304
  5 0.1125 431.018 276.089
  6 0.1375 430.988 277.96
  7 0.1625 432.536 271.543
  8 0.1875 430.672 286.914
  9 0.2125 431.522 289.837
  10 0.2375 432.826 297.835
  11 0.2625 432.84 310.389
  12 0.2875 432.272 309.632
  13 0.3125 431.452 297.779
  14 0.3375 432.41 302.901
  15 0.3625 432.596 308.499
  16 0.3875 433.416 306.798
  17 0.4125 432.31 313.861
  18 0.4375 433.788 326.245
  19 0.4625 432.584 342.818
  20 0.4875 432.8 350.865
  21 0.5125 434.398 363.274
  22 0.5375 434.688 355.923
  23 0.5625 432.948 344.976
  24 0.5875 432.926 346.579
  25 0.6125 433.358 331.779
  26 0.6375 433.018 321.74
  27 0.6625 431.658 318.332
  28 0.6875 431.714 318.823
  29 0.7125 432.38 315.947
  30 0.7375 430.728 304.749
  31 0.7625 431.54 307.198
  32 0.7875 432.482 296.33
  33 0.8125 430.962 285.749
  34 0.8375 430.764 273.861
  35 0.8625 430.948 276.784
  36 0.8875 430.968 272.936
  37 0.9125 431.392 268.666
  38 0.9375 430.778 267.588
  39 0.9625 430.936 267.997
  40 0.9875 431.422 256.905
395000 40 17280.000000000004
  1 0.0125 431.69 244.157
  2 0.0375 433.28 241.608
  3 0.0625 433.22 245.703
  4 0.0875 430.608 266.281
  5 0.1125 432.192 278.809
  6 0.1375 432.426 275.734
  7 0.1625 431.032 282.383
  8 0.1875 431.312 284.807
  9 0.2125 432.684 283.232
  10 0.2375 430.804 291.026
  11 0.2625 431.676 302.34
  12 0.2875 431.118 300.917
  13 0.3125 431.832 306.773
  14 0.3375 430.88 311.2
  15 0.3625 431.04 310.578
  16 0.3875 431.44 316.26
  17 0.4125 430.428 317.111
  18 0.4375 431.068 324.967
  19 0.4625 430.372 330.745
  20 0.4875 430.09 346.375
  21 0.5125 431.788 366.039
  22 0.5375 432.592 367.295
  23 0.5625 431.686 359.772
  24 0.5875 431.152 339.951
  25 0.6125 431.08 325.793
  26 0.6375 431.082 317.426
  27 0.6625 432.084 321.032
  28 0.6875 431.708 317.813
  29 0.7125 431.63 305.348
  30 0.7375 430.658 299.325
  31 0.7625 432.78 300.376
  32 0.7875 433.624 298.187
  33 0.8125 433.89 295.98
  34 0.8375 433.378 280.599
  35 0.8625 432.432 278.695
  36 0.8875 434.414 277.274
  37 0.9125 433.486 275.324
  38 0.9375 433.74 267.589
  39 0.9625 433.672 263.063
  40 0.9875 433.932 254.453
400000 40 17280
  1 0.0125 430.726 246.824
  2 0.0375 430.656 244.706
  3 0.0625 432.368 249.087
  4 0.0875 431.058 260.315
  5 0.1125 430.66 264.728
  6 0.1375 431.392 270.8
  7 0.1625 432.146 277.683
  8 0.1875 430.776 283.753
  9 0.2125 431.516 288.317
  10 0.2375 433.614 285.434
  11 0.2625 431.7 305.44
  12 0.2875 430.626 301.62
  13 0.3125 432.364 306.737
  14 0.3375 431.542 313.121
  15 0.3625 432.194 318.437
  16 0.3875 433.73 320.689
  17 0.4125 433.516 320.739
  18 0.4375 432.728 323.847
  19 0.4625 432.25 333.367
  20 0.4875 432.796 349.661
  21 0.5125 433.732 365.346
  22 0.5375 433.254 368.888
  23 0.5625 433.13 346.851
  24 0.5875 432.242 329.636
  25 0.6125 432.856 322.452
  26 0.6375 430.804 314.131
  27 0.6625 432.674 322.936
  28 0.6875 431.548 316.965
  29 0.7125 432.678 307.482
  30 0.7375 432.998 307.206
  31 0.7625 432.004 305.185
  32 0.7875 431.484 297.529
  33 0.8125 433.046 286.114
  34 0.8375 432.016 285.964
  35 0.8625 431.762 282.181
  36 0.8875 431.646 276.496
  37 0.9125 430.788 275.484
  38 0.9375 431.268 273.462
  39 0.9625 430.308 262.531
  40 0.9875 431.404 255.875
