# Chunk-averaged data for fix temp_profile and group all
# Timestep Number-of-chunks Total-count
# Chunk Coord1 Ncount temp
210000 40 5759.999999999999
  1 0.0125 143.77 269.824
  2 0.0375 143.92 268.829
  3 0.0625 144.47 270.942
  4 0.0875 143.97 270.936
  5 0.1125 144.38 271.343
  6 0.1375 144.16 273.587
  7 0.1625 143.84 268.575
  8 0.1875 144.15 270.144
  9 0.2125 143.91 268.106
  10 0.2375 144.29 269.29
  11 0.2625 143.87 270.537
  12 0.2875 143.99 269.119
  13 0.3125 143.99 271.883
  14 0.3375 143.99 266.56
  15 0.3625 143.57 269.002
  16 0.3875 144.04 272.105
  17 0.4125 144.1 270.544
  18 0.4375 144 272.171
  19 0.4625 144.33 270.932
  20 0.4875 143.57 269.327
  21 0.5125 144.24 267.326
  22 0.5375 143.42 268.537
  23 0.5625 144.25 274.122
  24 0.5875 143.81 267.783
  25 0.6125 144.4 265.358
  26 0.6375 144.28 264.609
  27 0.6625 143.81 266.948
  28 0.6875 144.03 264.35
  29 0.7125 143.76 269.932
  30 0.7375 143.69 267.117
  31 0.7625 144.19 266.171
  32 0.7875 143.87 263.828
  33 0.8125 143.87 264.803
  34 0.8375 144.24 269.106
  35 0.8625 143.92 269.388
  36 0.8875 143.91 264.251
  37 0.9125 144.12 268.636
  38 0.9375 143.71 269.588
  39 0.9625 144.38 270.932
  40 0.9875 143.79 269.798
220000 40 5760
  1 0.0125 144.17 271.002
  2 0.0375 144.05 270.057
  3 0.0625 143.93 268.729
  4 0.0875 143.89 269.987
  5 0.1125 143.47 274.517
  6 0.1375 144.15 268.297
  7 0.1625 143.87 271.595
  8 0.1875 143.42 270.451
  9 0.2125 143.66 271.529
  10 0.2375 143.3 270.777
  11 0.2625 143.95 267.633
  12 0.2875 143.41 269.848
  13 0.3125 144.24 272.706
  14 0.3375 144.12 268.576
  15 0.3625 144.21 270.094
  16 0.3875 144.12 272.487
  17 0.4125 144.47 266.512
  18 0.4375 144.46 268.404
  19 0.4625 144.3 266.789
  20 0.4875 143.93 270.673
  21 0.5125 144.17 267.917
  22 0.5375 143.97 270.653
  23 0.5625 143.72 268.332
  24 0.5875 144.6 271.169
  25 0.6125 143.65 269.436
  26 0.6375 144.61 275.283
  27 0.6625 143.89 271.244
  28 0.6875 144.76 269.021
  29 0.7125 143.55 273.182
  30 0.7375 144.07 272.368
  31 0.7625 143.85 277.677
  32 0.7875 144.42 274.36
  33 0.8125 143.48 270.688
  34 0.8375 144.82 275.384
  35 0.8625 143.25 273.089
  36 0.8875 144.15 273.731
  37 0.9125 144.14 277.204
  38 0.9375 144.05 270.569
  39 0.9625 144.17 274.125
  40 0.9875 143.56 268
230000 40 5760
  1 0.0125 143.52 268.016
  2 0.0375 144.1 270.972
  3 0.0625 143.81 267.344
  4 0.0875 143.51 269.291
  5 0.1125 143.74 271.447
  6 0.1375 143.8 271.191
  7 0.1625 144.11 271.551
  8 0.1875 143.44 269.934
  9 0.2125 144.1 269.389
  10 0.2375 144.06 269.55
  11 0.2625 143.32 268.39
  12 0.2875 143.45 271.111
  13 0.3125 144.97 268.611
  14 0.3375 143.86 270.276
  15 0.3625 144.47 273.619
  16 0.3875 143.8 270.479
  17 0.4125 144.71 266.745
  18 0.4375 145.14 271.833
  19 0.4625 143.5 273.12
  20 0.4875 144.87 272.204
  21 0.5125 143.75 270.114
  22 0.5375 143.6 272.734
  23 0.5625 143.69 265.539
  24 0.5875 144.02 272.597
  25 0.6125 144.24 271.685
  26 0.6375 144.28 272.269
  27 0.6625 144.36 274.309
  28 0.6875 144.2 269.785
  29 0.7125 143.72 273.696
  30 0.7375 143.98 271.374
  31 0.7625 144.06 269.906
  32 0.7875 144.2 270.375
  33 0.8125 143.88 264.499
  34 0.8375 144.05 268.92
  35 0.8625 143.99 267.687
  36 0.8875 144.1 272.993
  37 0.9125 143.48 273.214
  38 0.9375 144.11 270.114
  39 0.9625 143.58 267.815
  40 0.9875 144.43 267.671
240000 40 5760.000000000002
  1 0.0125 144.54 268.016
  2 0.0375 143.56 269.247
  3 0.0625 143.24 268.581
  4 0.0875 144.13 272.639
  5 0.1125 142.82 270.829
  6 0.1375 143.85 267.492
  7 0.1625 144.36 274.246
  8 0.1875 143.51 271.349
  9 0.2125 143.86 268.459
  10 0.2375 144.62 269.867
  11 0.2625 143.33 272.461
  12 0.2875 144.07 270.402
  13 0.3125 144.39 270.041
  14 0.3375 143.79 265.196
  15 0.3625 143.69 269.238
  16 0.3875 144.24 269.438
  17 0.4125 144.2 269.695
  18 0.4375 144 269.821
  19 0.4625 144.2 266.316
  20 0.4875 143.66 268.084
  21 0.5125 144.6 269.845
  22 0.5375 143.76 269.31
  23 0.5625 144.26 264.301
  24 0.5875 144.33 262.365
  25 0.6125 144.48 261.924
  26 0.6375 143.97 261.403
  27 0.6625 144.35 267.804
  28 0.6875 143.75 268.578
  29 0.7125 144.1 269.868
  30 0.7375 144.01 269.114
  31 0.7625 143.8 270.409
  32 0.7875 144.27 263.277
  33 0.8125 143.66 263.231
  34 0.8375 144.39 263.73
  35 0.8625 143.85 265.36
  36 0.8875 144.52 266.394
  37 0.9125 144.06 269.509
  38 0.9375 143.67 266.552
  39 0.9625 144.59 269.409
  40 0.9875 143.52 266.308
250000 40 5759.999999999998
  1 0.0125 144.48 268.086
  2 0.0375 143.81 268.332
  3 0.0625 144.07 271.465
  4 0.0875 144.01 269.104
  5 0.1125 144.16 270.959
  6 0.1375 144.62 270.749
  7 0.1625 144.64 269.226
  8 0.1875 143.91 266.892
  9 0.2125 144.01 271.124
  10 0.2375 143.37 269.949
  11 0.2625 143.84 268.415
  12 0.2875 143.75 269.365
  13 0.3125 143.71 270.435
  14 0.3375 143.93 267.47
  15 0.3625 143.91 271.177
  16 0.3875 143.71 267.589
  17 0.4125 144.03 267.749
  18 0.4375 143.98 270.608
  19 0.4625 143.85 270.393
  20 0.4875 143.53 267.044
  21 0.5125 144.1 271.066
  22 0.5375 144.08 265.477
  23 0.5625 143.74 264.718
  24 0.5875 143.85 260.726
  25 0.6125 143.68 260.472
  26 0.6375 144.47 270.226
  27 0.6625 144.02 270.657
  28 0.6875 144.01 264.834
  29 0.7125 144.08 267.925
  30 0.7375 144.3 264.566
  31 0.7625 144.18 265.846
  32 0.7875 143.78 265.466
  33 0.8125 144.37 272.394
  34 0.8375 143.48 269.264
  35 0.8625 143.95 267.429
  36 0.8875 144.62 274.15
  37 0.9125 143.09 271.403
  38 0.9375 144.41 276.613
  39 0.9625 144.48 275.164
  40 0.9875 143.99 269.829
260000 40 5759.999999999999
  1 0.0125 144.13 271.537
  2 0.0375 144.56 270.567
  3 0.0625 144.08 268.076
  4 0.0875 143.93 271.112
  5 0.1125 144.2 267.924
  6 0.1375 143.7 269.304
  7 0.1625 143.87 272.721
  8 0.1875 143.78 272.36
  9 0.2125 143.62 270.597
  10 0.2375 144.61 269.94
  11 0.2625 144.02 271.828
  12 0.2875 144.26 270.27
  13 0.3125 143.85 270.513
  14 0.3375 144.74 272.779
  15 0.3625 144.18 268.351
  16 0.3875 144.47 272.733
  17 0.4125 144.33 272.171
  18 0.4375 143.73 273.956
  19 0.4625 144.63 270.899
  20 0.4875 143.65 270.09
  21 0.5125 144.48 271.058
  22 0.5375 143.15 271.35
  23 0.5625 144.54 269.348
  24 0.5875 143.1 266.194
  25 0.6125 144.04 271.356
  26 0.6375 144.26 269.555
  27 0.6625 144.15 267.889
  28 0.6875 143.76 268.277
  29 0.7125 143.72 266.506
  30 0.7375 144.82 271.235
  31 0.7625 143.79 277.197
  32 0.7875 143.36 280.398
  33 0.8125 143.67 274.376
  34 0.8375 144.4 277.451
  35 0.8625 142.94 271.718
  36 0.8875 144.72 275.537
  37 0.9125 143.53 275.151
  38 0.9375 143.3 268.043
  39 0.9625 144.33 268.818
  40 0.9875 143.6 275.637
270000 40 5759.999999999999
  1 0.0125 143.61 273.667
  2 0.0375 144.11 271.336
  3 0.0625 143.46 268.857
  4 0.0875 143.53 268.331
  5 0.1125 144.49 269.363
  6 0.1375 143.46 271.83
  7 0.1625 144.29 268.951
  8 0.1875 144.57 269.701
  9 0.2125 143.01 269.446
  10 0.2375 144.3 269.918
  11 0.2625 144.71 267.921
  12 0.2875 144.44 269.391
  13 0.3125 144.48 269.609
  14 0.3375 144.09 270.753
  15 0.3625 144.45 269.689
  16 0.3875 143.29 270.125
  17 0.4125 143.6 270.371
  18 0.4375 144.13 272.394
  19 0.4625 143.86 268.051
  20 0.4875 144.06 269.258
  21 0.5125 143.92 269.852
  22 0.5375 144.27 268.586
  23 0.5625 143.54 271.117
  24 0.5875 144.28 275.062
  25 0.6125 144.02 269.518
  26 0.6375 144.34 268.453
  27 0.6625 143.93 270.886
  28 0.6875 144.35 269.244
  29 0.7125 144.6 273.545
  30 0.7375 143.48 267.511
  31 0.7625 143.2 270.512
  32 0.7875 144.66 271.667
  33 0.8125 143.97 265.436
  34 0.8375 143.92 274.132
  35 0.8625 144.11 272.53
  36 0.8875 143.99 275.691
  37 0.9125 143.64 270.799
  38 0.9375 143.57 268.953
  39 0.9625 143.83 264.868
  40 0.9875 144.44 271.403
280000 40 5760.000000000002
  1 0.0125 144.02 265.93
  2 0.0375 144.02 268.868
  3 0.0625 143.34 269.223
  4 0.0875 144.06 267.619
  5 0.1125 144.43 270.238
  6 0.1375 143.16 270.355
  7 0.1625 143.09 268.186
  8 0.1875 144.65 270.556
  9 0.2125 143.52 267.966
  10 0.2375 143.85 269.753
  11 0.2625 143.96 270.105
  12 0.2875 143.33 271.449
  13 0.3125 143.96 272.229
  14 0.3375 143.36 271.074
  15 0.3625 143.17 268.056
  16 0.3875 144.01 273.706
  17 0.4125 143.53 268.929
  18 0.4375 144.02 270.151
  19 0.4625 143.61 268.338
  20 0.4875 144.64 267.982
  21 0.5125 143.75 270.021
  22 0.5375 144.1 266.584
  23 0.5625 143.97 265.185
  24 0.5875 144.03 267.266
  25 0.6125 144.97 264.001
  26 0.6375 144.32 267.4
  27 0.6625 144.18 266.337
  28 0.6875 144.25 266.294
  29 0.7125 144.55 265.695
  30 0.7375 144.21 269.338
  31 0.7625 144.43 266.289
  32 0.7875 144.27 269.763
  33 0.8125 144.03 269.089
  34 0.8375 144.55 266.725
  35 0.8625 143.96 265.076
  36 0.8875 144.33 262.667
  37 0.9125 143.81 266.87
  38 0.9375 144.25 269.63
  39 0.9625 144.02 264.597
  40 0.9875 144.29 266.614
290000 40 5759.999999999998
  1 0.0125 143.87 267.507
  2 0.0375 143.85 268.745
  3 0.0625 144.61 269.833
  4 0.0875 143.09 269.338
  5 0.1125 144.57 271.289
  6 0.1375 143.54 271.75
  7 0.1625 143.81 268.969
  8 0.1875 144 272.076
  9 0.2125 143.98 269.37
  10 0.2375 144.13 267.812
  11 0.2625 143.29 268.836
  12 0.2875 144.61 266.899
  13 0.3125 143.67 271.806
  14 0.3375 143.97 269.958
  15 0.3625 143.93 269.309
  16 0.3875 143.98 274.007
  17 0.4125 143.79 272.47
  18 0.4375 143.93 267.539
  19 0.4625 144.17 269.559
  20 0.4875 143.52 268.985
  21 0.5125 144.89 266.629
  22 0.5375 143.3 272.886
  23 0.5625 144.81 274.104
  24 0.5875 143.61 270.149
  25 0.6125 144.51 267.641
  26 0.6375 143.51 268.035
  27 0.6625 144.15 269.857
  28 0.6875 143.73 263.298
  29 0.7125 143.74 267.996
  30 0.7375 144.58 261.524
  31 0.7625 143.53 266.068
  32 0.7875 144.26 268.764
  33 0.8125 144.11 271.08
  34 0.8375 143.98 270.472
  35 0.8625 144.36 273.657
  36 0.8875 144.61 270.82
  37 0.9125 143.73 269.473
  38 0.9375 143.99 262.062
  39 0.9625 143.66 263.853
  40 0.9875 144.63 264.404
300000 40 5760
  1 0.0125 143.76 271.823
  2 0.0375 144.53 272.855
  3 0.0625 143.94 269.479
  4 0.0875 143.5 269.959
  5 0.1125 144.76 267.831
  6 0.1375 143.2 270.771
  7 0.1625 143.77 271.924
  8 0.1875 143.33 269.01
  9 0.2125 143.69 269.504
  10 0.2375 143.71 269.38
  11 0.2625 143.45 273.274
  12 0.2875 144.02 269.795
  13 0.3125 143.1 269.915
  14 0.3375 143.49 271.434
  15 0.3625 143.17 271.492
  16 0.3875 143.76 270.382
  17 0.4125 143.63 268.172
  18 0.4375 143.73 271.614
  19 0.4625 144.23 270.732
  20 0.4875 143.77 272.207
  21 0.5125 144.21 270.317
  22 0.5375 144.52 268.052
  23 0.5625 144.17 268.904
  24 0.5875 144.28 275.053
  25 0.6125 144.51 282.138
  26 0.6375 144.05 272.163
  27 0.6625 144.22 269.949
  28 0.6875 144.95 272.121
  29 0.7125 143.67 271.969
  30 0.7375 143.83 267.31
  31 0.7625 143.89 268.369
  32 0.7875 145.43 270.444
  33 0.8125 144.21 268.536
  34 0.8375 144.67 266.957
  35 0.8625 143.4 267.783
  36 0.8875 144.51 268.095
  37 0.9125 143.99 265.223
  38 0.9375 145.03 267.203
  39 0.9625 143.53 266.149
  40 0.9875 144.39 268.415
310000 40 5760
  1 0.0125 143.49 268.453
  2 0.0375 143.17 270.615
  3 0.0625 144.38 269.179
  4 0.0875 144.11 272.636
  5 0.1125 144.23 271.894
  6 0.1375 144.26 269.262
  7 0.1625 144.47 271.83
  8 0.1875 144.67 269.441
  9 0.2125 145.08 271.49
  10 0.2375 144.85 268.968
  11 0.2625 144.29 268.303
  12 0.2875 144.76 271.292
  13 0.3125 144.01 269.744
  14 0.3375 145.16 268.162
  15 0.3625 143.81 268.291
  16 0.3875 144.52 268.565
  17 0.4125 143.79 271.568
  18 0.4375 143.97 270.012
  19 0.4625 144.02 270.475
  20 0.4875 143.88 270.837
  21 0.5125 143.76 270.671
  22 0.5375 143.7 267.024
  23 0.5625 143.45 263.671
  24 0.5875 143.55 267.034
  25 0.6125 143.3 272.06
  26 0.6375 143.92 263.973
  27 0.6625 143.89 265.175
  28 0.6875 143.81 267.987
  29 0.7125 143.92 268.194
  30 0.7375 143.42 269.573
  31 0.7625 143.72 266.366
  32 0.7875 143.5 269.776
  33 0.8125 143.6 272.047
  34 0.8375 143.73 275.787
  35 0.8625 144.27 278.273
  36 0.8875 143.45 272.931
  37 0.9125 144.26 277.79
  38 0.9375 144.1 276.564
  39 0.9625 143.45 275.799
  40 0.9875 144.28 271.784
320000 40 5760.000000000001
  1 0.0125 143.87 272.447
  2 0.0375 143.26 269.261
  3 0.0625 144.12 268.576
  4 0.0875 145.07 271.916
  5 0.1125 143.64 268.212
  6 0.1375 144.15 265.791
  7 0.1625 144.83 269.89
  8 0.1875 143.18 270.354
  9 0.2125 144.11 269.643
  10 0.2375 143.95 269.133
  11 0.2625 144.78 270.489
  12 0.2875 143.94 268.179
  13 0.3125 144.22 269.956
  14 0.3375 144.36 270.729
  15 0.3625 144.23 269.525
  16 0.3875 143.41 269.562
  17 0.4125 144.13 269.325
  18 0.4375 144.11 268.509
  19 0.4625 143.8 267.674
  20 0.4875 144.33 268.047
  21 0.5125 143.78 269.61
  22 0.5375 144.11 269.495
  23 0.5625 144.23 275.258
  24 0.5875 143.64 272.461
  25 0.6125 143.82 275.848
  26 0.6375 143.68 274.047
  27 0.6625 143.84 275.176
  28 0.6875 143.94 273.512
  29 0.7125 143.96 272.398
  30 0.7375 143.97 274.527
  31 0.7625 143.67 277.396
  32 0.7875 144.24 281.182
  33 0.8125 143.76 273.817
  34 0.8375 143.67 276.497
  35 0.8625 144.26 277.344
  36 0.8875 143.04 278.055
  37 0.9125 144.94 275.463
  38 0.9375 143.33 270.483
  39 0.9625 144.67 267.157
  40 0.9875 143.96 271.358
330000 40 5760.000000000001
  1 0.0125 144.67 270.518
  2 0.0375 144.07 267.003
  3 0.0625 143.77 267.148
  4 0.0875 144.15 270.283
  5 0.1125 143.55 270.484
  6 0.1375 144.35 266.717
  7 0.1625 144.11 269.676
  8 0.1875 143.49 273.667
  9 0.2125 144.67 267.035
  10 0.2375 143.62 268.104
  11 0.2625 143.66 270.169
  12 0.2875 144.07 269.299
  13 0.3125 144.2 270.248
  14 0.3375 144.91 271.697
  15 0.3625 143.22 267.188
  16 0.3875 143.95 269.441
  17 0.4125 144.86 272.306
  18 0.4375 143.02 270.233
  19 0.4625 144.33 268.692
  20 0.4875 143.35 269.48
  21 0.5125 144.88 271.105
  22 0.5375 143.81 270.14
  23 0.5625 144.14 271.381
  24 0.5875 143.86 273.905
  25 0.6125 144.17 271.77
  26 0.6375 143.65 274.761
  27 0.6625 144.24 269.266
  28 0.6875 143.45 268.291
  29 0.7125 143.6 271.226
  30 0.7375 144.88 270.516
  31 0.7625 144.05 272.161
  32 0.7875 143.42 282.953
  33 0.8125 144.21 277.36
  34 0.8375 143.82 275.715
  35 0.8625 144.52 276.257
  36 0.8875 143.81 273.509
  37 0.9125 143.42 271.561
  38 0.9375 144.04 266.25
  39 0.9625 144.32 270.67
  40 0.9875 143.69 270.292
340000 40 5760.000000000001
  1 0.0125 143.65 267.757
  2 0.0375 144.15 267.444
  3 0.0625 143.73 271.687
  4 0.0875 144.12 270.238
  5 0.1125 143.08 267.646
  6 0.1375 144.55 270.762
  7 0.1625 143.3 270.256
  8 0.1875 143.5 271.189
  9 0.2125 144.04 269.973
  10 0.2375 144.12 266.816
  11 0.2625 143.94 267.789
  12 0.2875 144.45 269.222
  13 0.3125 144.19 273.077
  14 0.3375 143.4 266.501
  15 0.3625 144.53 268.238
  16 0.3875 144.17 271.736
  17 0.4125 144.16 270.765
  18 0.4375 143.88 275.129
  19 0.4625 144.12 266.621
  20 0.4875 144.09 267.314
  21 0.5125 143.92 270.736
  22 0.5375 144.08 267.668
  23 0.5625 144.39 267.326
  24 0.5875 143.92 267.193
  25 0.6125 143.85 268.44
  26 0.6375 143.9 268.536
  27 0.6625 143.98 263.867
  28 0.6875 144.03 265.877
  29 0.7125 143.76 271.066
  30 0.7375 144.5 266.236
  31 0.7625 143.64 271.717
  32 0.7875 144.22 270.714
  33 0.8125 143.7 266.316
  34 0.8375 143.84 268.482
  35 0.8625 144.21 267.424
  36 0.8875 144.08 270.849
  37 0.9125 143.87 272.068
  38 0.9375 144.22 272.952
  39 0.9625 143.93 264.924
  40 0.9875 144.79 265.63
350000 40 5759.999999999998
  1 0.0125 144.16 271.763
  2 0.0375 144.23 269.259
  3 0.0625 144.04 271.113
  4 0.0875 144.31 270.222
  5 0.1125 143.57 268.793
  6 0.1375 144.22 272.09
  7 0.1625 143.64 271.273
  8 0.1875 143.98 266.947
  9 0.2125 143.55 267.077
  10 0.2375 144.98 268.921
  11 0.2625 144.01 269.491
  12 0.2875 143.66 270.783
  13 0.3125 143.56 272.328
  14 0.3375 144.26 269.744
  15 0.3625 143.72 272.539
  16 0.3875 143.39 268.098
  17 0.4125 143.83 270.016
  18 0.4375 144.38 269.689
  19 0.4625 143.7 274.418
  20 0.4875 144.3 265.926
  21 0.5125 143.33 275.312
  22 0.5375 143.64 277.533
  23 0.5625 144.68 273.149
  24 0.5875 143.64 272.95
  25 0.6125 144.08 267.972
  26 0.6375 144.31 264.364
  27 0.6625 144.34 263.574
  28 0.6875 143.79 266.007
  29 0.7125 143.93 265.915
  30 0.7375 143.68 266.518
  31 0.7625 143.98 264.964
  32 0.7875 145.16 268.771
  33 0.8125 143.23 267.38
  34 0.8375 144.37 265.814
  35 0.8625 144.7 274.966
  36 0.8875 143.39 270.229
  37 0.9125 144.49 264.821
  38 0.9375 143.84 264.325
  39 0.9625 144.11 264.957
  40 0.9875 143.82 261.418
360000 40 5760.000000000001
  1 0.0125 143.69 272.143
  2 0.0375 144.05 272.712
  3 0.0625 143.97 270.039
  4 0.0875 143.99 271.02
  5 0.1125 144.06 268.553
  6 0.1375 143.98 269.999
  7 0.1625 143.4 269.391
  8 0.1875 144.26 268.023
  9 0.2125 143.95 270.351
  10 0.2375 143.87 271.376
  11 0.2625 144.13 272.166
  12 0.2875 144.16 269.103
  13 0.3125 143.69 269.513
  14 0.3375 144.03 266.085
  15 0.3625 143.81 268.702
  16 0.3875 143.84 270.823
  17 0.4125 144.17 267.701
  18 0.4375 143.96 270.442
  19 0.4625 144.09 271.818
  20 0.4875 143.83 269.391
  21 0.5125 144.01 273.127
  22 0.5375 143.82 267.996
  23 0.5625 144.45 269.785
  24 0.5875 143.73 274.305
  25 0.6125 144.67 274.28
  26 0.6375 143.35 274.132
  27 0.6625 143.9 279.861
  28 0.6875 143.78 276.562
  29 0.7125 144.76 278.908
  30 0.7375 143.88 274.731
  31 0.7625 144.73 273.472
  32 0.7875 143.96 273.992
  33 0.8125 143.8 270.892
  34 0.8375 143.63 272.528
  35 0.8625 144.51 273.891
  36 0.8875 143.46 273.871
  37 0.9125 144.08 268.499
  38 0.9375 144.22 272.433
  39 0.9625 144.25 266.815
  40 0.9875 144.08 268.171
370000 40 5760
  1 0.0125 143.62 268.479
  2 0.0375 143.97 268.814
  3 0.0625 144.31 268.37
  4 0.0875 144.14 271.423
  5 0.1125 144.27 270.756
  6 0.1375 144.92 267.689
  7 0.1625 143.43 271.391
  8 0.1875 143.53 267.093
  9 0.2125 143.71 271.184
  10 0.2375 144.1 266.284
  11 0.2625 143.75 267.832
  12 0.2875 144.04 270.36
  13 0.3125 143.92 268.811
  14 0.3375 144.18 267.881
  15 0.3625 143.72 266.544
  16 0.3875 143.93 271.792
  17 0.4125 144.28 270.726
  18 0.4375 143.92 272.277
  19 0.4625 144.65 273.543
  20 0.4875 143.75 269.712
  21 0.5125 143.98 273.371
  22 0.5375 143.89 271.998
  23 0.5625 144.18 271.667
  24 0.5875 143.57 272.731
  25 0.6125 143.46 269.651
  26 0.6375 143.6 266.794
  27 0.6625 144.23 270.576
  28 0.6875 144.11 268.591
  29 0.7125 143.9 267.923
  30 0.7375 144.47 267.117
  31 0.7625 143.87 267.503
  32 0.7875 143.87 272.632
  33 0.8125 144.34 264.795
  34 0.8375 143.96 271.455
  35 0.8625 144.18 273.256
  36 0.8875 143.98 272.271
  37 0.9125 144.35 273.186
  38 0.9375 143.46 272.924
  39 0.9625 143.63 270.422
  40 0.9875 144.83 270.091
380000 40 5760
  1 0.0125 144.53 267.203
  2 0.0375 143.63 269.99
  3 0.0625 143.75 268.297
  4 0.0875 144.25 271.052
  5 0.1125 144.17 269.059
  6 0.1375 144.04 268.236
  7 0.1625 144.17 272.274
  8 0.1875 144.52 267.698
  9 0.2125 143.92 270.835
  10 0.2375 144.15 271.01
  11 0.2625 143.39 268.881
  12 0.2875 144.66 271.396
  13 0.3125 143.42 269.157
  14 0.3375 143.9 270.138
  15 0.3625 143.54 267.589
  16 0.3875 144.23 271.379
  17 0.4125 144.23 270.713
  18 0.4375 144.26 267.641
  19 0.4625 144.32 270.051
  20 0.4875 144.49 270.161
  21 0.5125 144.05 269.84
  22 0.5375 144.04 268.572
  23 0.5625 143.3 264.33
  24 0.5875 144.83 268.232
  25 0.6125 144.31 269.853
  26 0.6375 143.89 262.225
  27 0.6625 143.44 266.201
  28 0.6875 143.93 263.637
  29 0.7125 143.63 267.844
  30 0.7375 144.28 265.174
  31 0.7625 143.15 266.769
  32 0.7875 144.46 269.78
  33 0.8125 143.17 271.519
  34 0.8375 144.59 274.077
  35 0.8625 144.28 273.645
  36 0.8875 143.91 270.397
  37 0.9125 144.28 269.259
  38 0.9375 143.25 277.048
  39 0.9625 143.87 275.859
  40 0.9875 143.77 272.727
390000 40 5760
  1 0.0125 143.72 267.65
  2 0.0375 144.17 269.423
  3 0.0625 144.33 271.532
  4 0.0875 144.06 269.197
  5 0.1125 144.46 273.646
  6 0.1375 143.64 269.028
  7 0.1625 144.35 268.976
  8 0.1875 144.37 271.219
  9 0.2125 144.14 268.127
  10 0.2375 144.05 269.46
  11 0.2625 143.5 269.569
  12 0.2875 144.73 272.691
  13 0.3125 144.05 267.84
  14 0.3375 143.9 268.775
  15 0.3625 144.42 268.525
  16 0.3875 143.84 269.379
  17 0.4125 143.42 269.439
  18 0.4375 144.02 270.482
  19 0.4625 144.19 270.067
  20 0.4875 143.7 272.245
  21 0.5125 144.01 273.985
  22 0.5375 143.84 269.207
  23 0.5625 143.82 267.031
  24 0.5875 144.08 264.126
  25 0.6125 144.1 260.817
  26 0.6375 144.15 260.113
  27 0.6625 143.6 268.08
  28 0.6875 143.84 266.113
  29 0.7125 144.05 267.88
  30 0.7375 144.15 268.374
  31 0.7625 143.43 268.482
  32 0.7875 143.76 268.04
  33 0.8125 144.29 276.96
  34 0.8375 144.21 274.002
  35 0.8625 144.03 270.407
  36 0.8875 143.86 273.099
  37 0.9125 143.59 266.52
  38 0.9375 144.13 259.012
  39 0.9625 144.16 260.94
  40 0.9875 143.84 269.108
400000 40 5760
  1 0.0125 144.03 271.085
  2 0.0375 144.02 271.529
  3 0.0625 144.04 269.748
  4 0.0875 143.96 270.386
  5 0.1125 144.01 269.402
  6 0.1375 143.75 270.547
  7 0.1625 144.08 268.678
  8 0.1875 143.95 268.075
  9 0.2125 144.03 268.109
  10 0.2375 143.83 267.617
  11 0.2625 143.73 271.859
  12 0.2875 144.08 271.679
  13 0.3125 144.16 272.44
  14 0.3375 144 269.461
  15 0.3625 144.21 267.904
  16 0.3875 143.67 264.61
  17 0.4125 144.15 269.946
  18 0.4375 143.81 267.232
  19 0.4625 144.05 269.109
  20 0.4875 143.82 271.768
  21 0.5125 144.66 269.715
  22 0.5375 143.77 270.382
  23 0.5625 143.78 272.024
  24 0.5875 144.38 266.839
  25 0.6125 143.74 260.241
  26 0.6375 144.11 263.476
  27 0.6625 143.87 270.453
  28 0.6875 144.19 268.187
  29 0.7125 144.03 266.318
  30 0.7375 144.05 264.862
  31 0.7625 143.92 278.429
  32 0.7875 143.72 266.541
  33 0.8125 143.98 273.974
  34 0.8375 143.86 273.21
  35 0.8625 144.18 272.989
  36 0.8875 144.19 275.751
  37 0.9125 144.19 268.063
  38 0.9375 143.6 266.689
  39 0.9625 144 270.589
  40 0.9875 144.4 269.024
410000 40 5760
  1 0.0125 144.14 270.996
  2 0.0375 143.99 271.837
  3 0.0625 144.12 272.103
  4 0.0875 143.89 268.879
  5 0.1125 143.86 271.031
  6 0.1375 144.2 270.542
  7 0.1625 143.97 270.828
  8 0.1875 144.04 269.128
  9 0.2125 143.83 272.261
  10 0.2375 143.84 272.727
  11 0.2625 144.19 269.883
  12 0.2875 143.84 271.889
  13 0.3125 144.18 270.598
  14 0.3375 144.09 274.133
  15 0.3625 144 269.878
  16 0.3875 143.85 267.462
  17 0.4125 144.08 272.513
  18 0.4375 144.06 266.926
  19 0.4625 143.91 270.444
  20 0.4875 144.01 270.5
  21 0.5125 143.89 268.588
  22 0.5375 144.05 270.468
  23 0.5625 143.93 268.468
  24 0.5875 144.02 264.399
  25 0.6125 143.98 260.015
  26 0.6375 144.24 262.493
  27 0.6625 143.89 267.929
  28 0.6875 143.83 268.438
  29 0.7125 144.03 263.062
  30 0.7375 144.1 267.057
  31 0.7625 144.05 271.845
  32 0.7875 143.86 274.552
  33 0.8125 144.15 271.817
  34 0.8375 144.05 267.591
  35 0.8625 144.04 267.091
  36 0.8875 143.85 276.759
  37 0.9125 144.09 274.287
  38 0.9375 143.93 267.42
  39 0.9625 143.96 271.867
  40 0.9875 143.97 269.86
420000 40 5759.999999999998
  1 0.0125 144.03 267.773
  2 0.0375 144.13 270.069
  3 0.0625 143.9 269.051
  4 0.0875 144.14 268
  5 0.1125 144.22 269.949
  6 0.1375 143.9 270.064
  7 0.1625 143.8 269.608
  8 0.1875 144.18 268.91
  9 0.2125 143.68 269.196
  10 0.2375 144.11 266.742
  11 0.2625 143.88 271.179
  12 0.2875 144.17 271.246
  13 0.3125 143.84 274.684
  14 0.3375 144.12 272.543
  15 0.3625 143.92 271.725
  16 0.3875 143.97 269.172
  17 0.4125 144.08 267.259
  18 0.4375 143.86 269.011
  19 0.4625 144.09 270.297
  20 0.4875 143.96 267.711
  21 0.5125 144.04 271.65
  22 0.5375 144.06 266.619
  23 0.5625 143.62 269.776
  24 0.5875 144.27 270.87
  25 0.6125 143.87 276.706
  26 0.6375 144.24 274.322
  27 0.6625 143.87 271.48
  28 0.6875 143.93 275.181
  29 0.7125 143.95 272.395
  30 0.7375 144.03 269.256
  31 0.7625 143.91 268.275
  32 0.7875 144.45 263.867
  33 0.8125 143.88 266.035
  34 0.8375 143.82 267.339
  35 0.8625 144.23 260.944
  36 0.8875 143.98 258.02
  37 0.9125 144.15 266.133
  38 0.9375 143.82 270.973
  39 0.9625 143.8 269.77
  40 0.9875 144.1 271.573
430000 40 5759.999999999999
  1 0.0125 144.11 267.041
  2 0.0375 144.06 269.361
  3 0.0625 144.02 269.561
  4 0.0875 144.03 270.163
  5 0.1125 144.16 272.924
  6 0.1375 143.98 267.98
  7 0.1625 144.08 267.542
  8 0.1875 144.23 271.375
  9 0.2125 144.01 265.651
  10 0.2375 144.38 264.278
  11 0.2625 143.54 266.756
  12 0.2875 144.13 270.683
  13 0.3125 143.86 267.925
  14 0.3375 143.97 272.576
  15 0.3625 143.66 270.92
  16 0.3875 144 266.252
  17 0.4125 144.23 271.839
  18 0.4375 143.91 267.307
  19 0.4625 143.89 268.196
  20 0.4875 143.71 270.278
  21 0.5125 144.15 268.749
  22 0.5375 143.82 273.264
  23 0.5625 143.74 268.794
  24 0.5875 143.93 270.603
  25 0.6125 144.33 268.287
  26 0.6375 143.93 263.884
  27 0.6625 143.73 261.612
  28 0.6875 143.76 262.073
  29 0.7125 144.23 265.569
  30 0.7375 143.85 263.466
  31 0.7625 144.26 267.102
  32 0.7875 143.83 258.882
  33 0.8125 144.3 261.104
  34 0.8375 143.94 263.386
  35 0.8625 143.77 263.876
  36 0.8875 144.36 265.25
  37 0.9125 144 263.572
  38 0.9375 144 270.776
  39 0.9625 144.15 267.919
  40 0.9875 143.96 270.733
440000 40 5759.999999999999
  1 0.0125 144.37 272.636
  2 0.0375 143.59 268.388
  3 0.0625 143.86 272.788
  4 0.0875 143.82 271.822
  5 0.1125 144.57 266.925
  6 0.1375 143.8 269.411
  7 0.1625 144.14 274.762
  8 0.1875 144.49 271.223
  9 0.2125 144.22 267.334
  10 0.2375 144.18 268.273
  11 0.2625 144 269.378
  12 0.2875 144 269.84
  13 0.3125 144.11 271.691
  14 0.3375 143.9 268.969
  15 0.3625 144.12 270.431
  16 0.3875 143.72 272.606
  17 0.4125 143.99 270.903
  18 0.4375 143.99 269.412
  19 0.4625 143.62 268.223
  20 0.4875 144.08 268.389
  21 0.5125 143.87 268.58
  22 0.5375 144.4 270.608
  23 0.5625 143.78 264.708
  24 0.5875 144 268.568
  25 0.6125 144.2 264.946
  26 0.6375 143.85 263.573
  27 0.6625 143.39 268.134
  28 0.6875 144.05 261.703
  29 0.7125 143.71 262.462
  30 0.7375 143.76 267.943
  31 0.7625 143.61 271.705
  32 0.7875 144.58 264.545
  33 0.8125 143.76 263.824
  34 0.8375 144.16 266.31
  35 0.8625 144.12 263.036
  36 0.8875 143.91 262.256
  37 0.9125 143.48 263.462
  38 0.9375 144.72 267.792
  39 0.9625 143.92 266.075
  40 0.9875 144.16 273.993
450000 40 5759.999999999999
  1 0.0125 144.14 269.022
  2 0.0375 143.9 270.774
  3 0.0625 144.09 271.792
  4 0.0875 143.5 271.496
  5 0.1125 144.39 269.805
  6 0.1375 143.8 268.494
  7 0.1625 143.42 273.949
  8 0.1875 143.86 270.755
  9 0.2125 143.6 271.595
  10 0.2375 144.07 266.988
  11 0.2625 144.29 268.507
  12 0.2875 143.6 269.981
  13 0.3125 144.22 270.9
  14 0.3375 144.2 270.704
  15 0.3625 143.81 269.626
  16 0.3875 143.69 269.876
  17 0.4125 144.49 269.863
  18 0.4375 143.8 269.309
  19 0.4625 143.78 271.71
  20 0.4875 144.08 266.276
  21 0.5125 144.29 270.456
  22 0.5375 144.07 267.973
  23 0.5625 144.83 268.46
  24 0.5875 143.43 265.485
  25 0.6125 144.19 268.533
  26 0.6375 143.83 268.703
  27 0.6625 144.14 268.099
  28 0.6875 144.2 262.687
  29 0.7125 144.28 262.052
  30 0.7375 143.7 264.484
  31 0.7625 143.99 266.349
  32 0.7875 144.39 267.2
  33 0.8125 143.9 270.591
  34 0.8375 143.78 268.541
  35 0.8625 143.57 257.937
  36 0.8875 144.28 258.186
  37 0.9125 143.85 263.67
  38 0.9375 144.75 256.324
  39 0.9625 143.45 257.337
  40 0.9875 144.35 268.87
460000 40 5760
  1 0.0125 143.54 272.282
  2 0.0375 144.05 268.475
  3 0.0625 143.41 273.429
  4 0.0875 144.11 268.866
  5 0.1125 144.37 265.576
  6 0.1375 142.96 271.437
  7 0.1625 144.56 268.86
  8 0.1875 143.48 271.028
  9 0.2125 144.19 270.261
  10 0.2375 143.68 267.956
  11 0.2625 144.35 270.038
  12 0.2875 143.74 270.353
  13 0.3125 143.69 267.671
  14 0.3375 144.16 269.582
  15 0.3625 143.8 270.377
  16 0.3875 144.73 268.392
  17 0.4125 142.89 270.653
  18 0.4375 144.14 271.111
  19 0.4625 143.84 269.014
  20 0.4875 144.11 268.71
  21 0.5125 143.75 270.271
  22 0.5375 144.14 272.087
  23 0.5625 144.62 272.868
  24 0.5875 143.77 269.235
  25 0.6125 144.6 273.795
  26 0.6375 143.32 265.301
  27 0.6625 145.02 270.149
  28 0.6875 143.15 274.217
  29 0.7125 144.04 270.099
  30 0.7375 143.9 273.735
  31 0.7625 144.11 267.476
  32 0.7875 143.48 269.616
  33 0.8125 144.65 276.602
  34 0.8375 143.59 277.515
  35 0.8625 144.92 269.792
  36 0.8875 144.31 268.314
  37 0.9125 144.27 270.009
  38 0.9375 144.09 275.45
  39 0.9625 144.27 269.252
  40 0.9875 144.2 264.262
470000 40 5760.000000000001
  1 0.0125 144.06 268.61
  2 0.0375 143.98 268.02
  3 0.0625 144.06 271.819
  4 0.0875 143.94 270.385
  5 0.1125 143.57 270.025
  6 0.1375 143.83 268.144
  7 0.1625 144.31 272.016
  8 0.1875 143.54 267.417
  9 0.2125 143.56 273.121
  10 0.2375 143.25 266.527
  11 0.2625 144.63 269.629
  12 0.2875 144.24 273.997
  13 0.3125 143.88 273.214
  14 0.3375 144.8 271.164
  15 0.3625 143.93 270.13
  16 0.3875 144.44 268.373
  17 0.4125 143.76 268.718
  18 0.4375 144.26 268.355
  19 0.4625 143.68 272.069
  20 0.4875 144.59 269.33
  21 0.5125 144.23 267.711
  22 0.5375 143.83 265.953
  23 0.5625 143.97 267.618
  24 0.5875 143.7 269.553
  25 0.6125 144.1 270.989
  26 0.6375 144.15 263.042
  27 0.6625 143.66 267.808
  28 0.6875 143.68 271.967
  29 0.7125 143.97 272.51
  30 0.7375 143.63 273.695
  31 0.7625 144.24 275.519
  32 0.7875 144.06 272.871
  33 0.8125 144.64 274.537
  34 0.8375 143.67 273.113
  35 0.8625 143.93 272.218
  36 0.8875 144.34 274.524
  37 0.9125 143.97 270.9
  38 0.9375 143.83 272.034
  39 0.9625 144.31 266.419
  40 0.9875 143.78 264.249
480000 40 5760.000000000001
  1 0.0125 143.21 270.145
  2 0.0375 145.16 271.179
  3 0.0625 144.01 268.912
  4 0.0875 143.58 271.762
  5 0.1125 143.88 271.279
  6 0.1375 143.99 267.729
  7 0.1625 144.91 268.53
  8 0.1875 143.92 268.15
  9 0.2125 143.55 268.132
  10 0.2375 144.46 270.989
  11 0.2625 143.66 267.351
  12 0.2875 143.37 268.918
  13 0.3125 144.2 273.202
  14 0.3375 144 266.665
  15 0.3625 143.6 272.334
  16 0.3875 143.21 271.646
  17 0.4125 144.29 272.219
  18 0.4375 144.02 272.203
  19 0.4625 144.8 272.124
  20 0.4875 144.01 272.101
  21 0.5125 144.33 269.095
  22 0.5375 144.01 272.668
  23 0.5625 143.73 270.067
  24 0.5875 144.16 269.233
  25 0.6125 144.31 271.651
  26 0.6375 144.1 272.67
  27 0.6625 144.22 270.781
  28 0.6875 144.32 259.263
  29 0.7125 144.01 265.538
  30 0.7375 143.57 267.448
  31 0.7625 143.45 264.609
  32 0.7875 143.87 270.524
  33 0.8125 144.52 267.107
  34 0.8375 143.77 268.309
  35 0.8625 143.59 270.68
  36 0.8875 144.08 278.052
  37 0.9125 143.77 274.855
  38 0.9375 144.46 270.572
  39 0.9625 143.78 272.142
  40 0.9875 144.12 272.821
490000 40 5760.000000000002
  1 0.0125 143.51 269.691
  2 0.0375 143.82 271.065
  3 0.0625 144.21 268.55
  4 0.0875 145.52 269.007
  5 0.1125 144.58 272.055
  6 0.1375 144.03 268.327
  7 0.1625 144.68 271.374
  8 0.1875 144.45 269.345
  9 0.2125 143.87 270.301
  10 0.2375 143.2 266.847
  11 0.2625 144.69 270.796
  12 0.2875 142.97 270.404
  13 0.3125 144.04 269.759
  14 0.3375 143.98 269.583
  15 0.3625 143.83 268.515
  16 0.3875 143.34 270.657
  17 0.4125 144.08 270.954
  18 0.4375 143.65 268.019
  19 0.4625 143.99 270.719
  20 0.4875 143.74 268.047
  21 0.5125 143.53 264.451
  22 0.5375 143.76 267.303
  23 0.5625 143.8 272.427
  24 0.5875 144.31 267.831
  25 0.6125 143.8 269.437
  26 0.6375 143.76 271.477
  27 0.6625 144.02 271.239
  28 0.6875 143.8 268.742
  29 0.7125 143.77 269.062
  30 0.7375 144.29 261.313
  31 0.7625 144.06 258.606
  32 0.7875 143.92 266.78
  33 0.8125 144.63 266.693
  34 0.8375 144.6 266.597
  35 0.8625 143.45 266.013
  36 0.8875 144.92 265.312
  37 0.9125 143.6 264.075
  38 0.9375 144 265.672
  39 0.9625 143.72 265.56
  40 0.9875 144.08 266.288
500000 40 5759.999999999999
  1 0.0125 143.68 269.859
  2 0.0375 144.23 272.341
  3 0.0625 143.68 272.438
  4 0.0875 144.36 275.52
  5 0.1125 143.42 271.181
  6 0.1375 144.32 271.354
  7 0.1625 144.56 268.907
  8 0.1875 144.42 271.836
  9 0.2125 144.45 267.558
  10 0.2375 144.31 269.52
  11 0.2625 144.21 270.536
  12 0.2875 144.68 269.058
  13 0.3125 143.39 272.433
  14 0.3375 144.01 271.86
  15 0.3625 143.99 271.649
  16 0.3875 144.08 268.92
  17 0.4125 144.14 270.971
  18 0.4375 143.75 271.371
  19 0.4625 144.11 270.74
  20 0.4875 143.41 267.34
  21 0.5125 143.73 270.089
  22 0.5375 143.53 269.626
  23 0.5625 144.49 267.891
  24 0.5875 143.48 269.309
  25 0.6125 144.66 268.003
  26 0.6375 143.72 268.851
  27 0.6625 143.75 268.136
  28 0.6875 143.43 265.547
  29 0.7125 144.53 268.099
  30 0.7375 143.45 264.176
  31 0.7625 144.57 261.295
  32 0.7875 143.91 264.158
  33 0.8125 143.78 270.535
  34 0.8375 143.8 268.786
  35 0.8625 143.89 267.708
  36 0.8875 143.8 263.616
  37 0.9125 143.86 267.394
  38 0.9375 143.87 267.491
  39 0.9625 144.06 265.675
  40 0.9875 144.49 263.132
