# Chunk-averaged data for fix temp_profile and group all
# Timestep Number-of-chunks Total-count
# Chunk Coord1 Ncount temp
205000 40 11520
  1 0.0125 287.628 280.444
  2 0.0375 288.642 281.763
  3 0.0625 288.062 276.618
  4 0.0875 288.146 278.997
  5 0.1125 287.918 285.143
  6 0.1375 287.826 277.535
  7 0.1625 287.684 286.357
  8 0.1875 287.912 288.344
  9 0.2125 288.056 289.958
  10 0.2375 287.798 299.532
  11 0.2625 287.464 304.594
  12 0.2875 287.63 307.87
  13 0.3125 288.076 301.502
  14 0.3375 287.848 306.287
  15 0.3625 288.374 300.389
  16 0.3875 288.072 303.222
  17 0.4125 288.468 307.617
  18 0.4375 287.638 310.006
  19 0.4625 287.898 310.839
  20 0.4875 288.154 306.477
  21 0.5125 287.796 311.799
  22 0.5375 288.276 322.943
  23 0.5625 287.692 317.574
  24 0.5875 288.39 312.467
  25 0.6125 287.952 309.594
  26 0.6375 288.27 304.827
  27 0.6625 287.908 300.528
  28 0.6875 288.438 306.622
  29 0.7125 288.13 301.103
  30 0.7375 288.39 306.42
  31 0.7625 287.878 305.222
  32 0.7875 288.564 304.676
  33 0.8125 288.044 302.32
  34 0.8375 288.308 304.015
  35 0.8625 288.004 294.651
  36 0.8875 288.192 292.443
  37 0.9125 287.8 291.694
  38 0.9375 288.078 287.814
  39 0.9625 287.072 284.002
  40 0.9875 287.524 284.363
210000 40 11519.999999999998
  1 0.0125 288.718 274.257
  2 0.0375 287.412 280.004
  3 0.0625 287.802 286.707
  4 0.0875 287.936 286.17
  5 0.1125 287.926 285.796
  6 0.1375 288.174 287.615
  7 0.1625 287.41 288.29
  8 0.1875 287.864 283.997
  9 0.2125 287.602 296.879
  10 0.2375 287.722 305.086
  11 0.2625 288.288 305.025
  12 0.2875 288.248 309.136
  13 0.3125 288.67 309.142
  14 0.3375 288.12 298.562
  15 0.3625 288.276 297.723
  16 0.3875 287.146 303.292
  17 0.4125 288.028 306.49
  18 0.4375 288.248 303.543
  19 0.4625 288.182 295.68
  20 0.4875 288.676 304.868
  21 0.5125 287.956 314.539
  22 0.5375 287.756 313.7
  23 0.5625 287.27 318.979
  24 0.5875 288.146 314.362
  25 0.6125 288.412 307.3
  26 0.6375 288.12 305.362
  27 0.6625 287.644 299.718
  28 0.6875 287.65 308.991
  29 0.7125 288.608 300.934
  30 0.7375 288.412 301.255
  31 0.7625 288.158 303.837
  32 0.7875 288.446 295.753
  33 0.8125 288.238 297.759
  34 0.8375 288.282 300.042
  35 0.8625 288.094 299.504
  36 0.8875 287.382 303.061
  37 0.9125 287.724 298.045
  38 0.9375 288.72 287.15
  39 0.9625 287.084 285.361
  40 0.9875 287.45 285.382
215000 40 11519.999999999998
  1 0.0125 288.812 280.1
  2 0.0375 288.45 290.74
  3 0.0625 287.996 299.296
  4 0.0875 288.608 290.391
  5 0.1125 287.86 291.167
  6 0.1375 288.392 291.872
  7 0.1625 287.752 298.484
  8 0.1875 287.93 293.747
  9 0.2125 287.796 292.517
  10 0.2375 288.002 298.599
  11 0.2625 287.484 299.868
  12 0.2875 287.342 302.616
  13 0.3125 288.328 301.633
  14 0.3375 287.676 298.702
  15 0.3625 288.268 292.308
  16 0.3875 287.504 301.845
  17 0.4125 287.954 301.337
  18 0.4375 288.104 304.016
  19 0.4625 288.332 306.112
  20 0.4875 288.064 309.32
  21 0.5125 289.03 319.975
  22 0.5375 288.08 315.832
  23 0.5625 287.704 315.408
  24 0.5875 287.718 310.768
  25 0.6125 287.85 308.697
  26 0.6375 287.856 306.879
  27 0.6625 288.342 306.1
  28 0.6875 287.544 300.727
  29 0.7125 288.286 300.833
  30 0.7375 287.958 296.314
  31 0.7625 287.868 294.752
  32 0.7875 287.29 290.333
  33 0.8125 287.63 294.438
  34 0.8375 287.686 297.893
  35 0.8625 288.264 302.721
  36 0.8875 287.754 299.3
  37 0.9125 287.824 283.518
  38 0.9375 288.55 288.42
  39 0.9625 287.97 286.199
  40 0.9875 288.142 284.513
220000 40 11519.999999999996
  1 0.0125 287.658 290.903
  2 0.0375 287.802 288.368
  3 0.0625 288.05 281.465
  4 0.0875 287.63 284.47
  5 0.1125 288.034 291.957
  6 0.1375 287.286 284.728
  7 0.1625 288.066 285.421
  8 0.1875 288.212 298.776
  9 0.2125 288.02 293.948
  10 0.2375 288.314 296.414
  11 0.2625 287.176 307.379
  12 0.2875 288.154 300.33
  13 0.3125 288.166 296.004
  14 0.3375 288.168 300.565
  15 0.3625 288.12 300.477
  16 0.3875 288.012 302.085
  17 0.4125 288.344 302.898
  18 0.4375 288.27 300.05
  19 0.4625 287.074 315.765
  20 0.4875 288.476 311.596
  21 0.5125 287.71 313.093
  22 0.5375 288.498 315.776
  23 0.5625 288.084 316.214
  24 0.5875 288.262 308.126
  25 0.6125 287.594 302.031
  26 0.6375 288.1 300.55
  27 0.6625 287.99 299.59
  28 0.6875 287.948 304.08
  29 0.7125 287.986 301.102
  30 0.7375 288.166 305.474
  31 0.7625 288.022 304.98
  32 0.7875 288.676 300.113
  33 0.8125 287.212 301.642
  34 0.8375 288.126 296.346
  35 0.8625 288.5 297.319
  36 0.8875 288.27 294.781
  37 0.9125 288.032 291.054
  38 0.9375 287.898 284.342
  39 0.9625 288.148 288.746
  40 0.9875 287.746 289.702
225000 40 11519.999999999998
  1 0.0125 288.268 293.793
  2 0.0375 288.246 279.59
  3 0.0625 288.166 280.488
  4 0.0875 288.072 284.981
  5 0.1125 288.6 285.84
  6 0.1375 287.208 278.462
  7 0.1625 288.052 282.12
  8 0.1875 287.408 284.409
  9 0.2125 287.844 295.479
  10 0.2375 288.054 305.686
  11 0.2625 288.142 304.435
  12 0.2875 287.438 296.449
  13 0.3125 287.318 301.491
  14 0.3375 287.822 299.389
  15 0.3625 287.874 304.879
  16 0.3875 287.432 306.634
  17 0.4125 288.042 305.455
  18 0.4375 288.104 308.032
  19 0.4625 288.192 314.465
  20 0.4875 288.26 310.307
  21 0.5125 287.73 301.625
  22 0.5375 288.444 310.419
  23 0.5625 288.458 319.801
  24 0.5875 288.358 316.897
  25 0.6125 287.822 311.31
  26 0.6375 287.776 300.607
  27 0.6625 288.66 302.83
  28 0.6875 287.92 305.936
  29 0.7125 288.988 301.903
  30 0.7375 288.34 298.725
  31 0.7625 287.622 296.749
  32 0.7875 287.434 300.169
  33 0.8125 288.566 296.89
  34 0.8375 287.054 303.394
  35 0.8625 287.542 296.842
  36 0.8875 287.59 291.589
  37 0.9125 287.68 288.276
  38 0.9375 288.398 291.596
  39 0.9625 288.282 296.228
  40 0.9875 288.794 295.061
230000 40 11519.999999999998
  1 0.0125 288.116 280.694
  2 0.0375 288.054 277.816
  3 0.0625 288.954 278.368
  4 0.0875 287.41 280.195
  5 0.1125 288.888 275.9
  6 0.1375 287.95 287.828
  7 0.1625 287.61 294.541
  8 0.1875 288.308 299.247
  9 0.2125 288.642 295.539
  10 0.2375 288.564 297.47
  11 0.2625 287.91 303.215
  12 0.2875 288.858 306.495
  13 0.3125 288.534 308.977
  14 0.3375 286.878 312.534
  15 0.3625 288.648 315.653
  16 0.3875 287.866 310.699
  17 0.4125 288.114 306.795
  18 0.4375 288.424 306.237
  19 0.4625 287.416 307.946
  20 0.4875 287.89 306.333
  21 0.5125 287.596 306.08
  22 0.5375 287.668 310.834
  23 0.5625 288.64 311.32
  24 0.5875 287.33 311.84
  25 0.6125 287.548 315.117
  26 0.6375 287.888 304.653
  27 0.6625 287.572 310.675
  28 0.6875 288.034 303.964
  29 0.7125 287.882 302.377
  30 0.7375 287.748 300.943
  31 0.7625 288.212 292.752
  32 0.7875 287.648 298.784
  33 0.8125 287.364 301.247
  34 0.8375 288.304 288.552
  35 0.8625 287.634 286.729
  36 0.8875 288.022 290.412
  37 0.9125 287.558 295.282
  38 0.9375 287.672 290.473
  39 0.9625 288.27 286.646
  40 0.9875 288.376 287.96
235000 40 11520
  1 0.0125 287.728 275.426
  2 0.0375 287.224 276.756
  3 0.0625 287.344 277.779
  4 0.0875 287.832 280.845
  5 0.1125 287.328 282.646
  6 0.1375 288.42 289.682
  7 0.1625 288.382 298.339
  8 0.1875 288.084 302.322
  9 0.2125 288.192 297.559
  10 0.2375 288.194 293.418
  11 0.2625 288.69 299.143
  12 0.2875 288.054 302.244
  13 0.3125 288.03 302.808
  14 0.3375 287.586 302.413
  15 0.3625 288.544 309.832
  16 0.3875 288.216 317.431
  17 0.4125 288.66 303.839
  18 0.4375 288.06 302.265
  19 0.4625 287.538 307.214
  20 0.4875 288.504 311.366
  21 0.5125 288.744 309.176
  22 0.5375 288.574 312.051
  23 0.5625 287.838 317.271
  24 0.5875 287.818 313.675
  25 0.6125 288.13 309.829
  26 0.6375 287.156 305.001
  27 0.6625 288.72 305.295
  28 0.6875 287.896 305.375
  29 0.7125 287.964 308.037
  30 0.7375 287.66 307.653
  31 0.7625 287.852 300.039
  32 0.7875 288.206 295.22
  33 0.8125 287.868 292.032
  34 0.8375 288.276 292.745
  35 0.8625 287.538 295.769
  36 0.8875 287.364 298.154
  37 0.9125 288.126 293.118
  38 0.9375 288.114 289.456
  39 0.9625 287.702 283.411
  40 0.9875 287.844 282.451
240000 40 11519.999999999996
  1 0.0125 287.12 281.497
  2 0.0375 288.292 279.963
  3 0.0625 288.54 279.39
  4 0.0875 288.186 285.076
  5 0.1125 288.544 287.184
  6 0.1375 287.492 294.871
  7 0.1625 288.37 292.376
  8 0.1875 288.874 290.467
  9 0.2125 288.022 289.571
  10 0.2375 288.292 291.613
  11 0.2625 289.032 299.673
  12 0.2875 287.566 313.967
  13 0.3125 288.626 308.905
  14 0.3375 287.588 304.99
  15 0.3625 288.322 295.71
  16 0.3875 287.68 301.614
  17 0.4125 288.182 303.108
  18 0.4375 288.64 304.395
  19 0.4625 287.588 304.866
  20 0.4875 288.27 310.22
  21 0.5125 287.494 317.624
  22 0.5375 287.848 314.814
  23 0.5625 288.352 317.661
  24 0.5875 287.91 316.085
  25 0.6125 287.85 313.534
  26 0.6375 287.412 304.483
  27 0.6625 287.676 307.059
  28 0.6875 287.638 305.001
  29 0.7125 287.222 298.987
  30 0.7375 287.38 300.879
  31 0.7625 288.056 298.529
  32 0.7875 288.13 289.026
  33 0.8125 288.284 291.368
  34 0.8375 287.272 292.585
  35 0.8625 287.362 301.357
  36 0.8875 288.318 292.29
  37 0.9125 288.052 301.904
  38 0.9375 287.828 299.241
  39 0.9625 288.68 286.039
  40 0.9875 288.01 281.382
245000 40 11520
  1 0.0125 287.256 287.984
  2 0.0375 288.106 283.094
  3 0.0625 288.574 284.623
  4 0.0875 287.408 284.723
  5 0.1125 288.434 288.505
  6 0.1375 288.282 291.546
  7 0.1625 287.464 290.006
  8 0.1875 287.9 296.331
  9 0.2125 288.414 292.014
  10 0.2375 287.568 298.206
  11 0.2625 287.926 304.068
  12 0.2875 288.492 298.299
  13 0.3125 288.238 297.318
  14 0.3375 287.854 294.643
  15 0.3625 287.894 299.013
  16 0.3875 287.732 298.616
  17 0.4125 288.308 304.776
  18 0.4375 288.096 306.048
  19 0.4625 288.246 307.418
  20 0.4875 287.98 311.303
  21 0.5125 287.82 313.295
  22 0.5375 287.86 312.843
  23 0.5625 287.218 312.827
  24 0.5875 287.804 318.276
  25 0.6125 287.176 318.473
  26 0.6375 287.068 308.436
  27 0.6625 287.682 301.876
  28 0.6875 288.348 300.252
  29 0.7125 287.894 297.362
  30 0.7375 288.636 296.625
  31 0.7625 288.038 296.023
  32 0.7875 287.5 287.822
  33 0.8125 287.958 299.262
  34 0.8375 288.836 305.478
  35 0.8625 288.478 301.436
  36 0.8875 287.912 295.621
  37 0.9125 288.85 295.948
  38 0.9375 288.244 288.921
  39 0.9625 288.008 292.621
  40 0.9875 288.498 288.112
250000 40 11519.999999999996
  1 0.0125 287.94 284.577
  2 0.0375 288.146 279.904
  3 0.0625 288.056 279.383
  4 0.0875 287.996 283.176
  5 0.1125 287.65 290.23
  6 0.1375 288.3 291.128
  7 0.1625 287.504 287.385
  8 0.1875 287.684 297.077
  9 0.2125 287.438 298.671
  10 0.2375 288.156 297.55
  11 0.2625 288.07 303.421
  12 0.2875 288.868 300.422
  13 0.3125 288.138 299.982
  14 0.3375 287.95 302.152
  15 0.3625 288.604 301.963
  16 0.3875 288.212 299.078
  17 0.4125 288.322 304.565
  18 0.4375 287.916 305.548
  19 0.4625 288.09 301.512
  20 0.4875 287.476 312.383
  21 0.5125 288.408 314.365
  22 0.5375 288.088 308.508
  23 0.5625 287.016 313.571
  24 0.5875 287.554 313.614
  25 0.6125 287.684 313.425
  26 0.6375 287.996 315.275
  27 0.6625 287.834 311.175
  28 0.6875 288.518 310.18
  29 0.7125 288.802 302.778
  30 0.7375 287.952 302.969
  31 0.7625 288.442 298.582
  32 0.7875 287.826 290.852
  33 0.8125 287.928 300.62
  34 0.8375 288.996 297.196
  35 0.8625 287.596 292.559
  36 0.8875 287.592 287.279
  37 0.9125 288.38 287.51
  38 0.9375 286.97 292.846
  39 0.9625 287.33 291.579
  40 0.9875 288.572 284.243
255000 40 11519.999999999998
  1 0.0125 288.112 283.042
  2 0.0375 287.786 278.815
  3 0.0625 288.038 278.521
  4 0.0875 287.742 280.813
  5 0.1125 288.43 288.385
  6 0.1375 287.94 287.647
  7 0.1625 288.108 288.388
  8 0.1875 288.778 301.725
  9 0.2125 288.216 294.905
  10 0.2375 288.214 294.936
  11 0.2625 287.568 299.913
  12 0.2875 288.244 298.323
  13 0.3125 288.288 300.715
  14 0.3375 288.286 304.789
  15 0.3625 288.41 299.058
  16 0.3875 289.006 303.037
  17 0.4125 288.32 296.922
  18 0.4375 288.47 307.425
  19 0.4625 287.54 308.52
  20 0.4875 287.572 313.788
  21 0.5125 287.334 325.459
  22 0.5375 288.12 327.651
  23 0.5625 286.85 328.253
  24 0.5875 288.492 320.069
  25 0.6125 287.456 314.196
  26 0.6375 287.688 318.722
  27 0.6625 288.012 305.569
  28 0.6875 287.202 303.911
  29 0.7125 288.512 302.596
  30 0.7375 287.72 303.62
  31 0.7625 288.274 292.167
  32 0.7875 288.254 288.939
  33 0.8125 287.92 298.203
  34 0.8375 288.2 293.106
  35 0.8625 287.514 283.256
  36 0.8875 287.91 285.549
  37 0.9125 287.606 290.666
  38 0.9375 287.998 287.048
  39 0.9625 287.578 285.586
  40 0.9875 288.292 285.975
260000 40 11520.000000000002
  1 0.0125 287.768 283.852
  2 0.0375 288.456 285.66
  3 0.0625 288.01 289.54
  4 0.0875 287.878 286.099
  5 0.1125 289.25 281.039
  6 0.1375 287.932 290.739
  7 0.1625 287.936 295.699
  8 0.1875 288.088 291.271
  9 0.2125 287.136 297.834
  10 0.2375 288.084 295.426
  11 0.2625 288.146 291.826
  12 0.2875 287.636 294.879
  13 0.3125 287.716 298.712
  14 0.3375 288.216 299.374
  15 0.3625 289.02 297.937
  16 0.3875 287.952 310.379
  17 0.4125 288.264 300.923
  18 0.4375 287.878 301.715
  19 0.4625 287.86 303.318
  20 0.4875 287.508 310.631
  21 0.5125 288.034 320.227
  22 0.5375 287.506 311.251
  23 0.5625 287.492 321.501
  24 0.5875 287.702 319.577
  25 0.6125 288.156 317.017
  26 0.6375 288.09 318.697
  27 0.6625 288.112 311.684
  28 0.6875 287.614 306.155
  29 0.7125 288.798 306.374
  30 0.7375 288.34 297.114
  31 0.7625 288.278 298.788
  32 0.7875 287.742 294.177
  33 0.8125 288.02 293.577
  34 0.8375 287.556 295.341
  35 0.8625 287.504 295.067
  36 0.8875 287.802 285.417
  37 0.9125 288.132 288.748
  38 0.9375 288.388 291.101
  39 0.9625 288.574 286.204
  40 0.9875 287.426 283.953
265000 40 11520
  1 0.0125 288.638 285.15
  2 0.0375 288.608 281.107
  3 0.0625 288.124 281.151
  4 0.0875 287.852 283.804
  5 0.1125 288.152 293.555
  6 0.1375 287.67 290.708
  7 0.1625 288.12 287.573
  8 0.1875 287.328 295.266
  9 0.2125 288.362 291.112
  10 0.2375 287.942 290.74
  11 0.2625 287.928 293.421
  12 0.2875 287.728 298.997
  13 0.3125 287.996 300.696
  14 0.3375 287.924 300.87
  15 0.3625 287.726 299.173
  16 0.3875 288.35 309.871
  17 0.4125 287.856 297.296
  18 0.4375 288.086 294.634
  19 0.4625 288.13 300.777
  20 0.4875 287.61 309.998
  21 0.5125 288.436 316.219
  22 0.5375 287.572 313.224
  23 0.5625 287.766 318
  24 0.5875 287.846 318.37
  25 0.6125 287.864 320.939
  26 0.6375 288.544 318.504
  27 0.6625 287.086 309.026
  28 0.6875 287.56 300.87
  29 0.7125 287.696 304.985
  30 0.7375 288.38 298.332
  31 0.7625 288.196 302.085
  32 0.7875 288.366 298.127
  33 0.8125 288.214 293.398
  34 0.8375 287.866 297.063
  35 0.8625 287.424 299.493
  36 0.8875 288.644 293.343
  37 0.9125 287.9 299.149
  38 0.9375 287.87 293.588
  39 0.9625 288.32 281.196
  40 0.9875 288.32 287.927
270000 40 11520.000000000002
  1 0.0125 288.046 280.232
  2 0.0375 287.908 281.148
  3 0.0625 288.788 284.604
  4 0.0875 288.238 287.202
  5 0.1125 288.066 291.033
  6 0.1375 288.232 288.892
  7 0.1625 288.444 291.828
  8 0.1875 288.218 297.125
  9 0.2125 288.1 292.033
  10 0.2375 287.902 293.885
  11 0.2625 287.382 289.253
  12 0.2875 287.938 292.802
  13 0.3125 288.052 294.485
  14 0.3375 287.7 296.208
  15 0.3625 288.644 297.581
  16 0.3875 287.51 302.08
  17 0.4125 287.656 305.401
  18 0.4375 288.124 304.241
  19 0.4625 287.874 309.182
  20 0.4875 288.12 306.899
  21 0.5125 288.124 310.856
  22 0.5375 287.924 321.527
  23 0.5625 287.294 319.402
  24 0.5875 287.62 324.027
  25 0.6125 288.356 313.177
  26 0.6375 287.36 311.016
  27 0.6625 287.842 303.646
  28 0.6875 287.396 304.044
  29 0.7125 287.372 299.768
  30 0.7375 287.842 299.36
  31 0.7625 287.838 298.209
  32 0.7875 288.174 297.219
  33 0.8125 288.326 298.744
  34 0.8375 287.494 299.051
  35 0.8625 288.01 295.258
  36 0.8875 288.968 297.038
  37 0.9125 288.224 302.164
  38 0.9375 287.44 293.075
  39 0.9625 288.72 289.951
  40 0.9875 288.734 284.641
275000 40 11520
  1 0.0125 287.992 286.544
  2 0.0375 287.798 287.275
  3 0.0625 288.04 282.494
  4 0.0875 288.466 284.551
  5 0.1125 287.75 276.309
  6 0.1375 287.802 284.415
  7 0.1625 288.152 288.827
  8 0.1875 288.19 294.723
  9 0.2125 288.172 296.576
  10 0.2375 287.598 300.578
  11 0.2625 287.674 295.973
  12 0.2875 288.552 296.773
  13 0.3125 287.898 303.443
  14 0.3375 288.434 305.697
  15 0.3625 286.962 294.53
  16 0.3875 288.142 295.096
  17 0.4125 287.818 297.91
  18 0.4375 287.904 303.815
  19 0.4625 288.198 305.261
  20 0.4875 287.59 301.697
  21 0.5125 288.212 312.674
  22 0.5375 287.958 322.854
  23 0.5625 287.82 322.076
  24 0.5875 288.924 320.52
  25 0.6125 288.164 310.393
  26 0.6375 288.098 306.273
  27 0.6625 287.584 311.293
  28 0.6875 287.482 306.144
  29 0.7125 287.876 303.988
  30 0.7375 287.8 294.634
  31 0.7625 287.508 292.877
  32 0.7875 287.932 296.7
  33 0.8125 288.768 299.933
  34 0.8375 288.304 302.671
  35 0.8625 288.384 296.446
  36 0.8875 289.13 300.244
  37 0.9125 288.024 294.115
  38 0.9375 286.956 292.22
  39 0.9625 288.272 291.889
  40 0.9875 287.672 288.556
280000 40 11519.999999999996
  1 0.0125 288.39 284.274
  2 0.0375 288.296 282.46
  3 0.0625 288.348 282.682
  4 0.0875 288.458 282.04
  5 0.1125 287.692 277.578
  6 0.1375 288.208 285.655
  7 0.1625 287.698 302.849
  8 0.1875 288.21 296.427
  9 0.2125 288.502 288.129
  10 0.2375 287.716 289.098
  11 0.2625 288.45 293.536
  12 0.2875 288.248 291.835
  13 0.3125 288.254 295.538
  14 0.3375 288.426 299.212
  15 0.3625 288.146 301.819
  16 0.3875 286.86 309.51
  17 0.4125 287.326 306.998
  18 0.4375 287.612 301.336
  19 0.4625 287.8 310.684
  20 0.4875 287.626 309.805
  21 0.5125 287.77 310.088
  22 0.5375 288.106 313.807
  23 0.5625 287.16 315.606
  24 0.5875 288.566 307.366
  25 0.6125 287.58 308.78
  26 0.6375 287.9 302.88
  27 0.6625 287.722 307.553
  28 0.6875 287.866 313.731
  29 0.7125 288.084 309.076
  30 0.7375 287.892 310.016
  31 0.7625 288.952 304.975
  32 0.7875 289.01 300.52
  33 0.8125 287.502 298.115
  34 0.8375 288.534 296.598
  35 0.8625 287.934 297.133
  36 0.8875 286.452 300.784
  37 0.9125 288.578 291.832
  38 0.9375 288.344 292.357
  39 0.9625 288.34 293.272
  40 0.9875 287.442 283.288
285000 40 11519.999999999998
  1 0.0125 287.722 282.816
  2 0.0375 288.312 282.223
  3 0.0625 287.406 286.362
  4 0.0875 288.21 279.426
  5 0.1125 287.97 278.351
  6 0.1375 287.478 287.451
  7 0.1625 289.076 299.195
  8 0.1875 287.86 291.876
  9 0.2125 287.98 291.862
  10 0.2375 288.832 294.765
  11 0.2625 288.026 297.885
  12 0.2875 287.492 298.929
  13 0.3125 287.768 301.857
  14 0.3375 288.146 296.103
  15 0.3625 287.992 297.203
  16 0.3875 287.706 308.766
  17 0.4125 287.48 307.81
  18 0.4375 287.69 304.254
  19 0.4625 287.614 310.484
  20 0.4875 288.404 314.6
  21 0.5125 287.688 316.376
  22 0.5375 287.842 318.461
  23 0.5625 287.572 311.635
  24 0.5875 287.76 308.549
  25 0.6125 288.784 304.491
  26 0.6375 289.144 300.298
  27 0.6625 287.956 303.375
  28 0.6875 288.346 303.31
  29 0.7125 288.03 306.255
  30 0.7375 287.64 309.445
  31 0.7625 288.822 304.727
  32 0.7875 287.652 303.152
  33 0.8125 288.6 303.273
  34 0.8375 288.026 300.96
  35 0.8625 287.688 289.257
  36 0.8875 287.928 289.282
  37 0.9125 287.478 289.318
  38 0.9375 288.006 286.727
  39 0.9625 288.03 295.408
  40 0.9875 287.844 292.569
290000 40 11520.000000000002
  1 0.0125 288.994 286.973
  2 0.0375 288.174 276.844
  3 0.0625 288.046 278.854
  4 0.0875 288.188 285.269
  5 0.1125 287.734 291.329
  6 0.1375 287.588 284.871
  7 0.1625 288.044 289.127
  8 0.1875 288.558 297.245
  9 0.2125 288.238 293.337
  10 0.2375 287.61 295.621
  11 0.2625 288.198 293.632
  12 0.2875 288.058 293.485
  13 0.3125 287.716 295.711
  14 0.3375 287.984 297.972
  15 0.3625 287.514 303.338
  16 0.3875 288.12 299.049
  17 0.4125 288.042 302.162
  18 0.4375 287.75 305.018
  19 0.4625 288.424 307.41
  20 0.4875 287.868 311.547
  21 0.5125 288.276 314.73
  22 0.5375 287.782 309.933
  23 0.5625 287.696 311.84
  24 0.5875 288.684 310.997
  25 0.6125 287.53 302.857
  26 0.6375 287.592 307.624
  27 0.6625 288.464 310.37
  28 0.6875 288.202 303.87
  29 0.7125 287.742 299.371
  30 0.7375 288.47 299.946
  31 0.7625 288.154 306.677
  32 0.7875 287.672 300.052
  33 0.8125 287.888 302.458
  34 0.8375 288.296 296.923
  35 0.8625 287.606 298.577
  36 0.8875 287.79 298.595
  37 0.9125 287.628 293.953
  38 0.9375 287.608 300.972
  39 0.9625 288.08 298.981
  40 0.9875 287.992 290.571
295000 40 11520
  1 0.0125 288.95 281.703
  2 0.0375 288.33 288.686
  3 0.0625 288.452 287.611
  4 0.0875 288.448 282.955
  5 0.1125 287.716 292.051
  6 0.1375 288.05 293.086
  7 0.1625 288.446 290.608
  8 0.1875 288.174 287.402
  9 0.2125 287.936 285.662
  10 0.2375 288.074 290.862
  11 0.2625 288.942 287.217
  12 0.2875 287.71 297.471
  13 0.3125 287.494 300.742
  14 0.3375 286.804 306.782
  15 0.3625 288.376 297.592
  16 0.3875 287.208 298.547
  17 0.4125 287.704 304.37
  18 0.4375 287.864 304.695
  19 0.4625 287.436 306.816
  20 0.4875 287.996 316.482
  21 0.5125 287.484 319.55
  22 0.5375 287.662 318.257
  23 0.5625 287.938 321.408
  24 0.5875 287.464 318.141
  25 0.6125 287.954 310.801
  26 0.6375 287.5 308.337
  27 0.6625 288.07 304.151
  28 0.6875 287.68 303.871
  29 0.7125 288.576 295.242
  30 0.7375 287.36 288.543
  31 0.7625 288.354 287.715
  32 0.7875 288.412 289.591
  33 0.8125 288.118 300.644
  34 0.8375 287.726 302.519
  35 0.8625 288.186 296.806
  36 0.8875 287.854 300.703
  37 0.9125 288.94 301.216
  38 0.9375 288.414 297.757
  39 0.9625 288.008 296.25
  40 0.9875 288.19 286.004
300000 40 11520.000000000002
  1 0.0125 288.818 283.335
  2 0.0375 288.062 280.772
  3 0.0625 287.97 280.651
  4 0.0875 287.752 286.648
  5 0.1125 287.962 285.836
  6 0.1375 287.926 291.821
  7 0.1625 288.61 288.956
  8 0.1875 287.696 294.253
  9 0.2125 287.782 288.679
  10 0.2375 287.104 287.189
  11 0.2625 288.596 291.452
  12 0.2875 288.134 293.589
  13 0.3125 287.376 296.772
  14 0.3375 288.876 309.089
  15 0.3625 287.79 312.407
  16 0.3875 288.256 307.173
  17 0.4125 288.348 309.602
  18 0.4375 287.936 314.012
  19 0.4625 287.974 315.238
  20 0.4875 288.694 304.215
  21 0.5125 287.73 312.83
  22 0.5375 288.034 316.36
  23 0.5625 287.476 317.439
  24 0.5875 288.282 314.947
  25 0.6125 287.624 311.769
  26 0.6375 287.81 311.523
  27 0.6625 287.606 307.108
  28 0.6875 287.628 295.362
  29 0.7125 288.672 299.546
  30 0.7375 287.346 296.729
  31 0.7625 288.084 298.913
  32 0.7875 288.38 298.175
  33 0.8125 288.602 300.06
  34 0.8375 288.614 297.939
  35 0.8625 287.254 294.706
  36 0.8875 287.316 300.118
  37 0.9125 288.39 293.026
  38 0.9375 288.298 286.104
  39 0.9625 288.054 286.307
  40 0.9875 287.138 287.974
305000 40 11520
  1 0.0125 287.996 282.204
  2 0.0375 287.956 280.309
  3 0.0625 287.59 285.641
  4 0.0875 288.974 279.762
  5 0.1125 287.53 287.585
  6 0.1375 287.802 291.418
  7 0.1625 287.992 292.567
  8 0.1875 286.98 288.787
  9 0.2125 289.34 292.634
  10 0.2375 288.436 293.983
  11 0.2625 288.466 290.299
  12 0.2875 287.944 293.555
  13 0.3125 288.69 305.97
  14 0.3375 288.124 311.862
  15 0.3625 288.266 308.804
  16 0.3875 287.6 304.636
  17 0.4125 287.956 309.827
  18 0.4375 287.904 306.114
  19 0.4625 288.17 305.035
  20 0.4875 287.148 315.999
  21 0.5125 288.518 319.089
  22 0.5375 287.92 312.168
  23 0.5625 287.708 321.067
  24 0.5875 287.23 320.644
  25 0.6125 287.192 302.478
  26 0.6375 288.614 305.013
  27 0.6625 287.684 301.178
  28 0.6875 288.434 304.38
  29 0.7125 288.284 297.093
  30 0.7375 287.438 300.957
  31 0.7625 288.676 294.97
  32 0.7875 288.09 291.534
  33 0.8125 287.324 290.623
  34 0.8375 288.542 300.89
  35 0.8625 287.742 294.686
  36 0.8875 287.634 297.722
  37 0.9125 287.812 296.145
  38 0.9375 288.516 293.339
  39 0.9625 287.838 287.849
  40 0.9875 287.94 289.874
310000 40 11520.000000000002
  1 0.0125 287.6 288.009
  2 0.0375 288.214 287.479
  3 0.0625 287.892 289.683
  4 0.0875 287.928 288.363
  5 0.1125 288.346 289.504
  6 0.1375 288.558 294.425
  7 0.1625 287.664 294.85
  8 0.1875 288.368 299.459
  9 0.2125 287.974 304.275
  10 0.2375 287.596 298.492
  11 0.2625 287.812 300.198
  12 0.2875 288.37 300.213
  13 0.3125 287.51 301.51
  14 0.3375 287.312 300.925
  15 0.3625 287.914 298.879
  16 0.3875 288.304 305.573
  17 0.4125 288.496 308.967
  18 0.4375 286.662 307.377
  19 0.4625 287.724 302.881
  20 0.4875 287.24 309.31
  21 0.5125 287.916 320.617
  22 0.5375 287.794 315.367
  23 0.5625 287.98 313.755
  24 0.5875 288.76 305.773
  25 0.6125 288.094 304.679
  26 0.6375 288.17 305.272
  27 0.6625 288.136 312.5
  28 0.6875 288.498 308.799
  29 0.7125 287.64 304.541
  30 0.7375 288.344 301.528
  31 0.7625 288.678 297.849
  32 0.7875 287.49 287.497
  33 0.8125 288.23 280.92
  34 0.8375 288.636 288.845
  35 0.8625 288.12 285.204
  36 0.8875 287.958 288.556
  37 0.9125 288.216 292.602
  38 0.9375 287.748 291.861
  39 0.9625 288.334 291.627
  40 0.9875 287.774 279.874
315000 40 11520.000000000004
  1 0.0125 287.504 279.411
  2 0.0375 288.3 279.864
  3 0.0625 287.228 288.017
  4 0.0875 287.382 285.594
  5 0.1125 287.524 294.027
  6 0.1375 288.316 287.15
  7 0.1625 287.952 293.669
  8 0.1875 287.808 296.247
  9 0.2125 287.806 305.895
  10 0.2375 288.564 303.752
  11 0.2625 287.89 302.674
  12 0.2875 287.978 293.532
  13 0.3125 288.194 291.783
  14 0.3375 287.89 302.142
  15 0.3625 287.824 300.778
  16 0.3875 288.796 303.367
  17 0.4125 287.446 309.269
  18 0.4375 287.964 310.965
  19 0.4625 288.478 315.303
  20 0.4875 288.528 314.773
  21 0.5125 288.874 314.669
  22 0.5375 287.93 320.298
  23 0.5625 288.236 317.183
  24 0.5875 287.976 312.005
  25 0.6125 287.946 304.045
  26 0.6375 288.448 299.129
  27 0.6625 288.47 305.5
  28 0.6875 288.438 302.712
  29 0.7125 288.294 303.145
  30 0.7375 288.706 298.171
  31 0.7625 288.29 287.781
  32 0.7875 287.424 288.29
  33 0.8125 288.216 297.983
  34 0.8375 287.626 293.476
  35 0.8625 287.356 288.652
  36 0.8875 287.32 292.164
  37 0.9125 287.886 294.789
  38 0.9375 287.76 296.472
  39 0.9625 287.752 288.877
  40 0.9875 287.68 285.931
320000 40 11519.999999999996
  1 0.0125 288 282.003
  2 0.0375 287.76 289.569
  3 0.0625 287.8 294.037
  4 0.0875 288.088 293.149
  5 0.1125 287.808 289.434
  6 0.1375 288.034 289.413
  7 0.1625 288.034 291.447
  8 0.1875 287.956 296.261
  9 0.2125 287.938 293.411
  10 0.2375 287.86 293.226
  11 0.2625 286.806 294.994
  12 0.2875 287.834 298.165
  13 0.3125 288.066 299.773
  14 0.3375 287.538 301.497
  15 0.3625 288.672 304.335
  16 0.3875 287.868 309.689
  17 0.4125 287.678 306.547
  18 0.4375 288.428 307.457
  19 0.4625 287.77 306.122
  20 0.4875 288.004 312.27
  21 0.5125 288.592 318.428
  22 0.5375 287.918 314.531
  23 0.5625 288.548 313.334
  24 0.5875 286.75 313.455
  25 0.6125 287.672 303.402
  26 0.6375 288.602 308.405
  27 0.6625 288.332 301.31
  28 0.6875 288.45 305.882
  29 0.7125 287.67 306.048
  30 0.7375 288.036 303.255
  31 0.7625 288.16 291.686
  32 0.7875 288.636 293.776
  33 0.8125 288.264 295.082
  34 0.8375 287.964 298.697
  35 0.8625 288.252 290.755
  36 0.8875 288.32 286.197
  37 0.9125 288.362 293.592
  38 0.9375 287.844 294.064
  39 0.9625 288.016 286.542
  40 0.9875 287.67 280.173
325000 40 11520
  1 0.0125 288.288 286.415
  2 0.0375 288.046 283.942
  3 0.0625 288.456 285.374
  4 0.0875 287.9 288.651
  5 0.1125 287.94 290.835
  6 0.1375 287.28 295.661
  7 0.1625 287.604 290.025
  8 0.1875 287.03 298.481
  9 0.2125 287.576 294.78
  10 0.2375 287.398 301.012
  11 0.2625 287.782 300.191
  12 0.2875 287.906 300.587
  13 0.3125 287.862 297.302
  14 0.3375 288.036 300.439
  15 0.3625 288.016 300.399
  16 0.3875 287.614 308.935
  17 0.4125 287.706 304.742
  18 0.4375 287.498 305.492
  19 0.4625 288.49 304.356
  20 0.4875 288.12 311.982
  21 0.5125 287.894 313.156
  22 0.5375 288.356 313.242
  23 0.5625 288.01 312.618
  24 0.5875 288.188 307.36
  25 0.6125 288.61 303.978
  26 0.6375 288.194 309.138
  27 0.6625 288.542 306.298
  28 0.6875 288.344 309.067
  29 0.7125 288.078 303.27
  30 0.7375 288.704 294.594
  31 0.7625 287.65 289.551
  32 0.7875 288.902 295.751
  33 0.8125 287.858 292.943
  34 0.8375 288.048 292.484
  35 0.8625 288.062 290.396
  36 0.8875 288.032 293.231
  37 0.9125 288.126 292.433
  38 0.9375 287.766 293.803
  39 0.9625 288.164 293.269
  40 0.9875 287.924 294.07
330000 40 11519.999999999998
  1 0.0125 287.838 279.782
  2 0.0375 287.706 277.599
  3 0.0625 288.87 277.689
  4 0.0875 287.608 291.58
  5 0.1125 288.55 293.334
  6 0.1375 287.74 294.278
  7 0.1625 288.258 294.219
  8 0.1875 288.454 297.538
  9 0.2125 288.262 300.599
  10 0.2375 288.744 296.339
  11 0.2625 287.782 303.81
  12 0.2875 288.904 308.32
  13 0.3125 288.13 300.366
  14 0.3375 288.23 296.688
  15 0.3625 287.146 304.515
  16 0.3875 287.578 309.632
  17 0.4125 287.964 305.247
  18 0.4375 288.326 306.496
  19 0.4625 287.196 317.225
  20 0.4875 287.824 321.411
  21 0.5125 288.672 318.044
  22 0.5375 288.828 319.254
  23 0.5625 287.954 318.396
  24 0.5875 288.282 314.423
  25 0.6125 287.4 307.729
  26 0.6375 287.366 303.004
  27 0.6625 288.474 289.959
  28 0.6875 287.4 299.937
  29 0.7125 287.708 296.189
  30 0.7375 288.18 298.459
  31 0.7625 287.932 297.48
  32 0.7875 288.22 290.243
  33 0.8125 288.336 290.71
  34 0.8375 287.63 288.292
  35 0.8625 287.486 286.752
  36 0.8875 287.578 288.162
  37 0.9125 288.15 297.174
  38 0.9375 287 291.401
  39 0.9625 288.384 288.62
  40 0.9875 287.91 289.931
335000 40 11520
  1 0.0125 288.684 283.591
  2 0.0375 287.516 279.113
  3 0.0625 288.078 279.813
  4 0.0875 287.678 286.248
  5 0.1125 288.708 284.848
  6 0.1375 288.272 282.722
  7 0.1625 288.16 292.502
  8 0.1875 287.436 290.121
  9 0.2125 288.484 297.6
  10 0.2375 287.172 305.425
  11 0.2625 287.75 300.729
  12 0.2875 288.406 294.225
  13 0.3125 287.984 289.264
  14 0.3375 288.464 292.342
  15 0.3625 287.972 311.074
  16 0.3875 287.268 311.458
  17 0.4125 287.436 310.411
  18 0.4375 287.526 311.382
  19 0.4625 287.92 312.069
  20 0.4875 287.648 313.486
  21 0.5125 287.778 314.322
  22 0.5375 287.54 314.127
  23 0.5625 287.984 312.044
  24 0.5875 288.1 314.567
  25 0.6125 287.942 319.616
  26 0.6375 287.958 311.93
  27 0.6625 288.334 304.107
  28 0.6875 287.586 300.469
  29 0.7125 288.03 302.675
  30 0.7375 288.09 295.266
  31 0.7625 288.302 297.132
  32 0.7875 288.156 297.702
  33 0.8125 288.054 294.112
  34 0.8375 287.978 295.154
  35 0.8625 288.36 290.731
  36 0.8875 288.362 294.023
  37 0.9125 288.518 294.705
  38 0.9375 287.902 288.133
  39 0.9625 288.636 292.982
  40 0.9875 287.828 287.564
340000 40 11520
  1 0.0125 288.07 284.042
  2 0.0375 287.984 277.522
  3 0.0625 288.162 277.916
  4 0.0875 288.498 283.868
  5 0.1125 288.02 294.451
  6 0.1375 288.694 289.307
  7 0.1625 287.72 295.53
  8 0.1875 287.568 299.378
  9 0.2125 287.756 299.797
  10 0.2375 288.708 295.317
  11 0.2625 288.198 294.471
  12 0.2875 287.652 282.677
  13 0.3125 288.228 295.073
  14 0.3375 288.766 298.771
  15 0.3625 288.264 303.854
  16 0.3875 287.386 301.169
  17 0.4125 288.62 305.104
  18 0.4375 287.856 306.154
  19 0.4625 287.594 317.221
  20 0.4875 287.748 312.769
  21 0.5125 287.546 315.063
  22 0.5375 288.11 315.988
  23 0.5625 287.932 311.279
  24 0.5875 287.804 311.468
  25 0.6125 287.516 317.542
  26 0.6375 288.226 320.101
  27 0.6625 287.684 307.159
  28 0.6875 288.244 303.2
  29 0.7125 288.242 303.645
  30 0.7375 288.236 299.166
  31 0.7625 288.07 298.419
  32 0.7875 287.818 301.281
  33 0.8125 287.478 301.59
  34 0.8375 287.76 297.456
  35 0.8625 287.912 290.552
  36 0.8875 287.482 288.522
  37 0.9125 287.832 290.796
  38 0.9375 287.986 283.33
  39 0.9625 288.272 291.295
  40 0.9875 288.358 286.457
345000 40 11519.999999999998
  1 0.0125 288.72 280.194
  2 0.0375 287.878 275.059
  3 0.0625 288.238 274.077
  4 0.0875 289.078 279.06
  5 0.1125 288.01 290.489
  6 0.1375 287.234 289.999
  7 0.1625 287.892 290.483
  8 0.1875 287.79 291.01
  9 0.2125 288.332 285.962
  10 0.2375 287.512 296.666
  11 0.2625 287.832 300.016
  12 0.2875 288.254 296.898
  13 0.3125 288.756 300.167
  14 0.3375 287.852 299.956
  15 0.3625 288.208 303.365
  16 0.3875 288.852 303.865
  17 0.4125 287.252 307.134
  18 0.4375 288.194 311.733
  19 0.4625 288.008 313.268
  20 0.4875 288.094 317.351
  21 0.5125 287.75 318.036
  22 0.5375 287.004 309.742
  23 0.5625 287.456 320.133
  24 0.5875 287.63 314.426
  25 0.6125 287.5 308.226
  26 0.6375 287.972 309.382
  27 0.6625 287.834 310.139
  28 0.6875 287.462 304.192
  29 0.7125 287.642 305.289
  30 0.7375 287.714 306.342
  31 0.7625 287.9 296.105
  32 0.7875 287.114 296.394
  33 0.8125 288.334 293.217
  34 0.8375 287.748 295.208
  35 0.8625 288.22 290.118
  36 0.8875 288.58 299.193
  37 0.9125 289.314 295.565
  38 0.9375 288.32 295.443
  39 0.9625 288.222 291.949
  40 0.9875 288.298 284.846
350000 40 11520.000000000002
  1 0.0125 288.726 282.985
  2 0.0375 287.622 285.83
  3 0.0625 288.324 281.469
  4 0.0875 287.466 288.106
  5 0.1125 287.846 288.719
  6 0.1375 288.536 291.206
  7 0.1625 287.87 291.68
  8 0.1875 287.532 291.683
  9 0.2125 288.818 284.493
  10 0.2375 288.126 286.427
  11 0.2625 287.982 294.629
  12 0.2875 287.802 300.018
  13 0.3125 287.41 299.754
  14 0.3375 288.686 303.307
  15 0.3625 287.952 308.124
  16 0.3875 288.384 310.626
  17 0.4125 288.212 306.262
  18 0.4375 287.638 307.561
  19 0.4625 288.124 307.11
  20 0.4875 287.828 311.216
  21 0.5125 288.242 311.135
  22 0.5375 287.374 318.042
  23 0.5625 288.062 311.582
  24 0.5875 288.494 309.54
  25 0.6125 287.364 301.104
  26 0.6375 288.492 309.347
  27 0.6625 287.902 306.946
  28 0.6875 288.07 305.178
  29 0.7125 287.16 304.578
  30 0.7375 287.968 296.7
  31 0.7625 288.362 297.719
  32 0.7875 287.53 298.471
  33 0.8125 287.754 297.345
  34 0.8375 287.906 294.104
  35 0.8625 288.74 295.402
  36 0.8875 288.152 296.542
  37 0.9125 287.794 297.2
  38 0.9375 288.548 294.397
  39 0.9625 287.732 294.284
  40 0.9875 287.47 290.225
355000 40 11520
  1 0.0125 288.364 291.098
  2 0.0375 288.194 286.671
  3 0.0625 287.52 277.62
  4 0.0875 288.094 278.944
  5 0.1125 287.322 285.912
  6 0.1375 288.33 289.561
  7 0.1625 288.248 292.299
  8 0.1875 288.298 294.093
  9 0.2125 288.708 296.224
  10 0.2375 289.054 298.063
  11 0.2625 288.976 297.359
  12 0.2875 288.142 298.503
  13 0.3125 288.134 303.276
  14 0.3375 288.104 303.966
  15 0.3625 287.388 294.138
  16 0.3875 287.694 301.797
  17 0.4125 287.976 308.298
  18 0.4375 287.234 302.713
  19 0.4625 287.482 307.021
  20 0.4875 288.182 305.751
  21 0.5125 287.168 306.2
  22 0.5375 288.254 309.892
  23 0.5625 287.512 312.441
  24 0.5875 287.878 315.511
  25 0.6125 288.392 306.105
  26 0.6375 288.27 304.331
  27 0.6625 288.094 301.209
  28 0.6875 287.84 300.682
  29 0.7125 288.062 294.615
  30 0.7375 287.624 303.334
  31 0.7625 287.746 303.273
  32 0.7875 287.75 303.171
  33 0.8125 288.522 303.003
  34 0.8375 287.946 303.001
  35 0.8625 287.988 298.87
  36 0.8875 287.644 298.607
  37 0.9125 287.654 295.883
  38 0.9375 288.122 294.543
  39 0.9625 288.416 290.933
  40 0.9875 287.674 291.112
360000 40 11520
  1 0.0125 288.004 278.136
  2 0.0375 288.736 275.647
  3 0.0625 287.404 276.992
  4 0.0875 288.684 278.331
  5 0.1125 287.976 283.804
  6 0.1375 287.798 290.679
  7 0.1625 288.252 292.852
  8 0.1875 287.382 296.617
  9 0.2125 289.03 305.414
  10 0.2375 287.574 300.056
  11 0.2625 288.008 293.773
  12 0.2875 287.582 303.847
  13 0.3125 287.9 294.996
  14 0.3375 288.554 297.149
  15 0.3625 288.138 302.554
  16 0.3875 287.504 307.008
  17 0.4125 288.672 304.217
  18 0.4375 287.788 307.322
  19 0.4625 287.522 311.109
  20 0.4875 287.54 309.438
  21 0.5125 286.966 315.118
  22 0.5375 287.026 307.042
  23 0.5625 287.86 307.21
  24 0.5875 287.518 312.623
  25 0.6125 288.192 309.574
  26 0.6375 288.654 303.256
  27 0.6625 287.954 296.196
  28 0.6875 288.208 299.479
  29 0.7125 288.448 300.884
  30 0.7375 288.642 307.563
  31 0.7625 288.268 305.283
  32 0.7875 287.59 303.595
  33 0.8125 288.496 311.253
  34 0.8375 288.518 307.655
  35 0.8625 287.878 304.48
  36 0.8875 287.94 298.043
  37 0.9125 287.92 293.678
  38 0.9375 287.998 289.764
  39 0.9625 287.97 284.241
  40 0.9875 287.906 283.005
365000 40 11519.999999999998
  1 0.0125 288.456 281.885
  2 0.0375 288.24 275.887
  3 0.0625 288.51 275.674
  4 0.0875 287.796 280.798
  5 0.1125 288.282 286.44
  6 0.1375 287.654 287.223
  7 0.1625 288.246 294.371
  8 0.1875 287.42 296.672
  9 0.2125 288.55 296.047
  10 0.2375 288.14 295.26
  11 0.2625 287.846 300.563
  12 0.2875 288.41 299.759
  13 0.3125 288.316 300.447
  14 0.3375 286.956 311.119
  15 0.3625 288.208 308.013
  16 0.3875 288.556 298.696
  17 0.4125 287.93 302.073
  18 0.4375 288.052 300.461
  19 0.4625 287.812 297.582
  20 0.4875 287.83 307.402
  21 0.5125 287.416 311.139
  22 0.5375 287.948 310.37
  23 0.5625 287.434 312.373
  24 0.5875 287.982 312.268
  25 0.6125 288.046 306.726
  26 0.6375 287.688 307.556
  27 0.6625 287.884 308.865
  28 0.6875 288.096 306.117
  29 0.7125 287.934 300.667
  30 0.7375 287.388 303.575
  31 0.7625 288.22 303.882
  32 0.7875 287.836 307.724
  33 0.8125 287.892 297.682
  34 0.8375 288.198 298.048
  35 0.8625 288.142 300.296
  36 0.8875 287.996 294.505
  37 0.9125 287.622 292.686
  38 0.9375 288.066 296.395
  39 0.9625 288.796 294.286
  40 0.9875 288.206 287.961
370000 40 11520.000000000002
  1 0.0125 287.264 281.674
  2 0.0375 288.302 272.985
  3 0.0625 288.25 268.87
  4 0.0875 287.548 279.708
  5 0.1125 288.108 287.813
  6 0.1375 288.456 287.7
  7 0.1625 287.988 296.974
  8 0.1875 288.716 303.777
  9 0.2125 287.816 298.473
  10 0.2375 288.476 298.16
  11 0.2625 287.982 305.853
  12 0.2875 288.504 304.238
  13 0.3125 288.438 301.838
  14 0.3375 287.898 304.229
  15 0.3625 287.92 307.445
  16 0.3875 287.98 308.382
  17 0.4125 288.652 310.514
  18 0.4375 288.894 305.376
  19 0.4625 287.074 304.857
  20 0.4875 288.318 311.75
  21 0.5125 287.764 312.189
  22 0.5375 287.828 309.308
  23 0.5625 287.814 305.669
  24 0.5875 288.378 305.223
  25 0.6125 287.51 309.922
  26 0.6375 288.33 302.66
  27 0.6625 288 305.343
  28 0.6875 287.474 306.939
  29 0.7125 287.306 305.764
  30 0.7375 287.708 298.984
  31 0.7625 287.882 300.274
  32 0.7875 288.07 300.876
  33 0.8125 287.86 295.512
  34 0.8375 288.536 292.324
  35 0.8625 287.814 300.708
  36 0.8875 287.634 293.951
  37 0.9125 287.256 291.025
  38 0.9375 287.874 289.079
  39 0.9625 288.118 294.299
  40 0.9875 288.26 290.623
375000 40 11519.999999999996
  1 0.0125 287.246 284.06
  2 0.0375 287.712 279.962
  3 0.0625 287.934 282.307
  4 0.0875 288.292 284.378
  5 0.1125 288.23 284.435
  6 0.1375 288.45 290.299
  7 0.1625 287.326 292.285
  8 0.1875 288.17 291.707
  9 0.2125 288.35 292.416
  10 0.2375 287.95 289.755
  11 0.2625 287.45 301.594
  12 0.2875 287.742 312.65
  13 0.3125 287.514 306.786
  14 0.3375 287.864 304.22
  15 0.3625 287.832 303.549
  16 0.3875 288.31 304.913
  17 0.4125 287.888 309.653
  18 0.4375 288.33 307.446
  19 0.4625 288.512 316.323
  20 0.4875 287.93 312.363
  21 0.5125 287.978 320.615
  22 0.5375 287.964 317.563
  23 0.5625 288.426 320.294
  24 0.5875 288.362 308.996
  25 0.6125 287.866 302.72
  26 0.6375 287.708 307.674
  27 0.6625 287.76 301.65
  28 0.6875 288.104 296.665
  29 0.7125 288.14 297.967
  30 0.7375 287.702 297.176
  31 0.7625 288.042 300.344
  32 0.7875 288.174 296.03
  33 0.8125 287.976 293.201
  34 0.8375 288.418 294.388
  35 0.8625 287.746 302.241
  36 0.8875 287.926 296.905
  37 0.9125 288.508 289.424
  38 0.9375 288.032 285.796
  39 0.9625 288.548 282.677
  40 0.9875 287.588 286.693
380000 40 11519.999999999996
  1 0.0125 287.61 284.475
  2 0.0375 288.476 283.565
  3 0.0625 288.18 282.896
  4 0.0875 288.518 285.411
  5 0.1125 288.186 290.07
  6 0.1375 288.486 295.09
  7 0.1625 288.206 291.275
  8 0.1875 288.35 290.539
  9 0.2125 287.458 294.479
  10 0.2375 287.888 292.127
  11 0.2625 287.71 293.816
  12 0.2875 288.596 297.439
  13 0.3125 287.992 294.135
  14 0.3375 287.676 293.844
  15 0.3625 288.628 301.598
  16 0.3875 287.16 306.211
  17 0.4125 288.596 308.634
  18 0.4375 287.186 311.919
  19 0.4625 287.642 307.342
  20 0.4875 288.832 310.252
  21 0.5125 288.18 320.019
  22 0.5375 287.294 325.577
  23 0.5625 288.45 316.654
  24 0.5875 287.512 322.296
  25 0.6125 288.47 311.697
  26 0.6375 287.502 310.359
  27 0.6625 287.676 305.294
  28 0.6875 288.5 299.064
  29 0.7125 287.902 299.807
  30 0.7375 288.854 298.162
  31 0.7625 287.442 302.4
  32 0.7875 287.938 296.964
  33 0.8125 287.97 298.991
  34 0.8375 288.052 296.019
  35 0.8625 287.472 289.097
  36 0.8875 288.364 286.951
  37 0.9125 287.47 287.8
  38 0.9375 288.154 290.006
  39 0.9625 287.498 293.272
  40 0.9875 287.924 284.284
385000 40 11520
  1 0.0125 287.906 281.175
  2 0.0375 288.618 276.742
  3 0.0625 287.446 281.032
  4 0.0875 287.638 287.353
  5 0.1125 287.532 288.014
  6 0.1375 288.786 289.213
  7 0.1625 288.13 285.627
  8 0.1875 288.542 289.202
  9 0.2125 288.072 294.332
  10 0.2375 288.098 301.187
  11 0.2625 288.028 300.049
  12 0.2875 288.422 303.852
  13 0.3125 287.808 298.65
  14 0.3375 287.418 304.662
  15 0.3625 288.192 307.229
  16 0.3875 287.424 305.144
  17 0.4125 288.472 309.535
  18 0.4375 288.216 311.103
  19 0.4625 287.616 309.792
  20 0.4875 288.45 303.021
  21 0.5125 287.62 307.462
  22 0.5375 288.298 318.854
  23 0.5625 287.226 316.82
  24 0.5875 287.59 312.915
  25 0.6125 287.462 309.688
  26 0.6375 287.924 314.508
  27 0.6625 289.17 309.424
  28 0.6875 287.834 297.171
  29 0.7125 288.044 297.729
  30 0.7375 288.294 300.034
  31 0.7625 287.914 298.141
  32 0.7875 287.616 294.366
  33 0.8125 287.95 298.52
  34 0.8375 288.144 297.337
  35 0.8625 288.07 301.221
  36 0.8875 288.354 288.902
  37 0.9125 288.166 289.127
  38 0.9375 287.96 291.108
  39 0.9625 288.046 292.876
  40 0.9875 287.504 286.482
390000 40 11520
  1 0.0125 287.646 284.238
  2 0.0375 288.49 278.955
  3 0.0625 288.704 275.691
  4 0.0875 287.768 283.533
  5 0.1125 287.682 286.16
  6 0.1375 288.01 286.75
  7 0.1625 287.862 292.069
  8 0.1875 287.812 296.324
  9 0.2125 288.904 297.458
  10 0.2375 288.188 296.195
  11 0.2625 287.422 293.136
  12 0.2875 287.904 303.399
  13 0.3125 288.098 304.266
  14 0.3375 287.902 303.693
  15 0.3625 288.464 315.417
  16 0.3875 287.81 307.526
  17 0.4125 287.492 306.127
  18 0.4375 288.104 317.901
  19 0.4625 288.026 311.022
  20 0.4875 287.652 312.331
  21 0.5125 288.742 310.691
  22 0.5375 287.954 313.09
  23 0.5625 287.356 315.824
  24 0.5875 287.53 308.914
  25 0.6125 287.87 305.347
  26 0.6375 288.192 305.49
  27 0.6625 287.812 299.12
  28 0.6875 288.112 296.496
  29 0.7125 287.77 297.134
  30 0.7375 288.674 299.761
  31 0.7625 288.334 304.798
  32 0.7875 287.96 301.232
  33 0.8125 287.698 299.071
  34 0.8375 287.464 291.802
  35 0.8625 287.808 290.615
  36 0.8875 288.202 292.815
  37 0.9125 288.456 294.208
  38 0.9375 287.9 288.402
  39 0.9625 287.918 292.687
  40 0.9875 288.308 291.004
395000 40 11520
  1 0.0125 288.262 282.588
  2 0.0375 287.712 276.288
  3 0.0625 287.39 270.817
  4 0.0875 287.658 273.737
  5 0.1125 288.076 280.883
  6 0.1375 287.386 287.877
  7 0.1625 286.838 292.444
  8 0.1875 287.258 294.437
  9 0.2125 288.348 290.136
  10 0.2375 288.778 294.313
  11 0.2625 287.656 295.688
  12 0.2875 288.714 303.408
  13 0.3125 288.192 311.517
  14 0.3375 288.178 308.014
  15 0.3625 288.19 308.171
  16 0.3875 289.06 313.411
  17 0.4125 287.764 314.484
  18 0.4375 287.61 313.356
  19 0.4625 288.702 308.376
  20 0.4875 287.766 307.301
  21 0.5125 288.388 318.874
  22 0.5375 288.376 316.77
  23 0.5625 288.386 320.216
  24 0.5875 287.842 305.88
  25 0.6125 288.016 299.703
  26 0.6375 288.552 303.925
  27 0.6625 288.81 309.306
  28 0.6875 287.974 304.481
  29 0.7125 288.16 300.6
  30 0.7375 288.586 298.07
  31 0.7625 287.414 302.565
  32 0.7875 286.836 304.313
  33 0.8125 287.522 300.595
  34 0.8375 287.854 297.777
  35 0.8625 287.784 291.241
  36 0.8875 287.936 292.651
  37 0.9125 288.58 290.001
  38 0.9375 287.548 289.81
  39 0.9625 288.43 289.116
  40 0.9875 287.468 287.215
400000 40 11520
  1 0.0125 287.994 280.199
  2 0.0375 287.686 277.031
  3 0.0625 288.568 278.224
  4 0.0875 288.146 288.486
  5 0.1125 287.964 291.269
  6 0.1375 288.042 292.986
  7 0.1625 288.128 290.458
  8 0.1875 287.06 290.193
  9 0.2125 287.706 296.391
  10 0.2375 287.376 299.64
  11 0.2625 288.002 306.008
  12 0.2875 287.938 305.829
  13 0.3125 287.978 310.096
  14 0.3375 287.252 305.972
  15 0.3625 287.682 305.187
  16 0.3875 288.046 304.351
  17 0.4125 286.998 308.099
  18 0.4375 288.09 308.294
  19 0.4625 287.46 301.27
  20 0.4875 288.22 298.649
  21 0.5125 287.98 311.657
  22 0.5375 288.208 314.189
  23 0.5625 287.486 313.73
  24 0.5875 289.164 305.693
  25 0.6125 288.478 305.383
  26 0.6375 288.308 302.232
  27 0.6625 288.288 298.509
  28 0.6875 288.544 306.013
  29 0.7125 288.186 309.301
  30 0.7375 288.196 304.823
  31 0.7625 288.186 310.861
  32 0.7875 288.54 307.702
  33 0.8125 287.742 294.891
  34 0.8375 288.542 291.478
  35 0.8625 287.942 290.62
  36 0.8875 288.49 297.966
  37 0.9125 287.884 297.469
  38 0.9375 287.976 289.057
  39 0.9625 288.01 281.935
  40 0.9875 287.514 277.562
405000 40 11519.999999999998
  1 0.0125 287.906 280.643
  2 0.0375 288.002 275.452
  3 0.0625 287.462 278.354
  4 0.0875 288.794 289.504
  5 0.1125 288.8 290.981
  6 0.1375 288.228 292.85
  7 0.1625 287.954 289.931
  8 0.1875 288.15 284.388
  9 0.2125 288.904 295.111
  10 0.2375 288.392 296.636
  11 0.2625 288.752 299.633
  12 0.2875 288.666 302.44
  13 0.3125 287.77 305.817
  14 0.3375 288.182 309.693
  15 0.3625 288.062 308.643
  16 0.3875 287.828 310.192
  17 0.4125 288.628 310.8
  18 0.4375 287.912 306.307
  19 0.4625 288.22 302.499
  20 0.4875 288.336 305.179
  21 0.5125 287.442 318.677
  22 0.5375 287.636 313.437
  23 0.5625 287.746 311.249
  24 0.5875 288.18 309.321
  25 0.6125 287.498 302.238
  26 0.6375 287.374 290.189
  27 0.6625 287.464 295.671
  28 0.6875 287.992 297.526
  29 0.7125 287.402 304.716
  30 0.7375 287.912 302.25
  31 0.7625 287.05 303.802
  32 0.7875 288.456 299.699
  33 0.8125 288.27 301.03
  34 0.8375 287.684 297.564
  35 0.8625 287.988 300.365
  36 0.8875 287.734 302.61
  37 0.9125 287.206 299.619
  38 0.9375 288.18 289.73
  39 0.9625 287.592 285.282
  40 0.9875 288.246 289.493
410000 40 11520
  1 0.0125 288.348 280.217
  2 0.0375 288.522 279.102
  3 0.0625 287.88 281.875
  4 0.0875 288.596 280.995
  5 0.1125 287.916 287.813
  6 0.1375 287.852 293.089
  7 0.1625 287.86 295.352
  8 0.1875 288.078 295.485
  9 0.2125 288.028 294.575
  10 0.2375 288.122 300.517
  11 0.2625 288.084 298.768
  12 0.2875 288.354 301.822
  13 0.3125 287.722 316.565
  14 0.3375 287.8 298.406
  15 0.3625 288.078 303.895
  16 0.3875 288.55 306.922
  17 0.4125 287.55 310.846
  18 0.4375 287.722 308.452
  19 0.4625 287.47 310.757
  20 0.4875 287.558 308.364
  21 0.5125 288.18 314.835
  22 0.5375 287.81 316.712
  23 0.5625 287.236 311.886
  24 0.5875 287.726 308.518
  25 0.6125 287.706 310.645
  26 0.6375 288.218 296.577
  27 0.6625 288.162 305.175
  28 0.6875 288.282 296.167
  29 0.7125 287.464 298.997
  30 0.7375 288.796 303.05
  31 0.7625 287.544 306.491
  32 0.7875 288.024 301.758
  33 0.8125 288.432 299.86
  34 0.8375 287.56 294.927
  35 0.8625 287.8 291.522
  36 0.8875 288.546 294.911
  37 0.9125 288.954 290.957
  38 0.9375 287.558 289.267
  39 0.9625 288.244 281.333
  40 0.9875 287.668 282.915
415000 40 11519.999999999996
  1 0.0125 288.268 275.59
  2 0.0375 287.97 277.538
  3 0.0625 288.576 278.774
  4 0.0875 287.322 280.384
  5 0.1125 288.01 290.882
  6 0.1375 287.922 292.355
  7 0.1625 287.872 298.307
  8 0.1875 287.572 289.692
  9 0.2125 288.044 296.348
  10 0.2375 287.85 300.712
  11 0.2625 287.872 308.558
  12 0.2875 288.166 308.02
  13 0.3125 287.49 304.753
  14 0.3375 287.85 302.069
  15 0.3625 287.942 295.091
  16 0.3875 288.412 294.599
  17 0.4125 287.016 308.333
  18 0.4375 287.69 305.382
  19 0.4625 287.898 316.02
  20 0.4875 287.16 313.518
  21 0.5125 287.718 315.988
  22 0.5375 288.096 319.611
  23 0.5625 288.086 318.682
  24 0.5875 287.356 320.722
  25 0.6125 288.006 307.753
  26 0.6375 287.834 299.535
  27 0.6625 288.266 304.106
  28 0.6875 287.936 300.404
  29 0.7125 288.486 306.741
  30 0.7375 288.07 305.995
  31 0.7625 288.416 300.564
  32 0.7875 287.956 305.223
  33 0.8125 288.27 299.031
  34 0.8375 288.666 295.168
  35 0.8625 288.55 292.095
  36 0.8875 288.624 288.599
  37 0.9125 287.738 288.714
  38 0.9375 287.816 282.632
  39 0.9625 288.81 280.37
  40 0.9875 288.398 281.284
420000 40 11519.999999999998
  1 0.0125 288.172 278.337
  2 0.0375 288.44 285.961
  3 0.0625 288.644 285.969
  4 0.0875 287.576 285.695
  5 0.1125 288.562 284.29
  6 0.1375 288.634 285.965
  7 0.1625 288.658 290.36
  8 0.1875 287.962 291.05
  9 0.2125 287.81 289.528
  10 0.2375 287.184 295.052
  11 0.2625 287.482 298.092
  12 0.2875 287.302 299.481
  13 0.3125 288.166 298.91
  14 0.3375 288.088 303.397
  15 0.3625 288.64 299.592
  16 0.3875 288.502 311.659
  17 0.4125 288.658 309.161
  18 0.4375 288.348 309.557
  19 0.4625 288.062 315.181
  20 0.4875 288.156 312.485
  21 0.5125 288.026 324.311
  22 0.5375 287.624 313.46
  23 0.5625 287.916 317.156
  24 0.5875 287.85 316.982
  25 0.6125 288.264 304.336
  26 0.6375 288.126 302.69
  27 0.6625 287.652 300.473
  28 0.6875 288.424 298.879
  29 0.7125 287.514 297.538
  30 0.7375 287.89 300.523
  31 0.7625 287.344 301.842
  32 0.7875 287.752 298.246
  33 0.8125 287.48 299.398
  34 0.8375 287.298 301.98
  35 0.8625 288.296 296.559
  36 0.8875 287.39 288.917
  37 0.9125 287.71 294.905
  38 0.9375 288.086 291.718
  39 0.9625 288.036 288.25
  40 0.9875 288.276 280.754
425000 40 11520.000000000002
  1 0.0125 289 282.831
  2 0.0375 288.014 281.123
  3 0.0625 288.136 283.72
  4 0.0875 287.34 285.009
  5 0.1125 288.376 285.873
  6 0.1375 287.972 296.496
  7 0.1625 287.606 302.92
  8 0.1875 287.984 293.592
  9 0.2125 288.254 291.82
  10 0.2375 287.57 295.609
  11 0.2625 287.91 297.016
  12 0.2875 287.182 301.391
  13 0.3125 287.566 302.624
  14 0.3375 288.16 302.828
  15 0.3625 287.348 303.904
  16 0.3875 288.692 308.442
  17 0.4125 287.274 311.188
  18 0.4375 288.754 312.209
  19 0.4625 287.674 311.96
  20 0.4875 287.716 307.862
  21 0.5125 287.64 313.25
  22 0.5375 289.026 312.626
  23 0.5625 287.332 312.447
  24 0.5875 288.31 313.392
  25 0.6125 288.23 308.821
  26 0.6375 288.134 307.858
  27 0.6625 288.406 301.22
  28 0.6875 287.97 298.17
  29 0.7125 287.908 300.302
  30 0.7375 287.444 296.285
  31 0.7625 288.346 295.853
  32 0.7875 287.812 298.086
  33 0.8125 287.95 299.79
  34 0.8375 287.834 297.886
  35 0.8625 288.51 299.014
  36 0.8875 288.032 293.684
  37 0.9125 287.384 286.55
  38 0.9375 288.842 281.823
  39 0.9625 288.378 287.001
  40 0.9875 287.984 286.853
430000 40 11519.999999999996
  1 0.0125 288.088 277.179
  2 0.0375 288.772 282.161
  3 0.0625 287.408 277.246
  4 0.0875 288.208 281.856
  5 0.1125 288.002 285.755
  6 0.1375 287.908 291.82
  7 0.1625 288.674 294.305
  8 0.1875 288.98 295.962
  9 0.2125 288.204 295.152
  10 0.2375 288.23 302.737
  11 0.2625 288.898 302.195
  12 0.2875 288.08 300.556
  13 0.3125 288.196 304.39
  14 0.3375 289.064 309.242
  15 0.3625 288.2 310.244
  16 0.3875 288.35 308.697
  17 0.4125 287.61 316.04
  18 0.4375 288.124 307.303
  19 0.4625 288.216 309.32
  20 0.4875 288.146 305.674
  21 0.5125 287.944 313.193
  22 0.5375 287.172 312.739
  23 0.5625 287.63 311.933
  24 0.5875 288.27 313.661
  25 0.6125 287.6 312.556
  26 0.6375 287.464 300.084
  27 0.6625 287.584 308.592
  28 0.6875 287.036 304.48
  29 0.7125 288.066 301.284
  30 0.7375 287.174 301.529
  31 0.7625 287.88 286.861
  32 0.7875 287.574 289.608
  33 0.8125 287.666 291.369
  34 0.8375 287.312 303.605
  35 0.8625 288.338 299.577
  36 0.8875 287.64 297.283
  37 0.9125 287.782 290.642
  38 0.9375 288.292 287.123
  39 0.9625 288.43 280.418
  40 0.9875 287.788 284.628
435000 40 11520.000000000002
  1 0.0125 288.254 279.78
  2 0.0375 287.458 286.146
  3 0.0625 288.832 285.886
  4 0.0875 288.156 287.69
  5 0.1125 288.486 288.636
  6 0.1375 288.084 288.48
  7 0.1625 288.706 294.678
  8 0.1875 287.74 294.598
  9 0.2125 287.532 300.738
  10 0.2375 288.096 302.092
  11 0.2625 288.174 300.728
  12 0.2875 288.114 305.716
  13 0.3125 287.9 302.303
  14 0.3375 287.486 305.119
  15 0.3625 287.368 305.748
  16 0.3875 288.35 308.145
  17 0.4125 287.224 302.574
  18 0.4375 288.71 308.306
  19 0.4625 287.054 305.988
  20 0.4875 288.288 310.853
  21 0.5125 287.658 312.474
  22 0.5375 287.44 307.23
  23 0.5625 287.428 310.39
  24 0.5875 287.854 302.284
  25 0.6125 287.742 314.829
  26 0.6375 288.408 307.933
  27 0.6625 287.674 305.864
  28 0.6875 287.974 300.294
  29 0.7125 288.398 299.251
  30 0.7375 287.858 306.982
  31 0.7625 288.16 300.052
  32 0.7875 287.928 297.872
  33 0.8125 289.134 298.224
  34 0.8375 287.598 294.16
  35 0.8625 288.476 287.535
  36 0.8875 288.13 290.946
  37 0.9125 287.662 291.392
  38 0.9375 288.146 287.013
  39 0.9625 287.488 286.402
  40 0.9875 288.832 284.924
440000 40 11520
  1 0.0125 287.892 290.444
  2 0.0375 288.228 281.08
  3 0.0625 288.524 282.261
  4 0.0875 288.44 291.863
  5 0.1125 287.944 297.806
  6 0.1375 288.176 294.648
  7 0.1625 288.4 297.34
  8 0.1875 287.91 296.049
  9 0.2125 287.51 300.387
  10 0.2375 287.948 301.879
  11 0.2625 288.416 303.78
  12 0.2875 287.296 302.196
  13 0.3125 287.576 295.255
  14 0.3375 287.94 303.817
  15 0.3625 287.42 302.859
  16 0.3875 286.968 309.618
  17 0.4125 288.126 296.791
  18 0.4375 287.41 302.387
  19 0.4625 287.888 309.949
  20 0.4875 288.356 310.749
  21 0.5125 288.266 313.664
  22 0.5375 287.83 308.279
  23 0.5625 287.672 310.524
  24 0.5875 288.168 304.809
  25 0.6125 287.568 307.553
  26 0.6375 287.71 302.779
  27 0.6625 287.936 303.332
  28 0.6875 288.324 302.625
  29 0.7125 288.25 296.435
  30 0.7375 288.31 287.073
  31 0.7625 288.182 291.041
  32 0.7875 288.378 295.838
  33 0.8125 288.386 293.699
  34 0.8375 288.708 298.503
  35 0.8625 287.974 298.372
  36 0.8875 287.67 300.363
  37 0.9125 287.924 294.714
  38 0.9375 288.324 294.965
  39 0.9625 288.13 286.58
  40 0.9875 287.922 287.171
445000 40 11520.000000000002
  1 0.0125 287.822 284.285
  2 0.0375 287.362 282.835
  3 0.0625 287.966 277.32
  4 0.0875 288.21 284.554
  5 0.1125 287.934 293.707
  6 0.1375 288.084 299.732
  7 0.1625 287.348 301.405
  8 0.1875 288.234 300.294
  9 0.2125 288.14 298.643
  10 0.2375 287.918 301.236
  11 0.2625 288.004 308.764
  12 0.2875 288.332 309.336
  13 0.3125 288.668 303.491
  14 0.3375 288.434 308.983
  15 0.3625 289.134 309.053
  16 0.3875 288.244 311.266
  17 0.4125 288.126 310.056
  18 0.4375 287.922 309.05
  19 0.4625 288.262 306.075
  20 0.4875 289.032 305.431
  21 0.5125 287.796 304.355
  22 0.5375 288.256 307.116
  23 0.5625 288.234 307.072
  24 0.5875 287.908 303.21
  25 0.6125 287.848 298.44
  26 0.6375 288.416 294.797
  27 0.6625 288.11 306.401
  28 0.6875 288.148 299.076
  29 0.7125 288.852 297.444
  30 0.7375 287.236 295.936
  31 0.7625 287.892 300.936
  32 0.7875 287.224 292.808
  33 0.8125 288.356 292.592
  34 0.8375 287.254 294.854
  35 0.8625 287.894 292.854
  36 0.8875 287.61 298.002
  37 0.9125 286.974 292.782
  38 0.9375 287.518 288.256
  39 0.9625 287.658 289.946
  40 0.9875 287.64 287.669
450000 40 11520.000000000002
  1 0.0125 288.296 282.221
  2 0.0375 287.644 278.187
  3 0.0625 287.338 285.824
  4 0.0875 287.528 291.765
  5 0.1125 287.75 298.5
  6 0.1375 288.124 306.338
  7 0.1625 287.258 302.973
  8 0.1875 287.73 299.399
  9 0.2125 287.204 290.226
  10 0.2375 287.572 289.419
  11 0.2625 287.456 302.946
  12 0.2875 287.438 305.347
  13 0.3125 287.616 301.658
  14 0.3375 286.96 304.381
  15 0.3625 288.104 311.97
  16 0.3875 287.792 312.946
  17 0.4125 287.476 306.663
  18 0.4375 288.134 307.219
  19 0.4625 288.274 301.929
  20 0.4875 288.08 299.937
  21 0.5125 288.088 305.405
  22 0.5375 288.894 314.22
  23 0.5625 287.876 317.044
  24 0.5875 288.488 312.54
  25 0.6125 287.812 298.374
  26 0.6375 288.672 290.288
  27 0.6625 288.448 299.428
  28 0.6875 288.402 302.18
  29 0.7125 287.952 301.697
  30 0.7375 289.03 301.622
  31 0.7625 287.742 309.427
  32 0.7875 288.814 298.073
  33 0.8125 289.21 291.832
  34 0.8375 288.166 293.89
  35 0.8625 288.554 290.908
  36 0.8875 288.022 287.266
  37 0.9125 288.42 286.763
  38 0.9375 287.584 291.469
  39 0.9625 287.706 291.216
  40 0.9875 288.346 286.699
455000 40 11519.999999999998
  1 0.0125 288.25 287.124
  2 0.0375 287.614 281.47
  3 0.0625 287.974 285.445
  4 0.0875 288.124 293.567
  5 0.1125 288.526 292.068
  6 0.1375 288.234 294.703
  7 0.1625 287.95 296.146
  8 0.1875 287.068 300.731
  9 0.2125 287.914 301.559
  10 0.2375 288.362 300.036
  11 0.2625 288.102 306.668
  12 0.2875 287.806 298.533
  13 0.3125 287.716 298.186
  14 0.3375 287.464 297.545
  15 0.3625 288.098 303.693
  16 0.3875 288.246 305.199
  17 0.4125 287.8 303.568
  18 0.4375 288.614 295.945
  19 0.4625 287.93 298.141
  20 0.4875 288.118 294.882
  21 0.5125 288.65 302.642
  22 0.5375 287.834 307.083
  23 0.5625 288.126 315.218
  24 0.5875 288.298 310.641
  25 0.6125 287.764 309.826
  26 0.6375 287.606 308.43
  27 0.6625 287.952 304.115
  28 0.6875 288.028 300.678
  29 0.7125 287.998 298.616
  30 0.7375 287.95 297.785
  31 0.7625 287.676 301.71
  32 0.7875 287.374 308.027
  33 0.8125 288.13 299.107
  34 0.8375 287.914 293.442
  35 0.8625 288.014 290.804
  36 0.8875 288.68 289.717
  37 0.9125 288.4 290.663
  38 0.9375 288.714 295.994
  39 0.9625 287.58 295.861
  40 0.9875 287.402 293.72
460000 40 11520
  1 0.0125 287.884 287.299
  2 0.0375 287.808 283.397
  3 0.0625 286.704 288.339
  4 0.0875 287.352 293.761
  5 0.1125 288.408 299.207
  6 0.1375 287.456 291.89
  7 0.1625 287.936 291.507
  8 0.1875 288.104 303.676
  9 0.2125 287.646 299.13
  10 0.2375 288.05 296.728
  11 0.2625 287.762 298.066
  12 0.2875 288.26 294.31
  13 0.3125 288.194 299.536
  14 0.3375 288.55 298.766
  15 0.3625 288.374 309.712
  16 0.3875 288.376 303.939
  17 0.4125 288.34 303.182
  18 0.4375 287.862 304.705
  19 0.4625 288.498 297.693
  20 0.4875 288.218 297.401
  21 0.5125 287.832 300.332
  22 0.5375 288.87 304.805
  23 0.5625 288.32 308.663
  24 0.5875 287.792 314.686
  25 0.6125 288.034 313.174
  26 0.6375 287.696 309.445
  27 0.6625 288.17 304.98
  28 0.6875 287.826 307.923
  29 0.7125 288.342 304.387
  30 0.7375 287.446 298.721
  31 0.7625 288.302 297.038
  32 0.7875 287.044 293.362
  33 0.8125 287.916 293.387
  34 0.8375 288.236 293.8
  35 0.8625 288.302 296.932
  36 0.8875 288.254 298.159
  37 0.9125 287.974 297.23
  38 0.9375 288.132 289.804
  39 0.9625 288.434 293.1
  40 0.9875 287.296 286.842
465000 40 11520
  1 0.0125 288.066 288.455
  2 0.0375 287.626 289.577
  3 0.0625 288.428 287.905
  4 0.0875 287.846 293.482
  5 0.1125 287.358 298.735
  6 0.1375 287.866 300.458
  7 0.1625 287.346 293.423
  8 0.1875 288.11 294.638
  9 0.2125 287.762 294.838
  10 0.2375 287.932 292.824
  11 0.2625 287.404 292.434
  12 0.2875 287.364 294.584
  13 0.3125 287.904 294.163
  14 0.3375 287.454 295.821
  15 0.3625 288.02 298.2
  16 0.3875 287.802 297.541
  17 0.4125 287.674 306.33
  18 0.4375 288.414 305.909
  19 0.4625 288.218 305.53
  20 0.4875 287.624 304.656
  21 0.5125 287.49 304.783
  22 0.5375 288.362 310.968
  23 0.5625 288.522 316.823
  24 0.5875 288.07 313.256
  25 0.6125 288.026 312.345
  26 0.6375 287.856 302.742
  27 0.6625 288.032 306.462
  28 0.6875 288.16 308.396
  29 0.7125 288.562 304.906
  30 0.7375 288.472 308.583
  31 0.7625 288.768 300.961
  32 0.7875 288.22 301.416
  33 0.8125 287.938 297.623
  34 0.8375 287.922 291.669
  35 0.8625 288.292 284.468
  36 0.8875 288.296 292.538
  37 0.9125 287.912 294.468
  38 0.9375 287.896 287.746
  39 0.9625 288.286 287.43
  40 0.9875 288.7 292.873
470000 40 11519.999999999996
  1 0.0125 288.006 291.159
  2 0.0375 287.882 294.915
  3 0.0625 287.612 289.645
  4 0.0875 287.604 287.926
  5 0.1125 288.122 286.014
  6 0.1375 287.934 291.393
  7 0.1625 287.922 300.398
  8 0.1875 288.308 292.752
  9 0.2125 287.642 294.554
  10 0.2375 287.082 293.924
  11 0.2625 288.366 294.822
  12 0.2875 287.784 299.212
  13 0.3125 288.304 300.917
  14 0.3375 287.93 302.683
  15 0.3625 288.442 292.054
  16 0.3875 288.48 295.631
  17 0.4125 287.884 301.745
  18 0.4375 289.268 306.727
  19 0.4625 288.358 306.395
  20 0.4875 289.218 308.969
  21 0.5125 288.524 312.203
  22 0.5375 287.81 322.147
  23 0.5625 288.37 313.456
  24 0.5875 287.65 309.663
  25 0.6125 288.286 302.805
  26 0.6375 287.37 296.655
  27 0.6625 287.596 310.953
  28 0.6875 288.244 310.765
  29 0.7125 287.898 301.474
  30 0.7375 287.82 297.881
  31 0.7625 287.212 299.861
  32 0.7875 288.172 304.266
  33 0.8125 287.46 297.163
  34 0.8375 288.462 292.784
  35 0.8625 287.114 292.574
  36 0.8875 287.13 288.207
  37 0.9125 287.694 293.476
  38 0.9375 288.21 293.154
  39 0.9625 288.568 286
  40 0.9875 288.262 292.193
475000 40 11520.000000000002
  1 0.0125 288.368 290.69
  2 0.0375 287.772 292.008
  3 0.0625 288.324 281.877
  4 0.0875 288.732 287.966
  5 0.1125 287.78 293.858
  6 0.1375 287.156 285.017
  7 0.1625 287.928 288.798
  8 0.1875 287.964 295.239
  9 0.2125 288.506 300.248
  10 0.2375 287.724 298.304
  11 0.2625 287.796 300.82
  12 0.2875 287.786 298.562
  13 0.3125 287.026 297.968
  14 0.3375 288.072 300.553
  15 0.3625 288.208 291.572
  16 0.3875 287.924 296.841
  17 0.4125 287.406 302.913
  18 0.4375 287.536 295.119
  19 0.4625 288.008 296.131
  20 0.4875 287.596 308.517
  21 0.5125 288.142 316.679
  22 0.5375 288.086 317.602
  23 0.5625 288.21 310.544
  24 0.5875 287.88 310.45
  25 0.6125 287.836 311.405
  26 0.6375 287.352 305.705
  27 0.6625 288.45 304.878
  28 0.6875 288.138 304.822
  29 0.7125 287.556 305.198
  30 0.7375 287.894 291.918
  31 0.7625 288.236 294.83
  32 0.7875 288.328 297.937
  33 0.8125 288.57 296.331
  34 0.8375 287.932 295.986
  35 0.8625 287.86 302.876
  36 0.8875 288.272 298.664
  37 0.9125 288.87 302.092
  38 0.9375 288.052 300.513
  39 0.9625 288.382 290.713
  40 0.9875 288.342 286.753
480000 40 11520.000000000002
  1 0.0125 288.882 281.69
  2 0.0375 288.096 284.1
  3 0.0625 288.318 277.977
  4 0.0875 288.472 288.506
  5 0.1125 287.624 287.578
  6 0.1375 288.338 292.594
  7 0.1625 288.224 293.632
  8 0.1875 288.016 298.527
  9 0.2125 288.474 298.616
  10 0.2375 288.102 294.632
  11 0.2625 287.528 292.554
  12 0.2875 287.472 284.543
  13 0.3125 288.438 288.641
  14 0.3375 287.486 296.701
  15 0.3625 287.866 295.633
  16 0.3875 287.612 299.248
  17 0.4125 287.578 302.234
  18 0.4375 287.932 299.938
  19 0.4625 287.57 301.758
  20 0.4875 288.074 306.4
  21 0.5125 287.698 305.314
  22 0.5375 287.452 312.31
  23 0.5625 287.976 311.789
  24 0.5875 288.212 312.535
  25 0.6125 287.946 314.829
  26 0.6375 287.444 313.08
  27 0.6625 288.928 308.811
  28 0.6875 287.398 308.663
  29 0.7125 288.102 306.076
  30 0.7375 288.012 306.063
  31 0.7625 287.706 296.514
  32 0.7875 288.07 298.29
  33 0.8125 287.418 304.584
  34 0.8375 288.734 299.789
  35 0.8625 288.206 301.177
  36 0.8875 288.288 301.278
  37 0.9125 288.102 297.187
  38 0.9375 287.834 299.967
  39 0.9625 288.086 294.811
  40 0.9875 288.286 291.817
485000 40 11519.999999999998
  1 0.0125 287.894 286.926
  2 0.0375 288.258 286.876
  3 0.0625 287.678 282.318
  4 0.0875 287.93 284.148
  5 0.1125 287.84 288.296
  6 0.1375 287.09 291.457
  7 0.1625 287.638 295.519
  8 0.1875 287.686 294.055
  9 0.2125 287.748 288.333
  10 0.2375 287.958 290.243
  11 0.2625 288.272 287.994
  12 0.2875 288.66 288.468
  13 0.3125 287.706 295.195
  14 0.3375 288.306 298.876
  15 0.3625 288.622 296.51
  16 0.3875 288.818 296.407
  17 0.4125 287.446 307.268
  18 0.4375 287.366 306.933
  19 0.4625 287.312 310.292
  20 0.4875 288.368 309.939
  21 0.5125 287.188 313.271
  22 0.5375 288.958 309.603
  23 0.5625 287.78 309.218
  24 0.5875 288.328 314.352
  25 0.6125 287.674 303.02
  26 0.6375 287.704 296.906
  27 0.6625 288.39 309.057
  28 0.6875 287.656 304.67
  29 0.7125 288.33 303.686
  30 0.7375 288.05 298.437
  31 0.7625 288.89 301.041
  32 0.7875 288.416 305.528
  33 0.8125 288.072 304.783
  34 0.8375 287.408 302.342
  35 0.8625 287.962 311.134
  36 0.8875 288.286 304.428
  37 0.9125 287.928 300.069
  38 0.9375 288.408 293.367
  39 0.9625 287.886 288.904
  40 0.9875 288.09 289.957
490000 40 11519.999999999996
  1 0.0125 288.164 286.935
  2 0.0375 287.65 286.865
  3 0.0625 288.134 285.467
  4 0.0875 287.484 286.737
  5 0.1125 287.876 291.725
  6 0.1375 287.832 290.819
  7 0.1625 287.62 287.214
  8 0.1875 287.716 282.368
  9 0.2125 287.618 289.113
  10 0.2375 287.816 287.403
  11 0.2625 288.352 290.139
  12 0.2875 288.032 291.817
  13 0.3125 288.056 294.261
  14 0.3375 287.47 295.974
  15 0.3625 287.602 298.358
  16 0.3875 288.128 298.323
  17 0.4125 287.64 304.043
  18 0.4375 287.632 307.407
  19 0.4625 287.37 308.729
  20 0.4875 286.99 316.094
  21 0.5125 287.342 308.638
  22 0.5375 288.228 315.619
  23 0.5625 287.782 313.816
  24 0.5875 288.53 308.565
  25 0.6125 287.61 310.789
  26 0.6375 288.164 312.054
  27 0.6625 288.472 309.443
  28 0.6875 288.434 303.946
  29 0.7125 289.054 301.359
  30 0.7375 287.91 299.849
  31 0.7625 288.242 299.268
  32 0.7875 288.47 302.03
  33 0.8125 288.536 303.698
  34 0.8375 288.482 304.739
  35 0.8625 289.478 303.622
  36 0.8875 288.416 300.896
  37 0.9125 287.928 302.063
  38 0.9375 288.244 294.798
  39 0.9625 287.618 293.112
  40 0.9875 287.878 281.099
495000 40 11520
  1 0.0125 287.766 288.507
  2 0.0375 287.838 285.064
  3 0.0625 287.476 278.258
  4 0.0875 287.834 289.517
  5 0.1125 288.426 294.422
  6 0.1375 287.994 288.64
  7 0.1625 288.532 292.135
  8 0.1875 288.112 285.407
  9 0.2125 287.916 293.534
  10 0.2375 287.614 290.223
  11 0.2625 287.848 296.247
  12 0.2875 289.366 298.894
  13 0.3125 288.666 293.724
  14 0.3375 288.174 296.104
  15 0.3625 288.058 299.438
  16 0.3875 287.79 301.216
  17 0.4125 288.082 303.821
  18 0.4375 287.272 305.654
  19 0.4625 288.388 300.941
  20 0.4875 287.744 313.605
  21 0.5125 288.536 312.429
  22 0.5375 287.878 315.435
  23 0.5625 288.044 315.192
  24 0.5875 288.418 307.818
  25 0.6125 289.092 308.604
  26 0.6375 287.306 313.713
  27 0.6625 288.562 310.806
  28 0.6875 288.634 314.028
  29 0.7125 288.318 311.725
  30 0.7375 287.75 305.152
  31 0.7625 288.072 298.576
  32 0.7875 287.42 294.361
  33 0.8125 288.146 292.849
  34 0.8375 287.602 294.283
  35 0.8625 288.018 293.646
  36 0.8875 286.93 302.203
  37 0.9125 287.812 295.683
  38 0.9375 287.456 291.047
  39 0.9625 288.168 288.041
  40 0.9875 286.942 289.704
500000 40 11520.000000000005
  1 0.0125 287.744 291.669
  2 0.0375 288.026 283.255
  3 0.0625 287.336 286.954
  4 0.0875 288.272 280.877
  5 0.1125 288.058 287.022
  6 0.1375 288.346 287.687
  7 0.1625 288.904 285.863
  8 0.1875 289.198 290.267
  9 0.2125 287.566 300.449
  10 0.2375 287.736 300.939
  11 0.2625 287.994 301.073
  12 0.2875 287.736 293.807
  13 0.3125 287.46 299.199
  14 0.3375 287.92 297.395
  15 0.3625 287.628 303.665
  16 0.3875 288.126 296.248
  17 0.4125 287.582 298.522
  18 0.4375 288.422 299.599
  19 0.4625 288.116 309.968
  20 0.4875 288.018 307.036
  21 0.5125 287.584 309.53
  22 0.5375 288.292 313.024
  23 0.5625 288.024 316.636
  24 0.5875 287.906 308.622
  25 0.6125 287.95 313.526
  26 0.6375 288.184 304.481
  27 0.6625 287.648 304.596
  28 0.6875 287.988 308.528
  29 0.7125 288.242 311.343
  30 0.7375 287.664 308.168
  31 0.7625 288.608 303.83
  32 0.7875 288.154 307.101
  33 0.8125 288.074 300.195
  34 0.8375 288.184 297.552
  35 0.8625 288.03 296.682
  36 0.8875 287.352 294.075
  37 0.9125 287.888 286.378
  38 0.9375 287.688 284.961
  39 0.9625 288.368 292.497
  40 0.9875 287.984 286.431
505000 40 11520.000000000004
  1 0.0125 287.722 284.346
  2 0.0375 288.572 283.369
  3 0.0625 287.636 284.159
  4 0.0875 288.416 279.854
  5 0.1125 287.426 289.186
  6 0.1375 287.738 291.927
  7 0.1625 287.646 289.382
  8 0.1875 288.186 286.382
  9 0.2125 287.47 285.73
  10 0.2375 287.138 287.998
  11 0.2625 287.476 291.548
  12 0.2875 287.396 300.443
  13 0.3125 287.766 301.92
  14 0.3375 287.386 300.262
  15 0.3625 288.868 299.433
  16 0.3875 288.512 306.204
  17 0.4125 287.918 302.98
  18 0.4375 288.292 298.855
  19 0.4625 287.542 308.765
  20 0.4875 288.058 321.462
  21 0.5125 288.444 315.206
  22 0.5375 288.08 315.459
  23 0.5625 288.292 315.651
  24 0.5875 288.306 313.809
  25 0.6125 288.01 310.951
  26 0.6375 288.38 300.456
  27 0.6625 288.192 308.012
  28 0.6875 288.108 304.154
  29 0.7125 287.596 302.104
  30 0.7375 287.15 303.382
  31 0.7625 288.364 300.589
  32 0.7875 287.858 304.901
  33 0.8125 288.162 306.547
  34 0.8375 288.442 298.547
  35 0.8625 288.4 303.14
  36 0.8875 288.136 293.544
  37 0.9125 288.312 297.175
  38 0.9375 288.056 293.698
  39 0.9625 288.41 283.499
  40 0.9875 288.138 283.697
510000 40 11519.999999999995
  1 0.0125 287.49 282.413
  2 0.0375 288.318 285.012
  3 0.0625 288.022 292.431
  4 0.0875 287.224 282.296
  5 0.1125 287.528 286.522
  6 0.1375 287.632 296.564
  7 0.1625 288.542 290.052
  8 0.1875 287.63 284.357
  9 0.2125 288.516 283.584
  10 0.2375 287.914 293.671
  11 0.2625 287.78 298.932
  12 0.2875 288.392 293.053
  13 0.3125 287.856 295.918
  14 0.3375 287.948 294.781
  15 0.3625 287.666 295.751
  16 0.3875 288.138 307.708
  17 0.4125 288.132 304.454
  18 0.4375 288.372 304.129
  19 0.4625 287.892 305.512
  20 0.4875 288.656 301.364
  21 0.5125 288.144 303.723
  22 0.5375 288.434 317.147
  23 0.5625 288.352 318.105
  24 0.5875 288.246 318.93
  25 0.6125 287.38 313.221
  26 0.6375 288.342 307.351
  27 0.6625 287.766 309.734
  28 0.6875 288.098 307.451
  29 0.7125 287.552 305.363
  30 0.7375 287.936 300.402
  31 0.7625 287.818 302.779
  32 0.7875 287.42 312.307
  33 0.8125 288.066 308.235
  34 0.8375 288.488 300.665
  35 0.8625 288.232 298.019
  36 0.8875 288.228 290.753
  37 0.9125 288.542 296.085
  38 0.9375 287.734 292.085
  39 0.9625 288.042 287.485
  40 0.9875 287.532 279.44
515000 40 11520
  1 0.0125 288.254 282.224
  2 0.0375 287.724 280.598
  3 0.0625 287.708 284.602
  4 0.0875 288.594 279.623
  5 0.1125 288.254 284.533
  6 0.1375 287.644 287.608
  7 0.1625 288.05 291.298
  8 0.1875 287.624 284.916
  9 0.2125 288.332 292.296
  10 0.2375 287.896 298.494
  11 0.2625 288.254 300.013
  12 0.2875 288.496 302.879
  13 0.3125 287.824 300.43
  14 0.3375 287.816 300.357
  15 0.3625 288.08 299.998
  16 0.3875 288.672 301.662
  17 0.4125 288.386 301.187
  18 0.4375 288.352 302.084
  19 0.4625 286.978 307.552
  20 0.4875 287.926 309.177
  21 0.5125 288.486 315.861
  22 0.5375 288.522 318.632
  23 0.5625 287.444 318.291
  24 0.5875 288.14 315.173
  25 0.6125 287.188 313.294
  26 0.6375 287.44 305.555
  27 0.6625 287.516 305.516
  28 0.6875 287.912 306.232
  29 0.7125 287.568 303.772
  30 0.7375 287.9 303.577
  31 0.7625 287.982 305.368
  32 0.7875 288.456 302.438
  33 0.8125 287.678 303.139
  34 0.8375 289.11 288.389
  35 0.8625 287.646 292.198
  36 0.8875 288.75 294.219
  37 0.9125 287.872 296.26
  38 0.9375 287.916 295.266
  39 0.9625 287.812 293.253
  40 0.9875 287.798 281.474
520000 40 11520
  1 0.0125 287.936 279.807
  2 0.0375 287.624 273.559
  3 0.0625 287.88 282.155
  4 0.0875 287.538 287.87
  5 0.1125 287.996 292.339
  6 0.1375 287.938 291.472
  7 0.1625 288.036 289.991
  8 0.1875 287.782 286.116
  9 0.2125 288.262 289.511
  10 0.2375 287.536 299.366
  11 0.2625 287.77 295.651
  12 0.2875 288.056 299.237
  13 0.3125 287.732 297.004
  14 0.3375 287.788 300.23
  15 0.3625 287.74 306.642
  16 0.3875 288.402 304.131
  17 0.4125 287.982 304.969
  18 0.4375 288.148 305.837
  19 0.4625 288.544 302.64
  20 0.4875 287.316 310.261
  21 0.5125 287.48 312.688
  22 0.5375 287.882 312.905
  23 0.5625 287.704 320.058
  24 0.5875 288.168 318.594
  25 0.6125 287.866 320.408
  26 0.6375 288.45 306.755
  27 0.6625 288.164 306.54
  28 0.6875 288.044 309.779
  29 0.7125 288.272 302.894
  30 0.7375 288.286 303.574
  31 0.7625 288.446 311.581
  32 0.7875 288.3 307.315
  33 0.8125 287.78 297.929
  34 0.8375 288.208 296.181
  35 0.8625 288.378 297.532
  36 0.8875 287.714 284.607
  37 0.9125 288.322 284.541
  38 0.9375 288.124 288.388
  39 0.9625 288.426 288.102
  40 0.9875 287.98 281.883
525000 40 11520
  1 0.0125 288.686 282.638
  2 0.0375 288.244 281.721
  3 0.0625 288.234 278.46
  4 0.0875 287.84 284.643
  5 0.1125 288.184 290.377
  6 0.1375 287.698 284.389
  7 0.1625 288.03 288.86
  8 0.1875 287.998 288.431
  9 0.2125 288.114 289.913
  10 0.2375 287.57 291.272
  11 0.2625 287.976 298.652
  12 0.2875 287.624 302.448
  13 0.3125 288.02 297.459
  14 0.3375 287.856 296.961
  15 0.3625 287.608 304.609
  16 0.3875 288.082 298.44
  17 0.4125 288.068 305.299
  18 0.4375 287.424 303.495
  19 0.4625 287.83 307.561
  20 0.4875 288.066 309.065
  21 0.5125 287.628 308.213
  22 0.5375 287.364 314.851
  23 0.5625 288.16 319.718
  24 0.5875 287.518 310.505
  25 0.6125 288.146 304
  26 0.6375 287.746 310.438
  27 0.6625 287.82 302.298
  28 0.6875 288.016 302.828
  29 0.7125 287.724 310.293
  30 0.7375 288.684 313.117
  31 0.7625 288.814 312.17
  32 0.7875 287.842 311.658
  33 0.8125 287.948 301.2
  34 0.8375 287.734 301.645
  35 0.8625 287.978 296.526
  36 0.8875 288.088 293.393
  37 0.9125 288.192 293.854
  38 0.9375 288.142 288.973
  39 0.9625 288.916 285.085
  40 0.9875 288.388 285.166
530000 40 11520.000000000002
  1 0.0125 288.416 277.499
  2 0.0375 288.674 277.433
  3 0.0625 287.276 280.594
  4 0.0875 287.99 281.877
  5 0.1125 288.748 286.608
  6 0.1375 287.77 289.728
  7 0.1625 288.254 288.253
  8 0.1875 287.312 296.464
  9 0.2125 287.598 290.587
  10 0.2375 286.334 293.347
  11 0.2625 287.708 296.878
  12 0.2875 288.434 301.971
  13 0.3125 288.244 297.912
  14 0.3375 288.732 292.568
  15 0.3625 288.02 296.068
  16 0.3875 287.526 298.52
  17 0.4125 288.406 308.472
  18 0.4375 288.816 310.795
  19 0.4625 287.986 318.286
  20 0.4875 287.906 315.568
  21 0.5125 287.734 316.589
  22 0.5375 287.784 311
  23 0.5625 287.546 316.053
  24 0.5875 286.842 313.075
  25 0.6125 287.426 302.856
  26 0.6375 287.946 305.014
  27 0.6625 288.336 310.923
  28 0.6875 288.304 306.664
  29 0.7125 288.416 307.935
  30 0.7375 288.118 307.646
  31 0.7625 288.12 308.334
  32 0.7875 288.582 304.451
  33 0.8125 287.648 292.971
  34 0.8375 287.89 295.081
  35 0.8625 287.922 292.556
  36 0.8875 287.942 289.44
  37 0.9125 288.204 292.007
  38 0.9375 288.574 291.534
  39 0.9625 288.154 296.49
  40 0.9875 288.362 289.952
535000 40 11519.999999999998
  1 0.0125 288.558 284.138
  2 0.0375 288.444 283.318
  3 0.0625 286.898 283.534
  4 0.0875 287.744 279.694
  5 0.1125 287.304 284.651
  6 0.1375 287.788 292.739
  7 0.1625 287.98 293.887
  8 0.1875 288.134 288.219
  9 0.2125 288.34 297.512
  10 0.2375 288.294 300.098
  11 0.2625 287.95 300.832
  12 0.2875 289.13 301.892
  13 0.3125 288.038 295.938
  14 0.3375 288.458 292.618
  15 0.3625 289.116 301.223
  16 0.3875 287.91 308.341
  17 0.4125 288.408 312.234
  18 0.4375 288.176 305.748
  19 0.4625 287.978 309.426
  20 0.4875 287.278 314.152
  21 0.5125 288.524 313.649
  22 0.5375 288.034 318.34
  23 0.5625 287.546 314.51
  24 0.5875 287.178 309.818
  25 0.6125 289.046 303.312
  26 0.6375 287.348 301.692
  27 0.6625 287.78 301.059
  28 0.6875 288.138 308.638
  29 0.7125 288.466 316.068
  30 0.7375 287.332 314.07
  31 0.7625 287.844 300.882
  32 0.7875 287.666 298.502
  33 0.8125 288.168 288.104
  34 0.8375 287.546 290.489
  35 0.8625 287.658 288.005
  36 0.8875 288.218 289.513
  37 0.9125 287.22 298.334
  38 0.9375 288.532 292.281
  39 0.9625 287.924 286.24
  40 0.9875 287.906 285.182
540000 40 11519.999999999998
  1 0.0125 288.24 282.667
  2 0.0375 288.426 279.008
  3 0.0625 287.644 283.572
  4 0.0875 288.298 284.562
  5 0.1125 287.514 290.778
  6 0.1375 288.054 292.882
  7 0.1625 287.992 289.932
  8 0.1875 287.79 291.359
  9 0.2125 288.496 297.041
  10 0.2375 288.1 300.564
  11 0.2625 288.408 299.448
  12 0.2875 287.09 298.414
  13 0.3125 288.438 290.129
  14 0.3375 288.046 302.844
  15 0.3625 287.494 302.976
  16 0.3875 287.842 309.353
  17 0.4125 287.264 302.602
  18 0.4375 287.672 301.841
  19 0.4625 287.328 305.699
  20 0.4875 287.678 318.649
  21 0.5125 288.17 313.107
  22 0.5375 288.436 319.874
  23 0.5625 287.326 314.542
  24 0.5875 288.16 314.913
  25 0.6125 288.044 310.777
  26 0.6375 287.612 301.798
  27 0.6625 287.772 306.749
  28 0.6875 288.73 307.53
  29 0.7125 288.472 303.092
  30 0.7375 287.962 306.256
  31 0.7625 288.258 298.967
  32 0.7875 287.72 297.571
  33 0.8125 288.448 287.438
  34 0.8375 287.788 295.892
  35 0.8625 288.508 294.756
  36 0.8875 287.966 289.366
  37 0.9125 288.066 289.907
  38 0.9375 288.436 289.843
  39 0.9625 287.966 291.844
  40 0.9875 288.346 290.483
545000 40 11519.999999999996
  1 0.0125 287.892 281.084
  2 0.0375 288.48 279.177
  3 0.0625 286.91 282.514
  4 0.0875 287.884 280.946
  5 0.1125 287.62 288.599
  6 0.1375 288.032 294.418
  7 0.1625 288.656 295.826
  8 0.1875 288.178 294.977
  9 0.2125 288.27 297.075
  10 0.2375 288.412 297.127
  11 0.2625 287.882 292.028
  12 0.2875 287.554 298.031
  13 0.3125 288.474 295.948
  14 0.3375 287.726 307.215
  15 0.3625 287.214 312.456
  16 0.3875 288.034 311.345
  17 0.4125 288.402 301.132
  18 0.4375 287.336 298.463
  19 0.4625 288.494 306.815
  20 0.4875 288.516 305.678
  21 0.5125 288.08 315.8
  22 0.5375 287.496 318.901
  23 0.5625 288.31 322.632
  24 0.5875 288.928 313.313
  25 0.6125 287.762 311.896
  26 0.6375 288.262 310.386
  27 0.6625 288.06 307.212
  28 0.6875 288.078 294.789
  29 0.7125 288.338 303.294
  30 0.7375 286.984 296.423
  31 0.7625 288.684 302.62
  32 0.7875 288.104 297.194
  33 0.8125 287.936 289.813
  34 0.8375 288.052 288.976
  35 0.8625 287.49 294.589
  36 0.8875 287.358 295.879
  37 0.9125 288.362 293.484
  38 0.9375 287.81 289.805
  39 0.9625 287.762 289.689
  40 0.9875 288.178 290.605
550000 40 11520.000000000004
  1 0.0125 288.194 280.543
  2 0.0375 287.778 278.794
  3 0.0625 288.152 280.453
  4 0.0875 287.7 286.622
  5 0.1125 288.044 285.849
  6 0.1375 287.752 287.207
  7 0.1625 288.202 293.587
  8 0.1875 288.808 300.547
  9 0.2125 288.15 308.315
  10 0.2375 287.286 302.432
  11 0.2625 287.892 302.484
  12 0.2875 288.092 299.405
  13 0.3125 287.506 299.554
  14 0.3375 287.734 296.508
  15 0.3625 288.114 298.232
  16 0.3875 288.3 307.177
  17 0.4125 287.722 302.446
  18 0.4375 288.59 305.538
  19 0.4625 288.386 308.483
  20 0.4875 287.434 312.212
  21 0.5125 288.522 318.15
  22 0.5375 287.836 319.601
  23 0.5625 287.658 324.204
  24 0.5875 287.594 321.699
  25 0.6125 288.09 310.791
  26 0.6375 288.574 298.212
  27 0.6625 288.58 303.702
  28 0.6875 287.588 301.892
  29 0.7125 288.428 295.157
  30 0.7375 287.602 295.947
  31 0.7625 288.546 296.474
  32 0.7875 287.716 293.738
  33 0.8125 288.276 286.319
  34 0.8375 287.736 288.677
  35 0.8625 287.706 285.962
  36 0.8875 287.854 295.799
  37 0.9125 288.7 293.718
  38 0.9375 287.414 290.31
  39 0.9625 287.706 294.131
  40 0.9875 288.038 297.12
555000 40 11520
  1 0.0125 288.208 279.277
  2 0.0375 288.444 279.504
  3 0.0625 288.122 285.585
  4 0.0875 287.838 286.531
  5 0.1125 287.818 291.612
  6 0.1375 287.68 291.678
  7 0.1625 287.956 296.73
  8 0.1875 288.036 295.235
  9 0.2125 287.728 297.975
  10 0.2375 287.622 300.431
  11 0.2625 287.438 297.315
  12 0.2875 288.46 296.897
  13 0.3125 287.948 294.751
  14 0.3375 287.36 298.117
  15 0.3625 287.562 303.194
  16 0.3875 287.788 312.722
  17 0.4125 287.67 311.205
  18 0.4375 287.62 310.989
  19 0.4625 287.476 314.752
  20 0.4875 287.238 315.192
  21 0.5125 288.562 321.984
  22 0.5375 287.368 323.7
  23 0.5625 287.946 318.127
  24 0.5875 288.016 313.22
  25 0.6125 287.552 307.038
  26 0.6375 287.984 303.57
  27 0.6625 288.902 300.773
  28 0.6875 287.788 305.187
  29 0.7125 288.458 302.514
  30 0.7375 289.07 299.835
  31 0.7625 287.876 289.85
  32 0.7875 288.628 286.448
  33 0.8125 288.248 290.786
  34 0.8375 288.126 290.873
  35 0.8625 287.804 294.374
  36 0.8875 288.43 289.437
  37 0.9125 288.104 290.64
  38 0.9375 288.098 286.471
  39 0.9625 288.008 290.323
  40 0.9875 289.02 285.095
560000 40 11520
  1 0.0125 288.556 281.706
  2 0.0375 288.008 277.113
  3 0.0625 287.866 281.194
  4 0.0875 288.142 281.027
  5 0.1125 287.714 288.878
  6 0.1375 288.028 287.465
  7 0.1625 287.938 292.942
  8 0.1875 287.732 296.017
  9 0.2125 287.802 296.407
  10 0.2375 288.668 296.731
  11 0.2625 287.738 298.612
  12 0.2875 288.048 305.061
  13 0.3125 289.364 309.508
  14 0.3375 288.14 308.208
  15 0.3625 287.902 307.756
  16 0.3875 288.206 309.244
  17 0.4125 288.088 307.685
  18 0.4375 287.908 312.759
  19 0.4625 287.67 323.054
  20 0.4875 287.444 324.77
  21 0.5125 288.008 320.344
  22 0.5375 287.872 314.609
  23 0.5625 288.004 310.777
  24 0.5875 287.484 308.663
  25 0.6125 287.34 306.037
  26 0.6375 288.176 300.875
  27 0.6625 287.76 302.141
  28 0.6875 288.86 299.685
  29 0.7125 287.914 300.842
  30 0.7375 288.9 290.718
  31 0.7625 288.012 291.543
  32 0.7875 288.01 291.893
  33 0.8125 287.174 288.041
  34 0.8375 288.438 292.094
  35 0.8625 287.514 290.089
  36 0.8875 287.64 286.248
  37 0.9125 287.478 296.792
  38 0.9375 287.966 291.795
  39 0.9625 288.076 292.531
  40 0.9875 288.412 287.022
565000 40 11520.000000000002
  1 0.0125 287.776 278.646
  2 0.0375 288.592 281.063
  3 0.0625 287.98 284.276
  4 0.0875 288.888 290.334
  5 0.1125 288.352 288.863
  6 0.1375 288.446 292.547
  7 0.1625 288.02 291.181
  8 0.1875 288.172 296.682
  9 0.2125 288.36 299.306
  10 0.2375 287.974 299.958
  11 0.2625 287.692 299.287
  12 0.2875 288.626 300.502
  13 0.3125 288.016 306.69
  14 0.3375 288.046 305.665
  15 0.3625 287.716 302.986
  16 0.3875 288.104 304.524
  17 0.4125 287.968 308.647
  18 0.4375 287.416 308.016
  19 0.4625 287.21 314.171
  20 0.4875 288.274 320.42
  21 0.5125 287.982 323.101
  22 0.5375 287.846 312.881
  23 0.5625 287.576 308.114
  24 0.5875 287.732 310.001
  25 0.6125 288.23 304.734
  26 0.6375 287.076 298.674
  27 0.6625 287.854 302.499
  28 0.6875 288.484 299.256
  29 0.7125 286.994 302.262
  30 0.7375 287.99 295.016
  31 0.7625 287.736 297.222
  32 0.7875 287.8 295.252
  33 0.8125 288.002 291.223
  34 0.8375 287.858 292.986
  35 0.8625 288.36 294.97
  36 0.8875 288.17 293.022
  37 0.9125 287.336 292.565
  38 0.9375 288.642 287.176
  39 0.9625 287.948 291.484
  40 0.9875 288.756 283.76
570000 40 11520.000000000002
  1 0.0125 289.06 283.15
  2 0.0375 288.086 281.762
  3 0.0625 287.902 282.257
  4 0.0875 288.174 284.555
  5 0.1125 288.03 285.027
  6 0.1375 288.69 285.783
  7 0.1625 288.208 290.001
  8 0.1875 287.31 292.766
  9 0.2125 288.504 295.638
  10 0.2375 287.594 293.677
  11 0.2625 288.634 294.513
  12 0.2875 287.464 295.9
  13 0.3125 287.142 305.597
  14 0.3375 287.936 303.246
  15 0.3625 288.992 299.307
  16 0.3875 287.624 304.883
  17 0.4125 288.142 302.233
  18 0.4375 288.122 307.163
  19 0.4625 288.338 312.859
  20 0.4875 287.952 319.655
  21 0.5125 288.648 312.713
  22 0.5375 287.55 318.436
  23 0.5625 287.802 321.077
  24 0.5875 287.65 312.794
  25 0.6125 289.072 307.867
  26 0.6375 287.616 308.047
  27 0.6625 288.502 298.153
  28 0.6875 288.022 302.878
  29 0.7125 287.982 306.528
  30 0.7375 287.852 301.925
  31 0.7625 287.37 299.458
  32 0.7875 288.242 306.413
  33 0.8125 287.056 295.558
  34 0.8375 288.282 296.909
  35 0.8625 288.17 293.384
  36 0.8875 287.174 286.636
  37 0.9125 287.504 290.221
  38 0.9375 288.316 289.349
  39 0.9625 287.914 290.336
  40 0.9875 287.372 290.19
575000 40 11519.999999999998
  1 0.0125 287.888 280.164
  2 0.0375 287.99 275.967
  3 0.0625 288.07 272.478
  4 0.0875 288.36 285.066
  5 0.1125 288.188 291.482
  6 0.1375 288.048 288.147
  7 0.1625 287.834 289.459
  8 0.1875 288.002 291.621
  9 0.2125 287.81 297.038
  10 0.2375 288.506 309.428
  11 0.2625 287.96 307.344
  12 0.2875 288.434 301.694
  13 0.3125 287.654 305.279
  14 0.3375 288.53 306.907
  15 0.3625 287.698 295.551
  16 0.3875 287.596 297.297
  17 0.4125 287.426 301.589
  18 0.4375 287.718 302.794
  19 0.4625 287.212 313.208
  20 0.4875 288.404 318.515
  21 0.5125 287.992 317.264
  22 0.5375 287.778 313.552
  23 0.5625 288.844 313.414
  24 0.5875 287.19 309.273
  25 0.6125 288.392 309.443
  26 0.6375 287.614 306.165
  27 0.6625 288.47 300.748
  28 0.6875 287.908 300.1
  29 0.7125 288.56 303.444
  30 0.7375 287.396 302.28
  31 0.7625 289.06 296.654
  32 0.7875 288.204 301.915
  33 0.8125 288.03 294.989
  34 0.8375 287.952 299.827
  35 0.8625 288.518 295.983
  36 0.8875 287.82 298.286
  37 0.9125 287.63 293.74
  38 0.9375 288.184 289.292
  39 0.9625 287.758 289.602
  40 0.9875 287.372 282.225
580000 40 11519.999999999996
  1 0.0125 288.478 279.765
  2 0.0375 287.552 277.884
  3 0.0625 288.072 275.399
  4 0.0875 289.032 277.196
  5 0.1125 288.484 289.993
  6 0.1375 287.534 288.181
  7 0.1625 288.678 297.29
  8 0.1875 287.93 294.101
  9 0.2125 288.544 298.025
  10 0.2375 287.526 300.539
  11 0.2625 287.038 306.07
  12 0.2875 287.616 298.856
  13 0.3125 288.004 291.475
  14 0.3375 288.1 299.918
  15 0.3625 287.322 307.331
  16 0.3875 288.572 304.828
  17 0.4125 287.42 305.128
  18 0.4375 287.302 309.484
  19 0.4625 286.908 306.871
  20 0.4875 287.452 306.458
  21 0.5125 287.258 310.754
  22 0.5375 287.866 305.768
  23 0.5625 287.242 313.044
  24 0.5875 288.238 305.069
  25 0.6125 288.112 305.523
  26 0.6375 287.58 308.295
  27 0.6625 288.05 310.95
  28 0.6875 287.772 307.54
  29 0.7125 287.85 312.468
  30 0.7375 287.954 307.488
  31 0.7625 289.148 301.888
  32 0.7875 287.858 307.453
  33 0.8125 288.42 302.931
  34 0.8375 288.248 298.213
  35 0.8625 288.602 296.351
  36 0.8875 287.934 294.964
  37 0.9125 289.246 295.917
  38 0.9375 288.354 285.017
  39 0.9625 287.902 284.036
  40 0.9875 288.802 282.101
585000 40 11520
  1 0.0125 287.65 285.485
  2 0.0375 287.568 286.1
  3 0.0625 287.718 282.138
  4 0.0875 286.98 281.3
  5 0.1125 288.488 286.333
  6 0.1375 287.312 292.407
  7 0.1625 287.682 281.051
  8 0.1875 287.83 283.404
  9 0.2125 288.46 287.474
  10 0.2375 287.94 297.022
  11 0.2625 287.988 290.983
  12 0.2875 287.314 298.3
  13 0.3125 288.27 297.132
  14 0.3375 289.114 302.544
  15 0.3625 287.708 304.68
  16 0.3875 287.66 310.317
  17 0.4125 287.576 313.371
  18 0.4375 288.55 308.984
  19 0.4625 287.724 310.854
  20 0.4875 288.394 317.892
  21 0.5125 288.766 311.538
  22 0.5375 288.258 310.463
  23 0.5625 288.332 309.172
  24 0.5875 288.112 309.357
  25 0.6125 287.73 303.308
  26 0.6375 288.194 296.742
  27 0.6625 288.174 308.427
  28 0.6875 287.856 314.851
  29 0.7125 288.454 307.151
  30 0.7375 287.402 301.305
  31 0.7625 288.194 299.634
  32 0.7875 288.462 300.506
  33 0.8125 288.178 301.076
  34 0.8375 287.82 297.555
  35 0.8625 288.234 299.648
  36 0.8875 287.858 298.543
  37 0.9125 288.11 296.278
  38 0.9375 287.79 289.625
  39 0.9625 288.08 291.015
  40 0.9875 288.07 284.953
590000 40 11519.999999999996
  1 0.0125 288.456 285.017
  2 0.0375 288.042 281.114
  3 0.0625 288.09 285.536
  4 0.0875 288.166 293.527
  5 0.1125 289.324 296.562
  6 0.1375 287.612 297.957
  7 0.1625 287.834 297.097
  8 0.1875 287.934 295.295
  9 0.2125 288.332 290.812
  10 0.2375 287.54 296.379
  11 0.2625 288.716 297.66
  12 0.2875 288.146 292.616
  13 0.3125 288.194 290.126
  14 0.3375 287.336 298.227
  15 0.3625 288.056 301.312
  16 0.3875 287.66 303.747
  17 0.4125 288.036 300.93
  18 0.4375 287.782 301.765
  19 0.4625 287.862 306.467
  20 0.4875 288.056 309.756
  21 0.5125 287.856 318.232
  22 0.5375 287.21 318.168
  23 0.5625 287.802 320.75
  24 0.5875 288.194 311.619
  25 0.6125 288.614 303.708
  26 0.6375 287.658 303.931
  27 0.6625 287.994 303.884
  28 0.6875 288.5 304.825
  29 0.7125 288 305.711
  30 0.7375 287.664 305.3
  31 0.7625 287.252 304.035
  32 0.7875 287.916 296.506
  33 0.8125 287.282 289.534
  34 0.8375 287.756 294.098
  35 0.8625 288.046 291.558
  36 0.8875 287.792 294.372
  37 0.9125 287.898 292.413
  38 0.9375 287.88 293.452
  39 0.9625 289.03 290.023
  40 0.9875 288.482 285.384
595000 40 11519.999999999998
  1 0.0125 289.01 279.872
  2 0.0375 287.838 278.232
  3 0.0625 286.966 279.297
  4 0.0875 287.42 286.107
  5 0.1125 287.556 290.078
  6 0.1375 288.458 293.474
  7 0.1625 287.826 294.584
  8 0.1875 288.402 301.747
  9 0.2125 287.902 295.624
  10 0.2375 287.714 290.275
  11 0.2625 286.968 290.471
  12 0.2875 288.138 297.486
  13 0.3125 287.792 300.111
  14 0.3375 288.518 305.115
  15 0.3625 288.2 311.19
  16 0.3875 288.322 305.975
  17 0.4125 288.498 301.028
  18 0.4375 287.864 305.867
  19 0.4625 287.44 310.652
  20 0.4875 287.792 309.451
  21 0.5125 287.59 316.247
  22 0.5375 288.158 315.214
  23 0.5625 287.402 318.502
  24 0.5875 287.476 315.845
  25 0.6125 288.58 312.908
  26 0.6375 287.758 306.248
  27 0.6625 288.608 307.427
  28 0.6875 287.504 305.283
  29 0.7125 287.94 310.13
  30 0.7375 288.184 299.781
  31 0.7625 287.812 296.239
  32 0.7875 287.876 296.786
  33 0.8125 288.794 292.061
  34 0.8375 287.61 298.712
  35 0.8625 288.46 285.394
  36 0.8875 288.14 285.24
  37 0.9125 288.956 291.696
  38 0.9375 288.25 295.611
  39 0.9625 287.546 289.274
  40 0.9875 288.732 283.919
600000 40 11520.000000000002
  1 0.0125 288.472 283.59
  2 0.0375 288.088 283.059
  3 0.0625 286.83 283.367
  4 0.0875 288.47 284.915
  5 0.1125 287.634 282.669
  6 0.1375 288.05 283.442
  7 0.1625 287.88 289.79
  8 0.1875 287.116 295.411
  9 0.2125 288.42 293.279
  10 0.2375 287.404 299.957
  11 0.2625 287.854 303.64
  12 0.2875 288.29 297.144
  13 0.3125 288.272 305.318
  14 0.3375 287.958 308.48
  15 0.3625 288.22 302.269
  16 0.3875 288.446 304.965
  17 0.4125 288.252 303.678
  18 0.4375 287.588 305.163
  19 0.4625 288.768 311.822
  20 0.4875 287.626 318.581
  21 0.5125 287.848 323.62
  22 0.5375 288.522 316.683
  23 0.5625 287.794 312.324
  24 0.5875 288.45 306.278
  25 0.6125 287.55 310.084
  26 0.6375 287.982 302.969
  27 0.6625 287.826 304.423
  28 0.6875 287.15 301.829
  29 0.7125 287.746 297.125
  30 0.7375 288.18 293.746
  31 0.7625 288.256 300.227
  32 0.7875 288.312 294.461
  33 0.8125 288.004 292.406
  34 0.8375 287.316 299.995
  35 0.8625 287.752 297.044
  36 0.8875 288.082 294.392
  37 0.9125 288.458 288.73
  38 0.9375 289.028 290.96
  39 0.9625 288.08 292.378
  40 0.9875 288.026 287.483
