# Chunk-averaged data for fix temp_profile and group all
# Timestep Number-of-chunks Total-count
# Chunk Coord1 Ncount temp
205000 40 17280.000000000004
  1 0.0125 432.778 288.989
  2 0.0375 432.472 286.985
  3 0.0625 431.938 286.025
  4 0.0875 431.668 285.791
  5 0.1125 432.98 285.036
  6 0.1375 432.494 287.761
  7 0.1625 432.14 289.348
  8 0.1875 432.758 292.061
  9 0.2125 431.55 295.829
  10 0.2375 431.056 295.346
  11 0.2625 432.202 294.968
  12 0.2875 431.77 293.62
  13 0.3125 432.166 303.407
  14 0.3375 431.87 305.034
  15 0.3625 432.014 304.18
  16 0.3875 431.708 300.99
  17 0.4125 432.3 306.478
  18 0.4375 432.624 301.648
  19 0.4625 431.814 306.943
  20 0.4875 432.42 315.367
  21 0.5125 431.318 310.545
  22 0.5375 432.218 314.481
  23 0.5625 432.008 316.998
  24 0.5875 431.622 314.691
  25 0.6125 431.786 318.281
  26 0.6375 431.808 312.433
  27 0.6625 431.78 306.207
  28 0.6875 432.118 315.018
  29 0.7125 432.048 316.002
  30 0.7375 431.296 305.748
  31 0.7625 431.288 300.952
  32 0.7875 430.902 301.121
  33 0.8125 432.224 302.324
  34 0.8375 432.038 297.662
  35 0.8625 431.916 300.695
  36 0.8875 432.06 301.657
  37 0.9125 431.664 291.664
  38 0.9375 432.14 293.286
  39 0.9625 432.772 288.22
  40 0.9875 432.272 290.553
210000 40 17280
  1 0.0125 432.87 290.076
  2 0.0375 431.402 278.757
  3 0.0625 432.098 281.129
  4 0.0875 431.9 289.791
  5 0.1125 432.482 293.289
  6 0.1375 431.446 279.766
  7 0.1625 431.81 281.578
  8 0.1875 431.908 291.636
  9 0.2125 431.238 296.624
  10 0.2375 431.208 294.601
  11 0.2625 432.548 296.919
  12 0.2875 431.698 300.497
  13 0.3125 430.506 306.736
  14 0.3375 432.138 306.268
  15 0.3625 432.072 302.697
  16 0.3875 431.974 305.023
  17 0.4125 431.326 304.851
  18 0.4375 431.35 302.031
  19 0.4625 432.298 298.428
  20 0.4875 432.104 311.857
  21 0.5125 431.458 315.857
  22 0.5375 432.11 314.876
  23 0.5625 432.59 315.627
  24 0.5875 431.884 319.873
  25 0.6125 432.652 305.564
  26 0.6375 432.05 306.732
  27 0.6625 431.52 311.99
  28 0.6875 432.514 312.443
  29 0.7125 431.654 306.494
  30 0.7375 432.242 304.74
  31 0.7625 431.834 304.421
  32 0.7875 432.304 305.173
  33 0.8125 430.776 299.204
  34 0.8375 431.802 307.457
  35 0.8625 433.504 299.731
  36 0.8875 431.908 299.447
  37 0.9125 432.922 302.832
  38 0.9375 432.552 299.72
  39 0.9625 432.224 289.908
  40 0.9875 433.124 289.457
215000 40 17279.999999999996
  1 0.0125 433.366 290.782
  2 0.0375 431.374 284.576
  3 0.0625 432.702 286.071
  4 0.0875 431.968 287.788
  5 0.1125 432.012 285.664
  6 0.1375 432.238 276.14
  7 0.1625 431.348 286.472
  8 0.1875 432.056 294.861
  9 0.2125 432 305.16
  10 0.2375 431.744 298.205
  11 0.2625 432.038 291.982
  12 0.2875 431.79 297.892
  13 0.3125 431.474 298.984
  14 0.3375 432.304 302
  15 0.3625 431.688 308.789
  16 0.3875 431.352 305.915
  17 0.4125 432.696 304.992
  18 0.4375 431.738 305.814
  19 0.4625 432.65 302.291
  20 0.4875 431.99 306.991
  21 0.5125 431.784 313.907
  22 0.5375 431.454 311.387
  23 0.5625 431.89 311.911
  24 0.5875 431.36 315.846
  25 0.6125 432.23 304.873
  26 0.6375 431.802 310.396
  27 0.6625 431.396 314.858
  28 0.6875 432.786 314.2
  29 0.7125 431.712 310.052
  30 0.7375 431.586 307.011
  31 0.7625 431.76 306.749
  32 0.7875 431.728 305.247
  33 0.8125 432.164 298.717
  34 0.8375 432.234 301.805
  35 0.8625 431.588 301.054
  36 0.8875 431.648 294.724
  37 0.9125 432.518 296.722
  38 0.9375 432.37 296.455
  39 0.9625 432.658 294.284
  40 0.9875 432.804 292.646
220000 40 17280
  1 0.0125 432.22 284.765
  2 0.0375 432.01 280.385
  3 0.0625 432.06 282.749
  4 0.0875 431.894 285.642
  5 0.1125 432.766 280.09
  6 0.1375 432.308 286.009
  7 0.1625 432.224 296.445
  8 0.1875 432.052 292.474
  9 0.2125 432.308 289.348
  10 0.2375 432.458 296.207
  11 0.2625 432.174 299.166
  12 0.2875 431.844 302.515
  13 0.3125 432.148 298.015
  14 0.3375 432.136 307.192
  15 0.3625 431.936 300.73
  16 0.3875 431.574 296.434
  17 0.4125 432.382 305.926
  18 0.4375 431.696 305.787
  19 0.4625 431.756 303.364
  20 0.4875 431.632 308.109
  21 0.5125 432.52 314.619
  22 0.5375 431.526 325.588
  23 0.5625 431.142 315.128
  24 0.5875 431.314 311.352
  25 0.6125 431.614 308.135
  26 0.6375 432.924 303.381
  27 0.6625 432.42 315.329
  28 0.6875 431.692 319.902
  29 0.7125 431.77 309.935
  30 0.7375 431.964 304.988
  31 0.7625 431.83 308.609
  32 0.7875 431.52 305.07
  33 0.8125 431.7 302.764
  34 0.8375 432.34 302.046
  35 0.8625 431.746 304.648
  36 0.8875 432.022 298.271
  37 0.9125 432.802 293.198
  38 0.9375 431.608 292.218
  39 0.9625 432.212 293.785
  40 0.9875 431.756 292.648
225000 40 17280.000000000007
  1 0.0125 430.878 278.603
  2 0.0375 432.454 278.642
  3 0.0625 431.002 282.034
  4 0.0875 432.754 283.738
  5 0.1125 431.116 282.65
  6 0.1375 432.158 284.539
  7 0.1625 432.09 292.631
  8 0.1875 432.302 288.308
  9 0.2125 433.098 291.182
  10 0.2375 432.846 297.207
  11 0.2625 431.784 297.155
  12 0.2875 432.458 300.432
  13 0.3125 431.826 304.921
  14 0.3375 431.752 304.391
  15 0.3625 431.676 302.125
  16 0.3875 432.48 305.536
  17 0.4125 432.118 305.674
  18 0.4375 430.936 306.321
  19 0.4625 431.966 303.41
  20 0.4875 431.384 306.691
  21 0.5125 431.986 310.448
  22 0.5375 432.464 315.964
  23 0.5625 431.728 317.303
  24 0.5875 432.39 320.99
  25 0.6125 432.858 314.643
  26 0.6375 430.7 310.305
  27 0.6625 432.412 313.901
  28 0.6875 431.538 316.822
  29 0.7125 431.244 309.774
  30 0.7375 431.424 307.311
  31 0.7625 432.512 311.851
  32 0.7875 432.264 308.791
  33 0.8125 432.574 305.651
  34 0.8375 433.066 304.094
  35 0.8625 431.75 297.947
  36 0.8875 431.832 297.994
  37 0.9125 432.082 297.175
  38 0.9375 432.382 301.501
  39 0.9625 432.026 281.441
  40 0.9875 431.69 283.323
230000 40 17280.000000000004
  1 0.0125 432.554 279.796
  2 0.0375 431.882 273.57
  3 0.0625 431.328 274.938
  4 0.0875 430.726 283.257
  5 0.1125 431.432 286.624
  6 0.1375 432.74 288.463
  7 0.1625 431.92 287.828
  8 0.1875 431.796 292.17
  9 0.2125 432.768 289.577
  10 0.2375 431.892 295.635
  11 0.2625 432.17 290.894
  12 0.2875 432.372 296.491
  13 0.3125 431.45 304.045
  14 0.3375 432.114 298.339
  15 0.3625 431.524 296.81
  16 0.3875 431.402 305.542
  17 0.4125 431.912 310.529
  18 0.4375 431.99 314.256
  19 0.4625 431.94 319.279
  20 0.4875 431.824 307.462
  21 0.5125 432.236 318.613
  22 0.5375 431.322 315.468
  23 0.5625 432.624 316.195
  24 0.5875 431.95 326.031
  25 0.6125 432.51 319.52
  26 0.6375 432.476 314.844
  27 0.6625 431.618 316.631
  28 0.6875 432.926 313.154
  29 0.7125 431.63 314.267
  30 0.7375 431.552 307.832
  31 0.7625 432.454 300.635
  32 0.7875 432.056 299.648
  33 0.8125 432.116 299.033
  34 0.8375 432.616 298.517
  35 0.8625 431.536 295.612
  36 0.8875 432.062 301.827
  37 0.9125 432.616 296.83
  38 0.9375 430.998 292.368
  39 0.9625 432.272 289.597
  40 0.9875 432.694 290.738
235000 40 17280
  1 0.0125 432.008 285.417
  2 0.0375 432.34 273.736
  3 0.0625 431.496 278.999
  4 0.0875 433.116 283.723
  5 0.1125 432.112 283.812
  6 0.1375 431.504 288.946
  7 0.1625 431.926 289.073
  8 0.1875 431.896 294.894
  9 0.2125 431.952 293.413
  10 0.2375 431.872 291.762
  11 0.2625 431.226 292.439
  12 0.2875 432.394 300.761
  13 0.3125 432.58 295.32
  14 0.3375 431.832 301.666
  15 0.3625 431.582 304.832
  16 0.3875 432.43 299.128
  17 0.4125 431.89 308.241
  18 0.4375 430.582 317.601
  19 0.4625 431.492 316.582
  20 0.4875 431.802 316.298
  21 0.5125 433.048 321.451
  22 0.5375 432.102 323.059
  23 0.5625 431.81 323.557
  24 0.5875 431.966 320.175
  25 0.6125 432.746 325.991
  26 0.6375 432.612 315.011
  27 0.6625 431.554 314.409
  28 0.6875 432.904 313.526
  29 0.7125 431.504 304.717
  30 0.7375 432.152 299.359
  31 0.7625 431.716 303.129
  32 0.7875 431.728 295.754
  33 0.8125 431.314 293.661
  34 0.8375 430.756 293.203
  35 0.8625 432.524 300.529
  36 0.8875 432.256 297.198
  37 0.9125 431.984 291.2
  38 0.9375 432.186 292.799
  39 0.9625 432.792 290.675
  40 0.9875 432.314 288.329
240000 40 17280
  1 0.0125 431.962 284.72
  2 0.0375 432.576 277.095
  3 0.0625 432.57 281.176
  4 0.0875 432.276 278.104
  5 0.1125 431.484 280.434
  6 0.1375 431.624 286.486
  7 0.1625 432.256 283.786
  8 0.1875 432.388 286.226
  9 0.2125 431.77 300.158
  10 0.2375 431.67 298.79
  11 0.2625 432.066 296.372
  12 0.2875 432.396 301.586
  13 0.3125 431.248 307.511
  14 0.3375 432.032 298.088
  15 0.3625 431.258 304.282
  16 0.3875 431.236 300.666
  17 0.4125 432.322 302.663
  18 0.4375 431.774 317.125
  19 0.4625 431.984 311.285
  20 0.4875 431.15 322.723
  21 0.5125 433.198 329.188
  22 0.5375 432.45 322.824
  23 0.5625 432.256 320.281
  24 0.5875 431.324 317.963
  25 0.6125 432.498 318.553
  26 0.6375 431.848 311.386
  27 0.6625 433.718 308.768
  28 0.6875 431.708 303.447
  29 0.7125 432.028 315.845
  30 0.7375 431.09 304.741
  31 0.7625 430.902 303.981
  32 0.7875 432.482 300.641
  33 0.8125 431.882 303.86
  34 0.8375 431.608 295.682
  35 0.8625 432.032 293.987
  36 0.8875 431.774 292.345
  37 0.9125 432.244 295.074
  38 0.9375 432.696 300.465
  39 0.9625 431.728 282.863
  40 0.9875 432.492 282.61
245000 40 17280
  1 0.0125 432.296 278.326
  2 0.0375 431.538 282.853
  3 0.0625 431.632 277.136
  4 0.0875 432.382 286.107
  5 0.1125 432.114 279.254
  6 0.1375 432.512 284.125
  7 0.1625 432.408 283.528
  8 0.1875 432.164 289.783
  9 0.2125 431.9 286.196
  10 0.2375 432.004 288.907
  11 0.2625 431.87 304.784
  12 0.2875 432.14 314.379
  13 0.3125 432.55 304.172
  14 0.3375 431.854 300.797
  15 0.3625 433.248 310.919
  16 0.3875 432.18 309.075
  17 0.4125 431.838 309.605
  18 0.4375 431.986 307.479
  19 0.4625 432.606 305.877
  20 0.4875 432.436 320.328
  21 0.5125 431.952 326.617
  22 0.5375 432.232 328.983
  23 0.5625 432.53 320.465
  24 0.5875 431.022 313.435
  25 0.6125 432.476 310.679
  26 0.6375 431.54 304.574
  27 0.6625 433.086 305.847
  28 0.6875 430.452 315.539
  29 0.7125 431.912 311.452
  30 0.7375 430.858 315.704
  31 0.7625 432.006 303.156
  32 0.7875 431.502 297.915
  33 0.8125 432.132 295.518
  34 0.8375 431.362 297.623
  35 0.8625 431.108 295.238
  36 0.8875 431.43 295.303
  37 0.9125 431.666 293.774
  38 0.9375 432.232 295.742
  39 0.9625 432.388 291.549
  40 0.9875 432.456 280.1
250000 40 17280.000000000004
  1 0.0125 431.6 287.483
  2 0.0375 431.968 278.178
  3 0.0625 431.688 281.313
  4 0.0875 431.584 277.872
  5 0.1125 431.786 284.761
  6 0.1375 431.164 284.898
  7 0.1625 432.582 284.341
  8 0.1875 432.65 287.884
  9 0.2125 432.136 292.9
  10 0.2375 432.12 293.365
  11 0.2625 432.392 296.627
  12 0.2875 432.066 302.077
  13 0.3125 431.178 308.387
  14 0.3375 432.294 304.521
  15 0.3625 431.952 297.92
  16 0.3875 431.638 311.296
  17 0.4125 431.004 308.967
  18 0.4375 432.358 307.486
  19 0.4625 432.142 311.115
  20 0.4875 432.646 317.211
  21 0.5125 433.41 320.397
  22 0.5375 432.578 318.763
  23 0.5625 432.864 325.924
  24 0.5875 432.352 318.706
  25 0.6125 431.498 312.171
  26 0.6375 431.102 305.219
  27 0.6625 432.634 304.949
  28 0.6875 432.432 310.391
  29 0.7125 430.062 309.355
  30 0.7375 431.808 306.159
  31 0.7625 431.376 309.594
  32 0.7875 431.808 301.782
  33 0.8125 432.012 306.258
  34 0.8375 431.85 305.445
  35 0.8625 432.442 290.041
  36 0.8875 432.342 289.568
  37 0.9125 431.83 295.75
  38 0.9375 432.426 298.812
  39 0.9625 432.21 291.615
  40 0.9875 432.016 285.217
255000 40 17280
  1 0.0125 431.73 283.799
  2 0.0375 432.646 282.498
  3 0.0625 431.992 280.38
  4 0.0875 431.876 277.661
  5 0.1125 432.094 283.972
  6 0.1375 431.898 288.975
  7 0.1625 431.65 286.329
  8 0.1875 431.744 288.337
  9 0.2125 431.968 287.731
  10 0.2375 431.83 299.978
  11 0.2625 432.146 290.11
  12 0.2875 431.228 296.118
  13 0.3125 432.158 303.243
  14 0.3375 431.752 303.711
  15 0.3625 431.708 297.941
  16 0.3875 432.368 302.141
  17 0.4125 431.456 308.376
  18 0.4375 431.14 313.284
  19 0.4625 431.774 315.97
  20 0.4875 432.532 318.855
  21 0.5125 432.494 326.877
  22 0.5375 432.002 316.832
  23 0.5625 432.926 323.92
  24 0.5875 432.064 319.334
  25 0.6125 431.74 315.752
  26 0.6375 431.436 305.97
  27 0.6625 432.314 307.111
  28 0.6875 431.066 297.085
  29 0.7125 431.78 306.925
  30 0.7375 430.726 304.803
  31 0.7625 432.41 304.667
  32 0.7875 432.05 309.989
  33 0.8125 432.374 307.81
  34 0.8375 432.214 302.707
  35 0.8625 433.184 299.196
  36 0.8875 433.124 295.016
  37 0.9125 431.544 297.79
  38 0.9375 432.24 295.362
  39 0.9625 432.628 292.112
  40 0.9875 431.994 284.067
260000 40 17280
  1 0.0125 432.362 284.903
  2 0.0375 431.106 278.254
  3 0.0625 431.484 277.346
  4 0.0875 431.692 282.66
  5 0.1125 432.01 283.703
  6 0.1375 432.108 284.555
  7 0.1625 432.178 291.592
  8 0.1875 431.742 288.712
  9 0.2125 433.348 299.445
  10 0.2375 431.832 295.32
  11 0.2625 433.004 294.306
  12 0.2875 431.9 292.329
  13 0.3125 431.472 294.738
  14 0.3375 433.06 300.667
  15 0.3625 431.658 305.58
  16 0.3875 432.402 302.168
  17 0.4125 431.518 306.539
  18 0.4375 431.596 308.538
  19 0.4625 431.446 317.317
  20 0.4875 431.61 319.512
  21 0.5125 431.434 322.794
  22 0.5375 432.332 324.605
  23 0.5625 431.294 321.029
  24 0.5875 432.172 319.228
  25 0.6125 431.36 323.889
  26 0.6375 433.192 313.334
  27 0.6625 430.91 314.105
  28 0.6875 431.59 312.13
  29 0.7125 432.378 311.431
  30 0.7375 432.266 304.475
  31 0.7625 432.292 301.207
  32 0.7875 432.098 302.533
  33 0.8125 432.836 296.179
  34 0.8375 432.868 297.175
  35 0.8625 431.746 292.161
  36 0.8875 431.404 298.896
  37 0.9125 432.25 294.795
  38 0.9375 432.5 287.46
  39 0.9625 432.34 285.979
  40 0.9875 431.21 292.633
265000 40 17279.999999999996
  1 0.0125 432.336 275.908
  2 0.0375 432.336 277.462
  3 0.0625 432.418 277.481
  4 0.0875 431.8 275.177
  5 0.1125 431.944 277.736
  6 0.1375 433.108 284.234
  7 0.1625 432.014 293.191
  8 0.1875 431.616 297.376
  9 0.2125 432.758 299.378
  10 0.2375 431.822 293.082
  11 0.2625 431.052 297.649
  12 0.2875 432.398 299.754
  13 0.3125 432.482 292.386
  14 0.3375 431.9 303.459
  15 0.3625 431.974 304.965
  16 0.3875 431.018 309.058
  17 0.4125 430.552 311.815
  18 0.4375 432.39 311.197
  19 0.4625 431.436 310.247
  20 0.4875 433.162 311.007
  21 0.5125 431.57 323.009
  22 0.5375 431.928 328.236
  23 0.5625 433.128 317.594
  24 0.5875 430.908 319.708
  25 0.6125 431.978 318.778
  26 0.6375 431.962 318.341
  27 0.6625 431.424 306.519
  28 0.6875 433.188 305.846
  29 0.7125 432.15 311.309
  30 0.7375 431.204 310.579
  31 0.7625 431.806 299.336
  32 0.7875 431.242 301.354
  33 0.8125 432.394 302.558
  34 0.8375 432.172 298.728
  35 0.8625 431.774 295.128
  36 0.8875 431.254 296.934
  37 0.9125 431.6 297.172
  38 0.9375 433.108 294.263
  39 0.9625 432.322 291.194
  40 0.9875 432.372 284.133
270000 40 17280
  1 0.0125 432.038 273.91
  2 0.0375 431.814 272.296
  3 0.0625 432.27 272.417
  4 0.0875 432.572 272.852
  5 0.1125 432.032 281.875
  6 0.1375 433.054 283.722
  7 0.1625 431.566 287.542
  8 0.1875 432.91 296.069
  9 0.2125 431.724 297.563
  10 0.2375 432.988 299.709
  11 0.2625 432.254 295.661
  12 0.2875 431.466 295.425
  13 0.3125 431.824 295.683
  14 0.3375 432.292 303.762
  15 0.3625 431.12 306.835
  16 0.3875 431.97 308.199
  17 0.4125 431.546 302.768
  18 0.4375 431.056 313.352
  19 0.4625 432.05 310.401
  20 0.4875 432.194 314.634
  21 0.5125 431.83 323.278
  22 0.5375 432.692 326.801
  23 0.5625 432.548 322.012
  24 0.5875 431.784 317.554
  25 0.6125 432.076 321.821
  26 0.6375 432.052 321.077
  27 0.6625 432.026 307.07
  28 0.6875 431.33 309.678
  29 0.7125 432.06 311.732
  30 0.7375 432.654 301.39
  31 0.7625 431.646 306.758
  32 0.7875 431.606 314.661
  33 0.8125 432.338 301.153
  34 0.8375 432.022 304.114
  35 0.8625 431.43 294.481
  36 0.8875 430.428 296.854
  37 0.9125 431.908 290.75
  38 0.9375 432.536 290.754
  39 0.9625 432 293.183
  40 0.9875 432.294 283.618
275000 40 17279.999999999996
  1 0.0125 432.232 272.06
  2 0.0375 432.722 270.628
  3 0.0625 430.966 277.551
  4 0.0875 431.956 280.744
  5 0.1125 432.35 291.963
  6 0.1375 432.148 285.726
  7 0.1625 433.124 281.299
  8 0.1875 432.644 295.403
  9 0.2125 432.708 292.324
  10 0.2375 431.4 290.899
  11 0.2625 431.92 299.88
  12 0.2875 432.772 297.915
  13 0.3125 431.438 295.956
  14 0.3375 431.302 300.327
  15 0.3625 431.802 301.546
  16 0.3875 432.876 314.045
  17 0.4125 431.624 310.226
  18 0.4375 432.052 312.953
  19 0.4625 432.092 320.861
  20 0.4875 432.458 314.157
  21 0.5125 431.776 316.527
  22 0.5375 432.564 323.764
  23 0.5625 431.164 322.012
  24 0.5875 432.076 319.441
  25 0.6125 431.354 321.321
  26 0.6375 431.748 318.361
  27 0.6625 430.92 306.321
  28 0.6875 431.426 308.927
  29 0.7125 432.836 304.16
  30 0.7375 431.78 310.882
  31 0.7625 431.784 305.021
  32 0.7875 431.192 317.225
  33 0.8125 432.416 299.91
  34 0.8375 432.01 302.203
  35 0.8625 432.416 294.963
  36 0.8875 431.896 293.341
  37 0.9125 431.912 292.845
  38 0.9375 432.506 289.638
  39 0.9625 431.662 284.126
  40 0.9875 431.976 285.105
280000 40 17280.000000000004
  1 0.0125 432.202 283.305
  2 0.0375 431.922 279.103
  3 0.0625 431.652 277.987
  4 0.0875 432.83 276.01
  5 0.1125 432.32 281.55
  6 0.1375 431.986 287.511
  7 0.1625 431.646 281.014
  8 0.1875 432.2 290.929
  9 0.2125 431.736 295.96
  10 0.2375 430.51 304.043
  11 0.2625 433.02 293.382
  12 0.2875 431.314 293.198
  13 0.3125 430.872 294.563
  14 0.3375 432.028 298.641
  15 0.3625 431.564 303.092
  16 0.3875 432.464 310.545
  17 0.4125 430.87 308.909
  18 0.4375 431.66 313.039
  19 0.4625 431.196 309.973
  20 0.4875 431.88 315.439
  21 0.5125 431.314 320.887
  22 0.5375 432.442 324.623
  23 0.5625 432.542 325.519
  24 0.5875 431.728 325.413
  25 0.6125 432.39 317.379
  26 0.6375 431.082 315.096
  27 0.6625 432.248 317.306
  28 0.6875 431.348 310.905
  29 0.7125 432.172 303.84
  30 0.7375 432.666 298.577
  31 0.7625 431.798 296.309
  32 0.7875 432.834 302.697
  33 0.8125 432.004 300.975
  34 0.8375 432.004 302.01
  35 0.8625 432.522 297.294
  36 0.8875 431.904 296.056
  37 0.9125 432.808 296.321
  38 0.9375 432.682 295.836
  39 0.9625 432.84 289.672
  40 0.9875 432.8 288.872
285000 40 17279.999999999996
  1 0.0125 432.206 282.288
  2 0.0375 432.938 280.629
  3 0.0625 431.092 274.517
  4 0.0875 431.748 279.034
  5 0.1125 431.468 287.966
  6 0.1375 431.408 289.232
  7 0.1625 432.714 287.947
  8 0.1875 431.422 284.972
  9 0.2125 431.922 294.474
  10 0.2375 432.446 296.072
  11 0.2625 431.2 297.246
  12 0.2875 431.942 294.62
  13 0.3125 432.332 301.919
  14 0.3375 431.434 306.686
  15 0.3625 431.46 298.886
  16 0.3875 432.322 303.188
  17 0.4125 432.226 310.106
  18 0.4375 431.636 312.63
  19 0.4625 431.636 310.942
  20 0.4875 431.372 312.164
  21 0.5125 432.198 320.471
  22 0.5375 431.434 330.97
  23 0.5625 431.472 327.169
  24 0.5875 431.758 326.839
  25 0.6125 431.754 314.959
  26 0.6375 433.07 313.181
  27 0.6625 431.77 321.361
  28 0.6875 432.818 307.315
  29 0.7125 431.862 304.889
  30 0.7375 432.262 304.357
  31 0.7625 432.71 308.409
  32 0.7875 432.4 300.935
  33 0.8125 431.896 298.412
  34 0.8375 431.778 292.168
  35 0.8625 431.908 292.493
  36 0.8875 431.596 293.818
  37 0.9125 432.272 298.388
  38 0.9375 432.016 297.13
  39 0.9625 433.138 279.441
  40 0.9875 432.964 284.827
290000 40 17280.000000000004
  1 0.0125 432.44 278.59
  2 0.0375 431.742 277.297
  3 0.0625 432.286 274.2
  4 0.0875 431.066 284.28
  5 0.1125 432.552 282.554
  6 0.1375 431.87 292.997
  7 0.1625 431.802 292.001
  8 0.1875 431.624 288.144
  9 0.2125 432.236 296.944
  10 0.2375 431.266 290.185
  11 0.2625 433.138 297.849
  12 0.2875 432.258 298.637
  13 0.3125 431.97 295.664
  14 0.3375 432.096 303.745
  15 0.3625 432.47 299.477
  16 0.3875 431.826 305.171
  17 0.4125 432.272 307.006
  18 0.4375 430.476 305.444
  19 0.4625 431.402 308.186
  20 0.4875 431.924 320.721
  21 0.5125 432.458 327.97
  22 0.5375 431.436 326.891
  23 0.5625 431.568 322.23
  24 0.5875 431.09 317.938
  25 0.6125 431.336 330.061
  26 0.6375 432.436 315.881
  27 0.6625 431.846 311.955
  28 0.6875 432.066 313.237
  29 0.7125 432.368 305.593
  30 0.7375 432.37 298.961
  31 0.7625 431.67 308.34
  32 0.7875 432.878 300.517
  33 0.8125 431.638 295.621
  34 0.8375 432.042 300.11
  35 0.8625 432.886 298.265
  36 0.8875 430.94 290.23
  37 0.9125 432.512 295.254
  38 0.9375 432.448 294.284
  39 0.9625 433.044 286.121
  40 0.9875 432.252 285.245
295000 40 17279.999999999996
  1 0.0125 432.406 281.92
  2 0.0375 432.158 274.952
  3 0.0625 431.876 274.994
  4 0.0875 432.242 283.709
  5 0.1125 431.296 287.889
  6 0.1375 432.468 291.821
  7 0.1625 431.76 292.052
  8 0.1875 431.888 291.693
  9 0.2125 431.92 293.814
  10 0.2375 431.798 291.752
  11 0.2625 432.222 295.027
  12 0.2875 431.418 295.443
  13 0.3125 430.722 298.782
  14 0.3375 430.924 303.164
  15 0.3625 431.616 301.472
  16 0.3875 431.948 307.693
  17 0.4125 432.346 309.958
  18 0.4375 432.988 311.469
  19 0.4625 430.696 313.075
  20 0.4875 431.32 313.197
  21 0.5125 431.818 318.114
  22 0.5375 432.538 320.833
  23 0.5625 432.678 327.22
  24 0.5875 432.206 318.803
  25 0.6125 431.884 319.856
  26 0.6375 432.858 319.726
  27 0.6625 431.898 316.645
  28 0.6875 431.716 309.306
  29 0.7125 431.71 299.866
  30 0.7375 432.28 301.622
  31 0.7625 432.142 304.765
  32 0.7875 432.498 299.743
  33 0.8125 432.606 296.94
  34 0.8375 431.846 302.081
  35 0.8625 432.192 306.559
  36 0.8875 432.098 291.121
  37 0.9125 432.694 285.788
  38 0.9375 431.954 291.325
  39 0.9625 431.91 292.757
  40 0.9875 432.462 286.578
300000 40 17280
  1 0.0125 431.018 287.237
  2 0.0375 431.856 283.077
  3 0.0625 432.78 278.322
  4 0.0875 432.662 284.336
  5 0.1125 431.578 289.762
  6 0.1375 431.446 295.109
  7 0.1625 432.002 286.077
  8 0.1875 432.564 286.403
  9 0.2125 431.324 286.173
  10 0.2375 432.232 293.047
  11 0.2625 432 299.372
  12 0.2875 432.606 306.419
  13 0.3125 431.038 307.273
  14 0.3375 431.21 298.764
  15 0.3625 432.256 297.802
  16 0.3875 431.582 310.416
  17 0.4125 432.048 312.245
  18 0.4375 432.148 308.315
  19 0.4625 432.296 311.747
  20 0.4875 432.24 320.31
  21 0.5125 432.448 321.521
  22 0.5375 432.476 325.183
  23 0.5625 431.894 323.031
  24 0.5875 432.352 307.24
  25 0.6125 431.474 314.871
  26 0.6375 431.246 313.495
  27 0.6625 431.688 305.067
  28 0.6875 431.428 295.564
  29 0.7125 431.614 298.577
  30 0.7375 432.608 301.746
  31 0.7625 431.846 303.382
  32 0.7875 432.782 297.316
  33 0.8125 433.26 295.646
  34 0.8375 430.922 306.819
  35 0.8625 431.798 305.176
  36 0.8875 432.306 297.008
  37 0.9125 431.818 288.905
  38 0.9375 431.95 295.643
  39 0.9625 432.516 295.542
  40 0.9875 432.688 289.97
305000 40 17279.999999999996
  1 0.0125 432.04 289.635
  2 0.0375 432.362 280.903
  3 0.0625 431.208 281.177
  4 0.0875 432.478 282.39
  5 0.1125 431.87 289.011
  6 0.1375 432.16 283.978
  7 0.1625 432.066 291.259
  8 0.1875 431.116 284.699
  9 0.2125 432.102 289.379
  10 0.2375 431.174 295.561
  11 0.2625 432.53 306.612
  12 0.2875 431.262 306.465
  13 0.3125 431.774 304.836
  14 0.3375 432.962 305.922
  15 0.3625 431.866 317.305
  16 0.3875 431.45 313.573
  17 0.4125 433.328 311.313
  18 0.4375 432.358 306.098
  19 0.4625 433.284 304.873
  20 0.4875 431.96 313.378
  21 0.5125 432.036 317.055
  22 0.5375 432.028 323.784
  23 0.5625 431.202 323.118
  24 0.5875 431.32 314.593
  25 0.6125 431.308 313.597
  26 0.6375 432.136 305.752
  27 0.6625 431.458 303.468
  28 0.6875 431.618 302.51
  29 0.7125 432.308 296.341
  30 0.7375 432.382 297.917
  31 0.7625 431.814 297.793
  32 0.7875 432.936 290.277
  33 0.8125 431.966 302.123
  34 0.8375 431.984 310.653
  35 0.8625 432.004 304.13
  36 0.8875 431.808 297.164
  37 0.9125 431.974 300.023
  38 0.9375 431.544 291.873
  39 0.9625 432.564 287.731
  40 0.9875 432.26 285.99
310000 40 17279.999999999996
  1 0.0125 432.142 279.338
  2 0.0375 432.278 284.193
  3 0.0625 431.068 281.235
  4 0.0875 431.842 280.391
  5 0.1125 431.03 283.395
  6 0.1375 431.81 287.458
  7 0.1625 431.01 286.41
  8 0.1875 432.066 289.16
  9 0.2125 432.526 294.385
  10 0.2375 431.958 294.167
  11 0.2625 431.84 304.575
  12 0.2875 431.93 303.128
  13 0.3125 431.644 306.755
  14 0.3375 432.89 307.726
  15 0.3625 431.88 306.958
  16 0.3875 433.224 302.149
  17 0.4125 432.192 309.436
  18 0.4375 431.712 308.018
  19 0.4625 433.366 312.577
  20 0.4875 431.856 313.204
  21 0.5125 431.884 324.421
  22 0.5375 431.528 310.757
  23 0.5625 431.616 316.77
  24 0.5875 431.416 319.827
  25 0.6125 432.66 315.892
  26 0.6375 430.91 313.139
  27 0.6625 432.706 310.41
  28 0.6875 432.2 302.761
  29 0.7125 431.752 294.861
  30 0.7375 432.184 297.765
  31 0.7625 432.316 299.935
  32 0.7875 432.774 299.859
  33 0.8125 433.292 309.671
  34 0.8375 432.062 304.166
  35 0.8625 431.418 304.536
  36 0.8875 432.28 294.042
  37 0.9125 430.76 296.881
  38 0.9375 431.84 290.008
  39 0.9625 432.402 295.505
  40 0.9875 431.736 287.249
315000 40 17280
  1 0.0125 432.548 279.803
  2 0.0375 431.91 278.479
  3 0.0625 432.148 283.348
  4 0.0875 431.832 286.16
  5 0.1125 432.804 285.91
  6 0.1375 431.094 280.01
  7 0.1625 432.054 284.463
  8 0.1875 432.226 289.346
  9 0.2125 431.526 295.142
  10 0.2375 432.45 294.818
  11 0.2625 431.132 300.664
  12 0.2875 432.946 300.613
  13 0.3125 431.662 300.444
  14 0.3375 432.948 304.221
  15 0.3625 431.582 305.69
  16 0.3875 432.284 311.574
  17 0.4125 432.598 302.919
  18 0.4375 431.998 311.785
  19 0.4625 432.68 308.363
  20 0.4875 431.278 309.426
  21 0.5125 432.326 319.001
  22 0.5375 432.528 318.413
  23 0.5625 431.014 322.374
  24 0.5875 432.75 316.165
  25 0.6125 431.63 318.545
  26 0.6375 431.508 312.274
  27 0.6625 432.392 311.8
  28 0.6875 431.83 312.236
  29 0.7125 432.39 305.182
  30 0.7375 432.306 298.696
  31 0.7625 432.104 304.15
  32 0.7875 431.16 303.398
  33 0.8125 431.324 299.099
  34 0.8375 431.25 295.354
  35 0.8625 432.322 297.887
  36 0.8875 432.496 304.104
  37 0.9125 432.056 295.541
  38 0.9375 432.236 294.489
  39 0.9625 431.196 298.199
  40 0.9875 431.482 283.214
320000 40 17280.000000000004
  1 0.0125 432.218 274.761
  2 0.0375 432.666 270.883
  3 0.0625 431.802 280.866
  4 0.0875 432.134 298.102
  5 0.1125 431.488 287.776
  6 0.1375 432.324 282.563
  7 0.1625 432.238 292.416
  8 0.1875 432.784 291.756
  9 0.2125 432.294 294.643
  10 0.2375 432.888 295.589
  11 0.2625 430.928 299.134
  12 0.2875 432.3 300.242
  13 0.3125 431.9 295.019
  14 0.3375 433.366 294.293
  15 0.3625 431.244 305.118
  16 0.3875 431.808 314.584
  17 0.4125 432.77 316.485
  18 0.4375 432.356 315.356
  19 0.4625 432.256 315.798
  20 0.4875 432.378 306.043
  21 0.5125 432.718 316.567
  22 0.5375 432.236 317.842
  23 0.5625 432.158 315.547
  24 0.5875 431.032 322.946
  25 0.6125 431.152 310.178
  26 0.6375 432.006 315.911
  27 0.6625 431.762 304.59
  28 0.6875 431.596 304.445
  29 0.7125 432.2 304.945
  30 0.7375 431.814 308.024
  31 0.7625 431.504 307.694
  32 0.7875 432.804 301.918
  33 0.8125 431.502 305.765
  34 0.8375 432.012 299.594
  35 0.8625 432.1 303.466
  36 0.8875 431.574 301.738
  37 0.9125 431.412 289.789
  38 0.9375 431.258 291.724
  39 0.9625 430.748 285.443
  40 0.9875 432.27 283.208
325000 40 17280.000000000007
  1 0.0125 432.888 282.207
  2 0.0375 432.44 278.279
  3 0.0625 431.14 284.365
  4 0.0875 431.87 285.95
  5 0.1125 431.708 292.856
  6 0.1375 432.1 292.797
  7 0.1625 432.392 293.852
  8 0.1875 431.976 292.581
  9 0.2125 431.44 293.441
  10 0.2375 431.9 293.463
  11 0.2625 431.172 296.441
  12 0.2875 431.77 297.845
  13 0.3125 432.168 293.015
  14 0.3375 431.604 296.224
  15 0.3625 431.378 305.603
  16 0.3875 431.966 307.988
  17 0.4125 432.362 313.81
  18 0.4375 432.978 313.832
  19 0.4625 432.394 316.875
  20 0.4875 432.708 311.868
  21 0.5125 432.68 314.599
  22 0.5375 431.242 316.543
  23 0.5625 432.316 311.832
  24 0.5875 431.806 312.604
  25 0.6125 431.806 317.461
  26 0.6375 431.428 314.134
  27 0.6625 431.73 312.962
  28 0.6875 432.11 311.968
  29 0.7125 431.638 306.103
  30 0.7375 431.558 301.087
  31 0.7625 432.26 305.291
  32 0.7875 432.46 300.295
  33 0.8125 432.208 303.383
  34 0.8375 431.278 299.714
  35 0.8625 432.556 298.549
  36 0.8875 431.744 295.334
  37 0.9125 432.756 294.184
  38 0.9375 432.338 291.366
  39 0.9625 431.8 287.8
  40 0.9875 431.932 284.503
330000 40 17280
  1 0.0125 431.136 280.577
  2 0.0375 432.374 277.079
  3 0.0625 431.176 289.503
  4 0.0875 432.036 290.92
  5 0.1125 432.024 296.058
  6 0.1375 432.33 292.681
  7 0.1625 432.772 294.079
  8 0.1875 430.854 297.242
  9 0.2125 432.242 298.482
  10 0.2375 432.494 292.4
  11 0.2625 431.314 296.648
  12 0.2875 431.582 292.745
  13 0.3125 431.764 297.952
  14 0.3375 431.286 303.217
  15 0.3625 432.964 304.891
  16 0.3875 432.378 298.27
  17 0.4125 431.364 303.848
  18 0.4375 433.112 310.473
  19 0.4625 431.682 310.218
  20 0.4875 431.258 310.073
  21 0.5125 432.396 322.371
  22 0.5375 432.142 319.957
  23 0.5625 432.188 315.231
  24 0.5875 431.656 322.124
  25 0.6125 432.158 314.003
  26 0.6375 431.994 308.771
  27 0.6625 432.968 307.694
  28 0.6875 430.53 313.282
  29 0.7125 433.028 306.177
  30 0.7375 432.784 308.911
  31 0.7625 431.02 311.711
  32 0.7875 432.38 306.542
  33 0.8125 432.856 297.384
  34 0.8375 432.122 301.522
  35 0.8625 432.276 298.168
  36 0.8875 431.984 291.839
  37 0.9125 431.7 286.575
  38 0.9375 432.4 287.655
  39 0.9625 431.336 280.862
  40 0.9875 431.94 284.736
335000 40 17280.000000000004
  1 0.0125 432.868 288.405
  2 0.0375 432.176 281.545
  3 0.0625 431.688 281.028
  4 0.0875 432.154 283.35
  5 0.1125 432.898 289.827
  6 0.1375 431.976 292.248
  7 0.1625 431.692 291.743
  8 0.1875 431.754 291.212
  9 0.2125 431.678 296.736
  10 0.2375 432.492 300.709
  11 0.2625 431.774 296.226
  12 0.2875 431.466 302.475
  13 0.3125 431.524 299.914
  14 0.3375 432.098 303.796
  15 0.3625 431.636 294.456
  16 0.3875 432.062 296.685
  17 0.4125 432.512 302.187
  18 0.4375 432.262 311.345
  19 0.4625 431.888 312.547
  20 0.4875 432.044 309.102
  21 0.5125 431.036 321.565
  22 0.5375 431.274 315.581
  23 0.5625 430.864 318.262
  24 0.5875 433.554 316.919
  25 0.6125 431.968 315.662
  26 0.6375 432.226 311.776
  27 0.6625 432.258 312.344
  28 0.6875 431.044 306.705
  29 0.7125 431.858 308.2
  30 0.7375 431.822 303.028
  31 0.7625 432.148 312.391
  32 0.7875 431.592 306.279
  33 0.8125 432.522 303.367
  34 0.8375 432.596 300.138
  35 0.8625 432.604 299.553
  36 0.8875 432.172 294.676
  37 0.9125 431.9 288.366
  38 0.9375 432.128 287.414
  39 0.9625 431.558 286.582
  40 0.9875 432.234 289.559
340000 40 17279.999999999996
  1 0.0125 431.714 278.598
  2 0.0375 432.726 280.955
  3 0.0625 432.46 283.022
  4 0.0875 432.45 282.005
  5 0.1125 432.206 287.657
  6 0.1375 432.268 291.349
  7 0.1625 431.654 293.051
  8 0.1875 431.656 297.399
  9 0.2125 432.018 306.372
  10 0.2375 431.086 309.839
  11 0.2625 431.772 294.965
  12 0.2875 431.818 300.991
  13 0.3125 431.692 301.484
  14 0.3375 432.352 296.895
  15 0.3625 432.546 293.616
  16 0.3875 431.832 303.019
  17 0.4125 431.786 305.051
  18 0.4375 432.2 308.309
  19 0.4625 431.374 301.919
  20 0.4875 431.382 314.323
  21 0.5125 431.612 316.097
  22 0.5375 432.35 314.067
  23 0.5625 431.956 322.554
  24 0.5875 431.022 314.29
  25 0.6125 432.148 310.777
  26 0.6375 432.16 317.99
  27 0.6625 432.308 316.175
  28 0.6875 431.862 314.821
  29 0.7125 431.978 308.807
  30 0.7375 431.65 303.059
  31 0.7625 433.362 306.089
  32 0.7875 431.938 306.564
  33 0.8125 432.492 306.688
  34 0.8375 432.212 298.457
  35 0.8625 430.764 296.753
  36 0.8875 432.764 287.33
  37 0.9125 431.772 288.021
  38 0.9375 432.264 290.769
  39 0.9625 432.378 288.474
  40 0.9875 432.016 285.506
345000 40 17280.000000000004
  1 0.0125 432.232 285.699
  2 0.0375 431.936 279.106
  3 0.0625 432.136 282.656
  4 0.0875 432.206 282.112
  5 0.1125 431.96 289.198
  6 0.1375 432.182 292.359
  7 0.1625 431.836 291.527
  8 0.1875 431.032 301.012
  9 0.2125 432.314 300.46
  10 0.2375 432.494 299.923
  11 0.2625 432.548 295.145
  12 0.2875 431.266 301.033
  13 0.3125 432.218 302.005
  14 0.3375 431.31 300.412
  15 0.3625 432.006 293.169
  16 0.3875 431.376 299.354
  17 0.4125 432.254 299.374
  18 0.4375 431.638 304.24
  19 0.4625 432.612 309.595
  20 0.4875 432.724 315.294
  21 0.5125 431.578 319.19
  22 0.5375 431.674 319.793
  23 0.5625 432.112 322.529
  24 0.5875 432.77 319.067
  25 0.6125 431.952 320.137
  26 0.6375 431.668 317.573
  27 0.6625 431.35 309.318
  28 0.6875 433.124 309.758
  29 0.7125 432.368 310.908
  30 0.7375 432.432 305.184
  31 0.7625 431.604 311.515
  32 0.7875 431.378 299.554
  33 0.8125 432.824 303.188
  34 0.8375 431.422 296.992
  35 0.8625 431.556 296.302
  36 0.8875 431.468 294.374
  37 0.9125 432.458 288.974
  38 0.9375 431.96 289.182
  39 0.9625 431.748 285.944
  40 0.9875 432.274 280.857
350000 40 17280
  1 0.0125 432.984 281.981
  2 0.0375 431.934 281.688
  3 0.0625 432.088 287.737
  4 0.0875 432.732 286.4
  5 0.1125 431.456 288.444
  6 0.1375 431.584 291.33
  7 0.1625 431.834 299.25
  8 0.1875 432.486 294.023
  9 0.2125 431.432 296.612
  10 0.2375 432.446 297.036
  11 0.2625 431.734 304.894
  12 0.2875 432.488 294.037
  13 0.3125 430.924 295.093
  14 0.3375 431.928 299.627
  15 0.3625 431.606 307.485
  16 0.3875 431.914 302.852
  17 0.4125 431.596 300.935
  18 0.4375 431.546 309.055
  19 0.4625 431.606 305.125
  20 0.4875 432.672 312.241
  21 0.5125 432.078 315.153
  22 0.5375 431.33 316.619
  23 0.5625 430.754 314.586
  24 0.5875 432.282 315.707
  25 0.6125 431.36 310.925
  26 0.6375 432.058 313.975
  27 0.6625 432.196 317.838
  28 0.6875 432.564 312.283
  29 0.7125 431.41 315.707
  30 0.7375 431.296 308.058
  31 0.7625 432.414 302.793
  32 0.7875 432.684 307.374
  33 0.8125 432.452 301.838
  34 0.8375 432.606 297.672
  35 0.8625 431.8 293.51
  36 0.8875 431.986 291.581
  37 0.9125 432.6 291.635
  38 0.9375 432.772 289.457
  39 0.9625 432.648 288.135
  40 0.9875 431.72 283.159
355000 40 17279.999999999996
  1 0.0125 432.484 276.299
  2 0.0375 432.908 284.561
  3 0.0625 431.916 284.999
  4 0.0875 432.312 289.951
  5 0.1125 433.036 292.013
  6 0.1375 431.638 292.525
  7 0.1625 432.84 299.689
  8 0.1875 430.766 308.648
  9 0.2125 432.016 300.384
  10 0.2375 432.214 297.656
  11 0.2625 431.422 292.664
  12 0.2875 431.36 294.016
  13 0.3125 432.178 297.402
  14 0.3375 431.538 300.707
  15 0.3625 432.57 300.171
  16 0.3875 432.598 297.721
  17 0.4125 431.594 306.641
  18 0.4375 432.18 308.315
  19 0.4625 431.974 310.671
  20 0.4875 431.866 311.186
  21 0.5125 431.734 317.265
  22 0.5375 431.088 319.225
  23 0.5625 432.802 321.066
  24 0.5875 432.082 316.98
  25 0.6125 431.076 307.38
  26 0.6375 431.526 309.269
  27 0.6625 430.754 307.404
  28 0.6875 431.944 305.314
  29 0.7125 431.538 310.188
  30 0.7375 433.594 314.377
  31 0.7625 431.658 310.235
  32 0.7875 431.946 304
  33 0.8125 431.694 299.89
  34 0.8375 431.966 296.853
  35 0.8625 431.304 298.172
  36 0.8875 432.788 295.013
  37 0.9125 431.722 288.995
  38 0.9375 432.754 289.569
  39 0.9625 432.41 282.908
  40 0.9875 432.21 283.633
360000 40 17280
  1 0.0125 432.61 280.728
  2 0.0375 432.656 285.241
  3 0.0625 431.782 287.535
  4 0.0875 431.938 282.619
  5 0.1125 432.342 281.545
  6 0.1375 431.612 291.405
  7 0.1625 431.508 300.606
  8 0.1875 431.308 303.225
  9 0.2125 432.022 307.546
  10 0.2375 431.378 303.015
  11 0.2625 432.044 295.909
  12 0.2875 432.21 297.573
  13 0.3125 431.736 300.071
  14 0.3375 431.192 308.707
  15 0.3625 431.704 304.058
  16 0.3875 431.472 297.476
  17 0.4125 432.64 297.172
  18 0.4375 432.424 307.518
  19 0.4625 432.098 304.75
  20 0.4875 432.836 308.831
  21 0.5125 431.578 314.715
  22 0.5375 431.9 320.847
  23 0.5625 431.636 314.677
  24 0.5875 431.254 320.834
  25 0.6125 432.19 315.836
  26 0.6375 431.324 309.714
  27 0.6625 432.744 297.892
  28 0.6875 432.356 311.212
  29 0.7125 432.086 307.413
  30 0.7375 432.566 304.586
  31 0.7625 432.338 304.497
  32 0.7875 433.076 304.163
  33 0.8125 431.834 297.124
  34 0.8375 430.908 302.955
  35 0.8625 431.202 300.146
  36 0.8875 431.752 289.395
  37 0.9125 432.536 292.689
  38 0.9375 432.172 294.896
  39 0.9625 432.178 288.659
  40 0.9875 432.858 287.32
365000 40 17280
  1 0.0125 431.906 276.31
  2 0.0375 431.646 276.053
  3 0.0625 431.918 279.508
  4 0.0875 432.578 283.524
  5 0.1125 431.906 287.522
  6 0.1375 432.472 296.094
  7 0.1625 431.432 294.315
  8 0.1875 432.798 298.658
  9 0.2125 430.818 295.93
  10 0.2375 432.024 299.904
  11 0.2625 431.96 300.428
  12 0.2875 431.932 301.447
  13 0.3125 431.426 296.079
  14 0.3375 431.53 300.8
  15 0.3625 432.136 298.598
  16 0.3875 432.154 298.205
  17 0.4125 431.978 300.018
  18 0.4375 431.684 306.027
  19 0.4625 432.118 309.357
  20 0.4875 431.978 312.887
  21 0.5125 432.212 318.436
  22 0.5375 431.456 317.711
  23 0.5625 432.026 306.876
  24 0.5875 430.996 311.602
  25 0.6125 432.734 310.851
  26 0.6375 431.992 308.676
  27 0.6625 432.108 315.314
  28 0.6875 433.128 312.45
  29 0.7125 432.154 308.857
  30 0.7375 432.176 309.432
  31 0.7625 432.278 301.228
  32 0.7875 432.338 303.876
  33 0.8125 431.318 304.11
  34 0.8375 432.266 297.914
  35 0.8625 431.764 302.419
  36 0.8875 433.87 304.518
  37 0.9125 432.092 302.059
  38 0.9375 431.536 300.653
  39 0.9625 431.842 291.304
  40 0.9875 431.32 283.514
370000 40 17280
  1 0.0125 432.2 288.264
  2 0.0375 431.776 280.154
  3 0.0625 432.366 276.801
  4 0.0875 431.866 285.567
  5 0.1125 432.526 287.453
  6 0.1375 432.342 293.598
  7 0.1625 431.008 300.461
  8 0.1875 432.234 298.435
  9 0.2125 432.518 294.95
  10 0.2375 432.788 293.962
  11 0.2625 432.01 296.528
  12 0.2875 432.396 297.099
  13 0.3125 431.3 296.797
  14 0.3375 432.97 299.305
  15 0.3625 431.944 295.878
  16 0.3875 431.832 301.783
  17 0.4125 431.478 300.451
  18 0.4375 431.398 304.417
  19 0.4625 432.198 318.981
  20 0.4875 432.594 316.859
  21 0.5125 431.714 317.227
  22 0.5375 432.032 313.209
  23 0.5625 431.896 315.996
  24 0.5875 431.444 313.016
  25 0.6125 431.702 311.027
  26 0.6375 432.676 307.116
  27 0.6625 431.302 300.904
  28 0.6875 431.98 305.145
  29 0.7125 432.234 311.937
  30 0.7375 430.832 305.354
  31 0.7625 433.438 306.709
  32 0.7875 432.726 301.813
  33 0.8125 430.776 299.76
  34 0.8375 432.546 296.555
  35 0.8625 432.038 299.122
  36 0.8875 432.206 304.843
  37 0.9125 431.8 302.939
  38 0.9375 432.05 301.455
  39 0.9625 431.132 294.203
  40 0.9875 431.732 287.744
375000 40 17280.000000000004
  1 0.0125 431.236 281.292
  2 0.0375 431.468 286.982
  3 0.0625 431.746 288.224
  4 0.0875 431.564 285.064
  5 0.1125 432.116 290.954
  6 0.1375 431.318 288.91
  7 0.1625 431.986 295.204
  8 0.1875 431.672 293.038
  9 0.2125 432.476 298.902
  10 0.2375 432.158 298.765
  11 0.2625 432.268 298.275
  12 0.2875 430.876 293.347
  13 0.3125 431.626 295.527
  14 0.3375 431.558 300.474
  15 0.3625 432.286 296
  16 0.3875 431.256 301.798
  17 0.4125 432.65 311.179
  18 0.4375 432.868 305.829
  19 0.4625 431.878 309.825
  20 0.4875 432.404 309.135
  21 0.5125 431.34 323.313
  22 0.5375 432.106 321.778
  23 0.5625 433.254 315.685
  24 0.5875 432.444 310.728
  25 0.6125 431.558 310.348
  26 0.6375 432.188 305.323
  27 0.6625 432.078 310.185
  28 0.6875 432.336 303.307
  29 0.7125 431.912 300.284
  30 0.7375 432.622 303.596
  31 0.7625 432.594 303.631
  32 0.7875 431.32 307.05
  33 0.8125 432.034 296.479
  34 0.8375 431.986 297.357
  35 0.8625 432.142 294.338
  36 0.8875 432.652 293.795
  37 0.9125 431.786 300.263
  38 0.9375 431.954 299.15
  39 0.9625 432.294 303.716
  40 0.9875 431.99 294.749
380000 40 17280.000000000004
  1 0.0125 432.772 288.909
  2 0.0375 431.304 286.339
  3 0.0625 432.088 283.357
  4 0.0875 431.706 287.305
  5 0.1125 431.998 295.632
  6 0.1375 432.122 285.854
  7 0.1625 431.766 290.641
  8 0.1875 431.206 290.834
  9 0.2125 431.446 297.295
  10 0.2375 431.57 304.282
  11 0.2625 430.86 290.504
  12 0.2875 431.506 294.885
  13 0.3125 432.078 296.922
  14 0.3375 431.734 290.76
  15 0.3625 432.91 300.716
  16 0.3875 431.488 302.218
  17 0.4125 431.988 311.797
  18 0.4375 433.102 310.009
  19 0.4625 431.658 308.686
  20 0.4875 431.764 309.528
  21 0.5125 432.486 317.218
  22 0.5375 432.338 312.024
  23 0.5625 431.728 316.215
  24 0.5875 431.606 313.392
  25 0.6125 432.128 311.111
  26 0.6375 431.94 314.364
  27 0.6625 431.816 311.732
  28 0.6875 431.94 302.923
  29 0.7125 433.5 308.493
  30 0.7375 432.356 303.289
  31 0.7625 431.988 307.144
  32 0.7875 432.178 305.314
  33 0.8125 431.344 300.98
  34 0.8375 433.664 299.624
  35 0.8625 432.086 296.792
  36 0.8875 431.78 293.683
  37 0.9125 431.926 298.87
  38 0.9375 432.442 296.166
  39 0.9625 431.698 297.604
  40 0.9875 431.99 290.88
385000 40 17280
  1 0.0125 432.706 286.221
  2 0.0375 431.362 281.712
  3 0.0625 431.704 279.277
  4 0.0875 432.156 283.257
  5 0.1125 431.534 291.231
  6 0.1375 432.682 297.206
  7 0.1625 431.554 303.765
  8 0.1875 430.836 293.483
  9 0.2125 431.83 290.646
  10 0.2375 430.282 296.851
  11 0.2625 431.776 294.601
  12 0.2875 431.584 297.976
  13 0.3125 432.184 293.911
  14 0.3375 431.088 292.668
  15 0.3625 431.798 287.806
  16 0.3875 431.854 296.173
  17 0.4125 431.438 313.99
  18 0.4375 432.94 316.262
  19 0.4625 432.07 318.236
  20 0.4875 431.95 319.759
  21 0.5125 431.896 319.941
  22 0.5375 432.34 318.749
  23 0.5625 431.536 316.452
  24 0.5875 432.184 319.053
  25 0.6125 431.824 309.569
  26 0.6375 432.496 309.567
  27 0.6625 431.586 310.077
  28 0.6875 432.698 301.496
  29 0.7125 432.882 304.401
  30 0.7375 432.112 307.306
  31 0.7625 432.948 299.814
  32 0.7875 433 300.296
  33 0.8125 431.38 298.866
  34 0.8375 432.44 300.002
  35 0.8625 432.208 298.12
  36 0.8875 432.674 294.489
  37 0.9125 431.682 301.275
  38 0.9375 432.204 293.056
  39 0.9625 431.902 295.59
  40 0.9875 432.68 291.023
390000 40 17279.999999999996
  1 0.0125 431.952 276.642
  2 0.0375 431.762 282.001
  3 0.0625 431.764 283.693
  4 0.0875 432.68 283.214
  5 0.1125 431.764 292.939
  6 0.1375 432.05 296.339
  7 0.1625 432.12 293.216
  8 0.1875 431.91 291.991
  9 0.2125 431.546 297.41
  10 0.2375 431.748 298.969
  11 0.2625 432.132 298.512
  12 0.2875 431.688 294.533
  13 0.3125 432.566 301.104
  14 0.3375 432.198 296.946
  15 0.3625 431.892 292.877
  16 0.3875 432.14 302.322
  17 0.4125 431.208 308.911
  18 0.4375 432.032 319.543
  19 0.4625 431.226 316.019
  20 0.4875 432.398 317.848
  21 0.5125 432.108 320.449
  22 0.5375 432.678 322.673
  23 0.5625 431.774 317.152
  24 0.5875 430.836 317.848
  25 0.6125 432.252 306.509
  26 0.6375 431.754 305.322
  27 0.6625 431.694 312.033
  28 0.6875 432.3 304.462
  29 0.7125 431.748 302.5
  30 0.7375 432.426 304.68
  31 0.7625 432.198 303.823
  32 0.7875 431.93 299.263
  33 0.8125 432.514 301.525
  34 0.8375 432.642 304.503
  35 0.8625 432.104 301.164
  36 0.8875 432.46 299.424
  37 0.9125 431.838 298.125
  38 0.9375 431.94 290.711
  39 0.9625 431.716 286.118
  40 0.9875 432.312 280.502
395000 40 17280
  1 0.0125 431.902 278.491
  2 0.0375 431.394 277.318
  3 0.0625 432.466 278.901
  4 0.0875 430.262 287.333
  5 0.1125 431.292 285.789
  6 0.1375 431.98 287.403
  7 0.1625 432.846 290.466
  8 0.1875 431.84 294.964
  9 0.2125 431.9 300.414
  10 0.2375 431.926 300.491
  11 0.2625 432.262 306.159
  12 0.2875 432.042 301.198
  13 0.3125 432.242 301.881
  14 0.3375 432.636 299.063
  15 0.3625 431.282 309.307
  16 0.3875 432.56 307.382
  17 0.4125 432.036 310.2
  18 0.4375 432.318 309.008
  19 0.4625 431.522 313.183
  20 0.4875 432.358 321.958
  21 0.5125 431.99 322.045
  22 0.5375 432.43 320.067
  23 0.5625 432.358 313.439
  24 0.5875 432.492 313.069
  25 0.6125 431.456 312.079
  26 0.6375 431.962 308.132
  27 0.6625 432.172 302.118
  28 0.6875 432.216 303.353
  29 0.7125 432.51 304.057
  30 0.7375 432.274 299.368
  31 0.7625 431.166 298.413
  32 0.7875 431.278 299.267
  33 0.8125 432.114 299.023
  34 0.8375 431.514 299.612
  35 0.8625 431.826 300.457
  36 0.8875 431.786 301.927
  37 0.9125 431.898 300.161
  38 0.9375 432.47 290.967
  39 0.9625 432.646 292.486
  40 0.9875 432.376 283.277
400000 40 17280
  1 0.0125 432.462 279.2
  2 0.0375 432.618 274.383
  3 0.0625 431.828 283.466
  4 0.0875 432.812 288.74
  5 0.1125 432.512 286.78
  6 0.1375 433.168 284.458
  7 0.1625 431.096 296.472
  8 0.1875 431.712 291.005
  9 0.2125 431.426 294.649
  10 0.2375 430.816 303.099
  11 0.2625 432.562 302.557
  12 0.2875 432.426 305.303
  13 0.3125 432.736 299.607
  14 0.3375 432.828 310.907
  15 0.3625 432.046 305.148
  16 0.3875 432.558 314.668
  17 0.4125 432.346 304.791
  18 0.4375 432.082 318.417
  19 0.4625 431.658 318.712
  20 0.4875 431.41 317.874
  21 0.5125 431.914 312.852
  22 0.5375 431.436 318.176
  23 0.5625 432.068 313.45
  24 0.5875 432.13 312.593
  25 0.6125 432.494 310.012
  26 0.6375 431.122 308.272
  27 0.6625 430.936 302.752
  28 0.6875 432.244 306.133
  29 0.7125 432.042 301.932
  30 0.7375 431.58 300.829
  31 0.7625 432.856 303.399
  32 0.7875 431.304 298.207
  33 0.8125 432.12 294.386
  34 0.8375 431.536 301.081
  35 0.8625 431.594 299.172
  36 0.8875 431.902 292.775
  37 0.9125 431.622 293.8
  38 0.9375 431.69 295.875
  39 0.9625 432.098 292.074
  40 0.9875 432.21 285.502
405000 40 17279.999999999996
  1 0.0125 432.888 278.832
  2 0.0375 432.068 275.638
  3 0.0625 432.4 285.748
  4 0.0875 433.528 289.101
  5 0.1125 432.32 284.145
  6 0.1375 431.65 284.413
  7 0.1625 431.46 293.598
  8 0.1875 432.372 290.749
  9 0.2125 431.886 294.942
  10 0.2375 431.996 300.58
  11 0.2625 432.326 301.961
  12 0.2875 432.306 301.167
  13 0.3125 431.788 301.433
  14 0.3375 430.808 307.196
  15 0.3625 432.44 303.201
  16 0.3875 431.918 307.948
  17 0.4125 431.642 313.179
  18 0.4375 432.352 311.201
  19 0.4625 431.982 311.164
  20 0.4875 431.468 316.32
  21 0.5125 432.372 318.078
  22 0.5375 431.514 319.073
  23 0.5625 431.388 314.658
  24 0.5875 430.738 313.015
  25 0.6125 432.23 306.826
  26 0.6375 431.118 301.784
  27 0.6625 431.972 299.184
  28 0.6875 431.958 305.527
  29 0.7125 432.122 311.551
  30 0.7375 432.274 302.834
  31 0.7625 432.554 304.635
  32 0.7875 433.146 304.929
  33 0.8125 431.13 296.39
  34 0.8375 431.862 305.161
  35 0.8625 431.992 302.555
  36 0.8875 431.634 298.002
  37 0.9125 431.814 294.011
  38 0.9375 431.932 291.312
  39 0.9625 432.748 293.814
  40 0.9875 431.904 286.777
410000 40 17280.000000000004
  1 0.0125 432.768 283.679
  2 0.0375 432.006 281.014
  3 0.0625 432.736 277.466
  4 0.0875 432.584 283.504
  5 0.1125 432.136 288.534
  6 0.1375 430.93 292.299
  7 0.1625 431.372 288.164
  8 0.1875 432.322 291.186
  9 0.2125 431.646 294.212
  10 0.2375 431.826 302.036
  11 0.2625 431.704 299.675
  12 0.2875 431.15 297.022
  13 0.3125 431.714 296.601
  14 0.3375 431.104 303.21
  15 0.3625 431.926 301.842
  16 0.3875 431.572 302.804
  17 0.4125 432.458 305.58
  18 0.4375 431.8 314.449
  19 0.4625 432.128 308.045
  20 0.4875 432.284 317.658
  21 0.5125 432.088 321.512
  22 0.5375 431.2 327.381
  23 0.5625 432.274 323.926
  24 0.5875 432.216 314.004
  25 0.6125 432.142 305.77
  26 0.6375 431.552 309.251
  27 0.6625 432.41 309.666
  28 0.6875 432.498 304.418
  29 0.7125 432.2 307.814
  30 0.7375 432.512 298.89
  31 0.7625 432.87 301.787
  32 0.7875 431.918 298.402
  33 0.8125 431.358 301.215
  34 0.8375 430.468 308.965
  35 0.8625 432.03 299.672
  36 0.8875 432.71 300.575
  37 0.9125 431.446 300.454
  38 0.9375 432.5 291.732
  39 0.9625 433.31 283.619
  40 0.9875 432.132 287.029
415000 40 17280
  1 0.0125 432.074 281.452
  2 0.0375 432.178 278.994
  3 0.0625 432.402 277.164
  4 0.0875 432.09 281.834
  5 0.1125 432.014 289.369
  6 0.1375 432.416 285.725
  7 0.1625 432.796 293.318
  8 0.1875 431.308 295.317
  9 0.2125 432.842 295.468
  10 0.2375 432.082 299.121
  11 0.2625 431.656 291.071
  12 0.2875 431.91 288.278
  13 0.3125 431.826 305.213
  14 0.3375 431.67 307.273
  15 0.3625 432.294 304.196
  16 0.3875 431.764 301.276
  17 0.4125 432.002 302.796
  18 0.4375 431.712 305.611
  19 0.4625 431.462 303.07
  20 0.4875 431.902 309.637
  21 0.5125 432.51 324.057
  22 0.5375 431.88 330.765
  23 0.5625 432.364 329.978
  24 0.5875 431.858 324.729
  25 0.6125 431.264 319.756
  26 0.6375 431.658 314.321
  27 0.6625 432.018 311.925
  28 0.6875 432.31 310.512
  29 0.7125 431.78 310.306
  30 0.7375 431.87 304.247
  31 0.7625 431.44 299.374
  32 0.7875 432.462 297.943
  33 0.8125 431.754 299.304
  34 0.8375 432.204 297.718
  35 0.8625 431.96 295.414
  36 0.8875 432.306 291.634
  37 0.9125 431.194 290.361
  38 0.9375 432.014 288.266
  39 0.9625 431.772 293.526
  40 0.9875 432.982 293.156
420000 40 17280
  1 0.0125 431.826 281.088
  2 0.0375 432.602 281.909
  3 0.0625 432.256 288.608
  4 0.0875 431.99 286.448
  5 0.1125 431.77 290.209
  6 0.1375 432.42 287.446
  7 0.1625 432.972 293.714
  8 0.1875 432.372 293.565
  9 0.2125 431.184 293.635
  10 0.2375 431.298 291.901
  11 0.2625 432.056 291.16
  12 0.2875 432.052 289.349
  13 0.3125 431.836 302.761
  14 0.3375 432.678 303.407
  15 0.3625 431.952 311.19
  16 0.3875 431.162 305.403
  17 0.4125 431.38 306.013
  18 0.4375 432.326 309.396
  19 0.4625 432.444 308.341
  20 0.4875 431.806 319.473
  21 0.5125 431.866 319.95
  22 0.5375 432.004 326.371
  23 0.5625 431.936 321.849
  24 0.5875 431.222 319.004
  25 0.6125 431.74 321.999
  26 0.6375 432.016 311.449
  27 0.6625 431.5 311.799
  28 0.6875 431.846 308.186
  29 0.7125 431.5 307.585
  30 0.7375 432.17 310.577
  31 0.7625 432.79 305.606
  32 0.7875 431.802 304.934
  33 0.8125 433.084 294.131
  34 0.8375 432.32 296.582
  35 0.8625 431.322 291.243
  36 0.8875 431.382 290.98
  37 0.9125 432.306 292.658
  38 0.9375 432.196 283.521
  39 0.9625 432.388 284.552
  40 0.9875 432.228 285.761
425000 40 17280
  1 0.0125 432.726 288.564
  2 0.0375 431.662 280.888
  3 0.0625 431.86 287.206
  4 0.0875 430.996 288.1
  5 0.1125 431.938 281.053
  6 0.1375 430.812 283.183
  7 0.1625 432.108 290.521
  8 0.1875 431.586 287.818
  9 0.2125 432.332 287.196
  10 0.2375 431.974 292.501
  11 0.2625 430.842 295.499
  12 0.2875 432.462 297.895
  13 0.3125 430.786 296.442
  14 0.3375 432.654 299.735
  15 0.3625 431.966 303.845
  16 0.3875 431.842 300.01
  17 0.4125 431.808 301.783
  18 0.4375 431.782 306.904
  19 0.4625 430.822 314.331
  20 0.4875 432.106 321.2
  21 0.5125 432.208 330.77
  22 0.5375 432.888 323.603
  23 0.5625 432.63 328.072
  24 0.5875 432.422 329.649
  25 0.6125 432.354 325.453
  26 0.6375 432.142 313.264
  27 0.6625 432.376 305.043
  28 0.6875 431.128 308.857
  29 0.7125 432.15 303.077
  30 0.7375 431.65 299.426
  31 0.7625 432.83 303.178
  32 0.7875 432.224 296.327
  33 0.8125 432.362 295.221
  34 0.8375 432.606 299.407
  35 0.8625 431.474 301.397
  36 0.8875 432.102 293.812
  37 0.9125 431.684 293.262
  38 0.9375 431.972 285.015
  39 0.9625 433.544 291.751
  40 0.9875 432.19 292.482
430000 40 17279.999999999996
  1 0.0125 432.968 277.508
  2 0.0375 431.71 278.595
  3 0.0625 432.928 281.6
  4 0.0875 431.316 291.386
  5 0.1125 432.266 292.092
  6 0.1375 432.284 295.051
  7 0.1625 431.768 293.045
  8 0.1875 431.182 302.324
  9 0.2125 432.8 293.733
  10 0.2375 431.314 289.883
  11 0.2625 431.248 293.97
  12 0.2875 432.366 300.079
  13 0.3125 431.39 292.064
  14 0.3375 431.674 303.867
  15 0.3625 430.834 298.345
  16 0.3875 432.816 302.534
  17 0.4125 432.022 308.421
  18 0.4375 432.346 306.626
  19 0.4625 432.478 302.136
  20 0.4875 432.128 313.926
  21 0.5125 431.85 320.092
  22 0.5375 432.066 330.226
  23 0.5625 432.302 333.796
  24 0.5875 432.014 327.912
  25 0.6125 433.164 313.211
  26 0.6375 432.342 302.683
  27 0.6625 431.952 306.59
  28 0.6875 432.178 307.44
  29 0.7125 431.93 304.794
  30 0.7375 432.478 295.378
  31 0.7625 431.93 299.404
  32 0.7875 432.202 302.675
  33 0.8125 430.586 297.703
  34 0.8375 431.474 301.652
  35 0.8625 432.396 297.534
  36 0.8875 431.832 296.565
  37 0.9125 432.186 296.476
  38 0.9375 431.68 294.725
  39 0.9625 432.448 289.76
  40 0.9875 431.152 287.463
435000 40 17280
  1 0.0125 432.28 276.711
  2 0.0375 431.65 282.537
  3 0.0625 432.086 284.748
  4 0.0875 431.388 292.422
  5 0.1125 431.584 292.043
  6 0.1375 431.34 294.691
  7 0.1625 431.468 292.074
  8 0.1875 431.482 300.19
  9 0.2125 432.118 297.206
  10 0.2375 433.06 302.908
  11 0.2625 431.59 297.668
  12 0.2875 431.84 298.892
  13 0.3125 432.102 299.425
  14 0.3375 431.546 300.055
  15 0.3625 431.46 302.915
  16 0.3875 431.91 306.629
  17 0.4125 431.578 303.931
  18 0.4375 432.13 302.373
  19 0.4625 432.12 311.78
  20 0.4875 432.264 320.501
  21 0.5125 431.396 320.85
  22 0.5375 431.914 318.529
  23 0.5625 431.478 318.792
  24 0.5875 432.49 317.011
  25 0.6125 430.996 313.386
  26 0.6375 432.502 309.724
  27 0.6625 433.046 308.367
  28 0.6875 432.264 306.364
  29 0.7125 432.662 304.736
  30 0.7375 432.136 304.089
  31 0.7625 431.98 301.148
  32 0.7875 432.98 296.875
  33 0.8125 431.884 301.221
  34 0.8375 433.228 299.916
  35 0.8625 432.12 295.523
  36 0.8875 432.3 295.731
  37 0.9125 431.408 290.769
  38 0.9375 432.088 287.504
  39 0.9625 432.078 290.25
  40 0.9875 432.054 284.454
440000 40 17280
  1 0.0125 431.294 284.047
  2 0.0375 432.022 287.474
  3 0.0625 431.568 283.729
  4 0.0875 432.078 291.866
  5 0.1125 431.426 297.051
  6 0.1375 431.786 295.569
  7 0.1625 432.09 295.207
  8 0.1875 431.656 295.293
  9 0.2125 433.25 293.233
  10 0.2375 432.128 295.144
  11 0.2625 430.992 293.624
  12 0.2875 432.43 302.05
  13 0.3125 432.23 303.443
  14 0.3375 432.032 309.207
  15 0.3625 431.422 304.024
  16 0.3875 431.062 303.067
  17 0.4125 431.98 304.001
  18 0.4375 431.89 304.709
  19 0.4625 431.984 307.529
  20 0.4875 430.528 312.981
  21 0.5125 431.346 318.907
  22 0.5375 431.498 322.577
  23 0.5625 432.612 316.736
  24 0.5875 432.494 320.902
  25 0.6125 433.066 322.113
  26 0.6375 432.368 311.768
  27 0.6625 432.996 303.264
  28 0.6875 432.318 308.579
  29 0.7125 432.304 310.185
  30 0.7375 432.742 306.302
  31 0.7625 432.664 297.913
  32 0.7875 431.944 291.871
  33 0.8125 432.65 290.964
  34 0.8375 432.14 298.787
  35 0.8625 431.758 297.636
  36 0.8875 431.504 296.215
  37 0.9125 432.448 288.294
  38 0.9375 431.142 285.03
  39 0.9625 431.054 284
  40 0.9875 433.104 289.484
445000 40 17280.000000000004
  1 0.0125 431.498 283.683
  2 0.0375 432.012 288.836
  3 0.0625 431.534 280.218
  4 0.0875 431.23 287.376
  5 0.1125 431.054 287.292
  6 0.1375 431.708 285.294
  7 0.1625 431.708 293.08
  8 0.1875 431.838 294.274
  9 0.2125 432.404 293.776
  10 0.2375 431.856 297.958
  11 0.2625 432.874 302.765
  12 0.2875 431.008 303.828
  13 0.3125 431.34 304.682
  14 0.3375 432.498 306.756
  15 0.3625 431.536 306.237
  16 0.3875 431.634 303.474
  17 0.4125 431.646 304.849
  18 0.4375 432.286 308.952
  19 0.4625 431.954 309.236
  20 0.4875 433.088 314.19
  21 0.5125 431.548 322.162
  22 0.5375 432.096 316.885
  23 0.5625 432.188 315.992
  24 0.5875 432.958 328.867
  25 0.6125 432.668 319.083
  26 0.6375 432.708 314.85
  27 0.6625 432.05 302.06
  28 0.6875 431.568 303.248
  29 0.7125 432.25 301.676
  30 0.7375 431.824 300.561
  31 0.7625 432.252 293.162
  32 0.7875 431.412 291.848
  33 0.8125 431.616 291.709
  34 0.8375 432.11 292.354
  35 0.8625 432.33 302.236
  36 0.8875 433.32 297.211
  37 0.9125 431.818 295.932
  38 0.9375 431.606 297.766
  39 0.9625 432.486 289.345
  40 0.9875 432.486 290.659
450000 40 17279.999999999996
  1 0.0125 431.148 287.738
  2 0.0375 430.896 289.938
  3 0.0625 432.198 286.35
  4 0.0875 431.796 276.208
  5 0.1125 430.774 287.663
  6 0.1375 432.138 292.843
  7 0.1625 430.456 303.552
  8 0.1875 431.814 294.958
  9 0.2125 432.178 296.313
  10 0.2375 431.304 297.12
  11 0.2625 431.824 292.335
  12 0.2875 431.166 295.343
  13 0.3125 432.002 302.196
  14 0.3375 432.43 299.136
  15 0.3625 431.738 298.856
  16 0.3875 433.578 307.853
  17 0.4125 431.56 309.506
  18 0.4375 433.208 312.603
  19 0.4625 432.196 313.389
  20 0.4875 431.854 309.409
  21 0.5125 432.436 319.139
  22 0.5375 432.092 314.096
  23 0.5625 432.51 324.302
  24 0.5875 431.904 312.6
  25 0.6125 431.54 299.876
  26 0.6375 432.81 304.234
  27 0.6625 432.268 306.976
  28 0.6875 431.372 305.992
  29 0.7125 432.124 300.944
  30 0.7375 431.66 295.11
  31 0.7625 431.606 297.19
  32 0.7875 432.518 303.04
  33 0.8125 432.002 295.793
  34 0.8375 432.568 304.255
  35 0.8625 432.422 303.612
  36 0.8875 432.542 296.672
  37 0.9125 432.722 297.89
  38 0.9375 432.188 296.878
  39 0.9625 431.974 295.456
  40 0.9875 432.484 296.43
455000 40 17279.999999999996
  1 0.0125 431.614 293.481
  2 0.0375 432.044 288.876
  3 0.0625 431.832 292.448
  4 0.0875 432.496 284.802
  5 0.1125 431.652 292.297
  6 0.1375 432.088 287.561
  7 0.1625 430.594 293.139
  8 0.1875 432.312 293.792
  9 0.2125 431.48 301.652
  10 0.2375 431.72 302.741
  11 0.2625 431.974 300.842
  12 0.2875 432.39 297.313
  13 0.3125 431.866 301.242
  14 0.3375 432.272 299.581
  15 0.3625 431.998 287.405
  16 0.3875 431.742 298.515
  17 0.4125 431.846 302.726
  18 0.4375 431.796 310.903
  19 0.4625 432.018 310.577
  20 0.4875 432.322 312.389
  21 0.5125 431.868 312.785
  22 0.5375 431.78 317.782
  23 0.5625 431.166 315.255
  24 0.5875 431.76 310.317
  25 0.6125 431.62 304.074
  26 0.6375 431.828 305.024
  27 0.6625 432.64 305.595
  28 0.6875 432.114 302.943
  29 0.7125 432.082 308.934
  30 0.7375 432.784 303.127
  31 0.7625 431.55 304.817
  32 0.7875 432.634 300.009
  33 0.8125 432.232 293.739
  34 0.8375 431.876 300.4
  35 0.8625 432.576 304.769
  36 0.8875 432.392 300.296
  37 0.9125 431.642 293.807
  38 0.9375 432.674 296.149
  39 0.9625 431.484 295.899
  40 0.9875 433.242 295.259
460000 40 17280.000000000004
  1 0.0125 431.908 281.159
  2 0.0375 432.42 290.429
  3 0.0625 431.512 293.592
  4 0.0875 432.748 285.807
  5 0.1125 432.038 296.993
  6 0.1375 431.444 288.349
  7 0.1625 431.978 295.073
  8 0.1875 432.454 296.651
  9 0.2125 431.95 293.959
  10 0.2375 432.238 298.011
  11 0.2625 431.762 296.762
  12 0.2875 431.926 296.112
  13 0.3125 432.218 295.023
  14 0.3375 431.72 300.592
  15 0.3625 432.152 297.109
  16 0.3875 431.424 305.835
  17 0.4125 431.598 304.285
  18 0.4375 431.954 303.772
  19 0.4625 431.954 309.541
  20 0.4875 431.536 310.823
  21 0.5125 431.816 312.768
  22 0.5375 431.67 306.06
  23 0.5625 431.332 314.829
  24 0.5875 431.886 313.15
  25 0.6125 432.058 311.21
  26 0.6375 431.852 309.87
  27 0.6625 432.122 315.047
  28 0.6875 432.266 310.658
  29 0.7125 432.514 309.375
  30 0.7375 432.278 301.887
  31 0.7625 431.708 298.76
  32 0.7875 433.034 303.772
  33 0.8125 432.724 297.386
  34 0.8375 432.054 303.71
  35 0.8625 432.694 304.665
  36 0.8875 432.478 298.016
  37 0.9125 432.268 296.095
  38 0.9375 431.346 298.677
  39 0.9625 431.472 289.98
  40 0.9875 431.494 287.181
465000 40 17280
  1 0.0125 431.342 288.525
  2 0.0375 432.406 291.753
  3 0.0625 432.426 287.924
  4 0.0875 432.128 288.92
  5 0.1125 432.426 290.766
  6 0.1375 432.33 287.676
  7 0.1625 432.364 290.275
  8 0.1875 432.556 296.57
  9 0.2125 431.996 300.256
  10 0.2375 432.44 301.548
  11 0.2625 432.018 298.138
  12 0.2875 432.294 299.055
  13 0.3125 432.132 298.097
  14 0.3375 432.106 300.656
  15 0.3625 432.654 303.671
  16 0.3875 431.846 302.981
  17 0.4125 432.424 294.034
  18 0.4375 431.552 302.119
  19 0.4625 431.722 306.042
  20 0.4875 431.752 312.22
  21 0.5125 431.608 314.606
  22 0.5375 431.836 315.891
  23 0.5625 431.432 314.595
  24 0.5875 431.58 318.168
  25 0.6125 432.052 307.366
  26 0.6375 432.528 304.169
  27 0.6625 430.564 312.518
  28 0.6875 431.6 307.947
  29 0.7125 432.296 308.392
  30 0.7375 431.898 295.367
  31 0.7625 431.588 298.395
  32 0.7875 432.686 302.431
  33 0.8125 431.112 302.417
  34 0.8375 430.91 297.042
  35 0.8625 431.298 300.956
  36 0.8875 432.386 299.235
  37 0.9125 432.222 293.927
  38 0.9375 432.926 301.178
  39 0.9625 432.204 297.583
  40 0.9875 432.36 289.766
470000 40 17280
  1 0.0125 432.85 293.607
  2 0.0375 432.358 285.916
  3 0.0625 432.242 283.612
  4 0.0875 432.618 290.817
  5 0.1125 432.12 295.397
  6 0.1375 433.138 284.75
  7 0.1625 431.41 287.685
  8 0.1875 431.966 296.519
  9 0.2125 432.302 297.84
  10 0.2375 431.614 296.052
  11 0.2625 432.54 297.814
  12 0.2875 431.702 296.409
  13 0.3125 431.728 296.396
  14 0.3375 432.866 306.254
  15 0.3625 432.022 299.375
  16 0.3875 431.562 295.375
  17 0.4125 431.066 305.368
  18 0.4375 431.144 300.057
  19 0.4625 432.438 306.952
  20 0.4875 432.118 311.698
  21 0.5125 432.634 312.387
  22 0.5375 431.91 319.903
  23 0.5625 431.826 319.564
  24 0.5875 431.602 314.01
  25 0.6125 431.114 305.047
  26 0.6375 431.856 312.103
  27 0.6625 431.434 314.371
  28 0.6875 432.28 310.432
  29 0.7125 432.502 306.782
  30 0.7375 431.278 304.714
  31 0.7625 432.062 308.495
  32 0.7875 431.172 310.246
  33 0.8125 432.586 297.196
  34 0.8375 431.074 296.81
  35 0.8625 432.918 298.831
  36 0.8875 432.054 291.272
  37 0.9125 432.616 297.042
  38 0.9375 431.294 293.092
  39 0.9625 432.15 291.111
  40 0.9875 431.834 292.715
475000 40 17280
  1 0.0125 432.01 286.896
  2 0.0375 432.056 281.678
  3 0.0625 432.252 280.52
  4 0.0875 432.85 287.395
  5 0.1125 431.4 294.486
  6 0.1375 432.068 294.324
  7 0.1625 431.128 297.646
  8 0.1875 431.756 290.011
  9 0.2125 431.758 291.228
  10 0.2375 432.12 297.661
  11 0.2625 432.106 305.49
  12 0.2875 431.672 303.348
  13 0.3125 430.948 297.238
  14 0.3375 433.06 295.745
  15 0.3625 432.096 307.742
  16 0.3875 431.664 301.537
  17 0.4125 431.216 305.583
  18 0.4375 432.052 302.76
  19 0.4625 431.774 305.918
  20 0.4875 432.984 307.717
  21 0.5125 431.508 312.371
  22 0.5375 432.092 314.668
  23 0.5625 431.192 315.276
  24 0.5875 431.504 319.106
  25 0.6125 431.902 314.602
  26 0.6375 432.028 306.153
  27 0.6625 431.862 311.454
  28 0.6875 431.658 309.655
  29 0.7125 432.036 308.141
  30 0.7375 431.678 303.766
  31 0.7625 432.178 306.779
  32 0.7875 433.03 300.57
  33 0.8125 431.53 300.852
  34 0.8375 431.48 294.608
  35 0.8625 432.77 302.526
  36 0.8875 433.032 298.449
  37 0.9125 431.964 296.128
  38 0.9375 432.984 291.767
  39 0.9625 432.11 291.252
  40 0.9875 432.492 291.008
480000 40 17280.000000000004
  1 0.0125 432.734 280.858
  2 0.0375 432.444 274.071
  3 0.0625 432.224 272.088
  4 0.0875 431.726 284.305
  5 0.1125 431.376 294.091
  6 0.1375 432.516 292.87
  7 0.1625 432.058 302.943
  8 0.1875 432.852 299.654
  9 0.2125 431.332 299.852
  10 0.2375 432.39 302.335
  11 0.2625 431.586 307.036
  12 0.2875 431.318 303.249
  13 0.3125 432.994 303.362
  14 0.3375 431.802 305.392
  15 0.3625 431.786 308.105
  16 0.3875 431.506 300.806
  17 0.4125 431.292 307.446
  18 0.4375 432.078 305.188
  19 0.4625 431.74 306.169
  20 0.4875 431.252 304.793
  21 0.5125 432.384 305.117
  22 0.5375 431.982 309.471
  23 0.5625 431.618 314.621
  24 0.5875 432.31 317.835
  25 0.6125 431.614 315.669
  26 0.6375 432.584 317.633
  27 0.6625 431.992 309.903
  28 0.6875 431.556 307.411
  29 0.7125 431.66 301.427
  30 0.7375 431.322 304.736
  31 0.7625 432.766 306.672
  32 0.7875 432.084 300.629
  33 0.8125 433.742 298.326
  34 0.8375 431.85 299.478
  35 0.8625 432.112 297.539
  36 0.8875 431.75 303.584
  37 0.9125 432.386 294.721
  38 0.9375 431.884 292.48
  39 0.9625 431.684 290.556
  40 0.9875 431.714 281.6
485000 40 17280
  1 0.0125 433.392 288.463
  2 0.0375 432.166 280.372
  3 0.0625 432.694 281.948
  4 0.0875 431.52 280.637
  5 0.1125 432.202 288.161
  6 0.1375 431.848 291.596
  7 0.1625 431.618 291.116
  8 0.1875 431.82 289.381
  9 0.2125 431.678 297.435
  10 0.2375 431.022 300.349
  11 0.2625 432.45 305.143
  12 0.2875 431.476 304.81
  13 0.3125 432.076 298.13
  14 0.3375 430.976 305.95
  15 0.3625 431.624 304.761
  16 0.3875 431.266 308.879
  17 0.4125 431.93 309.784
  18 0.4375 431.81 308.235
  19 0.4625 432.33 309.399
  20 0.4875 432.482 314.992
  21 0.5125 431.524 320.932
  22 0.5375 431.888 316.152
  23 0.5625 431.182 316.519
  24 0.5875 432.27 313.604
  25 0.6125 431.834 312.105
  26 0.6375 432.918 315.741
  27 0.6625 431.868 304.144
  28 0.6875 431.74 307.557
  29 0.7125 431.308 309.443
  30 0.7375 432.276 308.3
  31 0.7625 432.612 301.106
  32 0.7875 431.588 299.636
  33 0.8125 431.99 295.786
  34 0.8375 431.81 298.697
  35 0.8625 432.62 297.308
  36 0.8875 432.072 290.827
  37 0.9125 432.732 286.348
  38 0.9375 433.138 284.821
  39 0.9625 432.264 291.3
  40 0.9875 431.986 293.999
490000 40 17280
  1 0.0125 432.052 284.534
  2 0.0375 431.836 285.489
  3 0.0625 431.782 287.522
  4 0.0875 431.838 286.165
  5 0.1125 432.692 288.57
  6 0.1375 431.042 287.237
  7 0.1625 432.456 288.505
  8 0.1875 432.066 286.293
  9 0.2125 432.224 291.415
  10 0.2375 431.65 299.021
  11 0.2625 431.638 310.119
  12 0.2875 432.356 304.078
  13 0.3125 432.428 295.128
  14 0.3375 430.968 300.182
  15 0.3625 431.822 305.84
  16 0.3875 431.704 304.953
  17 0.4125 431.696 315.799
  18 0.4375 431.286 312.424
  19 0.4625 431.246 313.927
  20 0.4875 431.706 309.654
  21 0.5125 431.418 317.473
  22 0.5375 432.778 315.904
  23 0.5625 431.298 320.377
  24 0.5875 432.764 323.083
  25 0.6125 431.456 315.489
  26 0.6375 431.662 307.538
  27 0.6625 432.778 308.8
  28 0.6875 432.058 302.101
  29 0.7125 432.71 303.241
  30 0.7375 432.26 303.263
  31 0.7625 431.824 298.564
  32 0.7875 432.482 304.899
  33 0.8125 432.44 300.041
  34 0.8375 431.914 302.746
  35 0.8625 432.92 295.183
  36 0.8875 432.34 292.306
  37 0.9125 431.652 289.572
  38 0.9375 432.284 290.327
  39 0.9625 431.902 289.681
  40 0.9875 432.572 285.586
495000 40 17279.999999999996
  1 0.0125 432.472 289.33
  2 0.0375 431.996 279.316
  3 0.0625 431.852 280.65
  4 0.0875 432.586 281.055
  5 0.1125 432.604 282.797
  6 0.1375 431.388 285.281
  7 0.1625 431.83 283.545
  8 0.1875 431.786 288.586
  9 0.2125 431.84 296.885
  10 0.2375 432.216 301.38
  11 0.2625 432.244 302.956
  12 0.2875 432.84 309.337
  13 0.3125 432.59 304.722
  14 0.3375 431.494 300.168
  15 0.3625 432.45 304.338
  16 0.3875 430.814 314.319
  17 0.4125 432.138 317.972
  18 0.4375 431.216 313.304
  19 0.4625 431.742 312.102
  20 0.4875 430.748 314.961
  21 0.5125 430.776 319.096
  22 0.5375 432.568 314.886
  23 0.5625 432.2 316.466
  24 0.5875 432.144 311.279
  25 0.6125 432.394 307.248
  26 0.6375 432.3 309.406
  27 0.6625 431.364 307.832
  28 0.6875 431.408 307.753
  29 0.7125 431.94 304.2
  30 0.7375 431.712 293.075
  31 0.7625 433.248 301.877
  32 0.7875 431.67 302.53
  33 0.8125 432.898 298.859
  34 0.8375 432.378 300.011
  35 0.8625 431.782 298.528
  36 0.8875 431.76 296.88
  37 0.9125 432.08 291.742
  38 0.9375 432.132 290.681
  39 0.9625 432.264 292.924
  40 0.9875 432.136 295.868
500000 40 17280.000000000004
  1 0.0125 432.154 280.19
  2 0.0375 430.972 280.437
  3 0.0625 432.314 281.015
  4 0.0875 432.428 289.157
  5 0.1125 431.926 290.643
  6 0.1375 432.038 280.747
  7 0.1625 431.68 285.959
  8 0.1875 431.662 299.868
  9 0.2125 432.364 300.82
  10 0.2375 432.706 298.105
  11 0.2625 431.3 299.397
  12 0.2875 432.102 299.803
  13 0.3125 431.924 302.783
  14 0.3375 432.1 305.923
  15 0.3625 432.086 305.882
  16 0.3875 431.996 309.906
  17 0.4125 431.598 313.696
  18 0.4375 431.548 318.706
  19 0.4625 432.174 316.36
  20 0.4875 431.528 319.489
  21 0.5125 431.62 314.447
  22 0.5375 431.474 318.893
  23 0.5625 432.678 321.626
  24 0.5875 431.112 313.566
  25 0.6125 431.07 304.893
  26 0.6375 432.612 306.145
  27 0.6625 431.41 304.687
  28 0.6875 431.22 303.789
  29 0.7125 432.718 306.618
  30 0.7375 432.028 306.679
  31 0.7625 433.118 295.936
  32 0.7875 432.396 298.172
  33 0.8125 432.986 294.636
  34 0.8375 432.584 298.464
  35 0.8625 432.59 295.515
  36 0.8875 431.824 292.221
  37 0.9125 431.824 296.751
  38 0.9375 430.906 290.535
  39 0.9625 431.946 289.905
  40 0.9875 433.284 291.481
505000 40 17280
  1 0.0125 432.022 283.205
  2 0.0375 431.564 287.351
  3 0.0625 432.494 283.95
  4 0.0875 432.442 285.922
  5 0.1125 433.118 288.472
  6 0.1375 431.018 282.232
  7 0.1625 432.692 286.376
  8 0.1875 431.142 297.833
  9 0.2125 432.516 298.685
  10 0.2375 432.01 299.62
  11 0.2625 431.884 300.227
  12 0.2875 431.838 298.307
  13 0.3125 432.44 309.076
  14 0.3375 432.144 311.76
  15 0.3625 431.564 305.843
  16 0.3875 430.33 308.571
  17 0.4125 431.516 310.535
  18 0.4375 431.152 313.304
  19 0.4625 431.95 318.517
  20 0.4875 432.174 312.704
  21 0.5125 431.88 315.183
  22 0.5375 431.946 316.102
  23 0.5625 431.928 315.509
  24 0.5875 431.708 321.675
  25 0.6125 433.068 308.12
  26 0.6375 432.624 309.697
  27 0.6625 432.09 309.751
  28 0.6875 432.44 309.574
  29 0.7125 432.192 313.316
  30 0.7375 432.754 306.842
  31 0.7625 432.014 296.462
  32 0.7875 431.938 295.229
  33 0.8125 432.004 295.192
  34 0.8375 433.07 291.669
  35 0.8625 431.644 299.395
  36 0.8875 432.364 298.827
  37 0.9125 431.286 292.685
  38 0.9375 431.934 289.645
  39 0.9625 431.968 279.309
  40 0.9875 431.138 277.504
510000 40 17280
  1 0.0125 431.402 278.122
  2 0.0375 432.394 274.702
  3 0.0625 431.81 279.831
  4 0.0875 431.538 285.595
  5 0.1125 431.68 286.764
  6 0.1375 432.23 288.034
  7 0.1625 433.144 295.268
  8 0.1875 431.626 298.063
  9 0.2125 431.726 297.297
  10 0.2375 431.604 307.686
  11 0.2625 432.052 297.2
  12 0.2875 432.232 297.47
  13 0.3125 432.728 306.406
  14 0.3375 431.43 312.266
  15 0.3625 431.996 308.664
  16 0.3875 432.206 313.471
  17 0.4125 431.706 319.046
  18 0.4375 431.316 310.015
  19 0.4625 431.942 306.629
  20 0.4875 431.532 307.29
  21 0.5125 431.884 323.569
  22 0.5375 432.426 320.966
  23 0.5625 433.078 318.578
  24 0.5875 431.924 321.519
  25 0.6125 431.852 315.041
  26 0.6375 432.908 307.288
  27 0.6625 431.446 314.537
  28 0.6875 431.646 310.981
  29 0.7125 431.828 301.824
  30 0.7375 432.32 296.409
  31 0.7625 433.038 291.039
  32 0.7875 431.616 292.816
  33 0.8125 431.778 293.17
  34 0.8375 431.328 302.677
  35 0.8625 433.094 294.784
  36 0.8875 431.76 300.819
  37 0.9125 431.616 289.774
  38 0.9375 432.968 291.04
  39 0.9625 431.434 284.814
  40 0.9875 431.762 283.469
515000 40 17279.999999999996
  1 0.0125 431.954 282.891
  2 0.0375 431.456 284.295
  3 0.0625 432.05 278.702
  4 0.0875 433.188 278.462
  5 0.1125 432.554 290.177
  6 0.1375 431.806 296.493
  7 0.1625 430.74 290.287
  8 0.1875 432.08 291.981
  9 0.2125 432.126 298.318
  10 0.2375 431.302 300.025
  11 0.2625 431.82 301.794
  12 0.2875 431.194 296.649
  13 0.3125 432.414 296.637
  14 0.3375 431.32 298.042
  15 0.3625 433.368 304.487
  16 0.3875 431.438 308.829
  17 0.4125 431.3 311.182
  18 0.4375 431.792 310.089
  19 0.4625 432.138 311.739
  20 0.4875 431.418 325.273
  21 0.5125 432.882 323.055
  22 0.5375 432.096 322.357
  23 0.5625 431.4 315.385
  24 0.5875 432.138 310.013
  25 0.6125 431.846 311.669
  26 0.6375 432.586 318.179
  27 0.6625 432.276 318.354
  28 0.6875 432.302 309.638
  29 0.7125 432.144 300.652
  30 0.7375 431.898 301.985
  31 0.7625 431.768 304.72
  32 0.7875 431.412 291.217
  33 0.8125 432.158 293.401
  34 0.8375 431.524 297.895
  35 0.8625 431.998 293.94
  36 0.8875 432.316 296.513
  37 0.9125 432.102 289.821
  38 0.9375 432.286 286.551
  39 0.9625 433.084 292.858
  40 0.9875 432.326 289.676
520000 40 17279.999999999996
  1 0.0125 431.818 283.389
  2 0.0375 432.084 278.57
  3 0.0625 431.138 282.91
  4 0.0875 431.558 285.534
  5 0.1125 432.194 286.465
  6 0.1375 432.086 287.467
  7 0.1625 431.878 289.309
  8 0.1875 431.684 291.897
  9 0.2125 431.668 293.785
  10 0.2375 432.07 294.702
  11 0.2625 431.176 293.812
  12 0.2875 432.382 294.185
  13 0.3125 431.202 304.616
  14 0.3375 432.806 308.647
  15 0.3625 431.636 304.515
  16 0.3875 431.892 301.36
  17 0.4125 432.526 314.416
  18 0.4375 432.008 312.683
  19 0.4625 433.064 314.994
  20 0.4875 432.854 324.609
  21 0.5125 431.306 324.318
  22 0.5375 431.708 319.115
  23 0.5625 432.726 320.15
  24 0.5875 433.142 313.173
  25 0.6125 431.492 306.737
  26 0.6375 432.18 310.403
  27 0.6625 432.822 316.253
  28 0.6875 431.594 316.599
  29 0.7125 431.92 307.469
  30 0.7375 431.698 305.509
  31 0.7625 432.034 301.114
  32 0.7875 432.12 294.314
  33 0.8125 431.122 295.452
  34 0.8375 431.59 298.491
  35 0.8625 431.81 297.889
  36 0.8875 431.944 298.53
  37 0.9125 432.322 287.014
  38 0.9375 431.668 286.541
  39 0.9625 432.67 284.82
  40 0.9875 432.408 291.131
525000 40 17280.000000000004
  1 0.0125 432.142 282.85
  2 0.0375 432.196 279.812
  3 0.0625 430.71 280.428
  4 0.0875 431.796 288.931
  5 0.1125 431.784 286.008
  6 0.1375 431.222 282.475
  7 0.1625 432.054 285.463
  8 0.1875 431.402 292.11
  9 0.2125 431.726 295.551
  10 0.2375 431.986 294.105
  11 0.2625 431.792 299.555
  12 0.2875 432.916 300.719
  13 0.3125 431.62 307.385
  14 0.3375 432.088 302.893
  15 0.3625 432.996 306.959
  16 0.3875 431.988 315.964
  17 0.4125 432.334 311.948
  18 0.4375 432.526 315.785
  19 0.4625 431.87 315.362
  20 0.4875 432.368 317.771
  21 0.5125 432.42 318.62
  22 0.5375 432.126 321.994
  23 0.5625 432.562 322.71
  24 0.5875 431.8 316.351
  25 0.6125 432.766 311.426
  26 0.6375 432.01 303.13
  27 0.6625 431.582 305.616
  28 0.6875 431.714 312.841
  29 0.7125 431.27 306.497
  30 0.7375 432.78 305.645
  31 0.7625 432.596 300.6
  32 0.7875 432.236 298.276
  33 0.8125 431.864 291.299
  34 0.8375 432.42 294.073
  35 0.8625 431.104 296.563
  36 0.8875 431.68 299.898
  37 0.9125 431.662 294.093
  38 0.9375 431.532 286.283
  39 0.9625 432.428 291.726
  40 0.9875 431.932 284.455
530000 40 17280.000000000004
  1 0.0125 431.144 289.249
  2 0.0375 432.096 285.169
  3 0.0625 432.538 282.664
  4 0.0875 432.186 289.33
  5 0.1125 433.064 292.205
  6 0.1375 432.438 287.277
  7 0.1625 432.298 286.062
  8 0.1875 431.636 292.047
  9 0.2125 431.972 291.676
  10 0.2375 431.722 293.346
  11 0.2625 432.01 291.322
  12 0.2875 431.894 298.812
  13 0.3125 432.854 304.91
  14 0.3375 431.87 306.62
  15 0.3625 431.904 308.025
  16 0.3875 431.202 311.11
  17 0.4125 431.754 307.993
  18 0.4375 433.18 312.965
  19 0.4625 432.11 315.568
  20 0.4875 431.556 311.368
  21 0.5125 432.63 307.318
  22 0.5375 431.25 324.576
  23 0.5625 431.056 320.225
  24 0.5875 432.178 315.077
  25 0.6125 432.494 318.309
  26 0.6375 431.126 310.636
  27 0.6625 431.538 304.242
  28 0.6875 431.672 303.393
  29 0.7125 431.524 298.319
  30 0.7375 432.646 301.203
  31 0.7625 431.938 308.657
  32 0.7875 431.99 294.858
  33 0.8125 431.82 295.394
  34 0.8375 431.98 295.852
  35 0.8625 432.182 302.724
  36 0.8875 432.726 291.661
  37 0.9125 432.066 298.242
  38 0.9375 431.886 295.473
  39 0.9625 432.404 292.39
  40 0.9875 431.466 287.356
535000 40 17279.999999999996
  1 0.0125 432.018 283.177
  2 0.0375 432.318 279.763
  3 0.0625 432.866 285.249
  4 0.0875 432.28 281.357
  5 0.1125 431.466 279.737
  6 0.1375 433.25 292.634
  7 0.1625 431.832 291.608
  8 0.1875 432.854 296.898
  9 0.2125 432.192 292.263
  10 0.2375 431.796 299.071
  11 0.2625 431.06 296.195
  12 0.2875 431.306 296.731
  13 0.3125 432.174 301.616
  14 0.3375 431.548 304.602
  15 0.3625 432.206 310.257
  16 0.3875 432.202 310.358
  17 0.4125 431.3 314.281
  18 0.4375 431.438 312.946
  19 0.4625 431.844 308.024
  20 0.4875 431.902 312.091
  21 0.5125 432.192 316.48
  22 0.5375 432.308 313.419
  23 0.5625 431.646 314.829
  24 0.5875 431.814 322.975
  25 0.6125 432.152 314.716
  26 0.6375 431.402 310.77
  27 0.6625 432.322 308.88
  28 0.6875 431.556 302.287
  29 0.7125 432.232 304.491
  30 0.7375 432.086 303.639
  31 0.7625 430.634 301.004
  32 0.7875 431.802 293.31
  33 0.8125 431.98 293.168
  34 0.8375 432.42 297.795
  35 0.8625 432.328 299.078
  36 0.8875 432.138 300.664
  37 0.9125 433.044 290.859
  38 0.9375 432.34 298.097
  39 0.9625 432.028 300.078
  40 0.9875 431.724 288.836
540000 40 17280.000000000004
  1 0.0125 431.952 281.647
  2 0.0375 432.08 275.663
  3 0.0625 432.688 281.386
  4 0.0875 431.826 282.762
  5 0.1125 433.012 286.001
  6 0.1375 431.916 298.098
  7 0.1625 431.634 293.573
  8 0.1875 432.436 290.718
  9 0.2125 432.552 294.602
  10 0.2375 431.368 301.793
  11 0.2625 432.242 302.779
  12 0.2875 432.984 299.086
  13 0.3125 431.278 299.913
  14 0.3375 431.822 299.494
  15 0.3625 432.35 305.064
  16 0.3875 431.204 314.044
  17 0.4125 432.666 308.825
  18 0.4375 432.33 308.412
  19 0.4625 432.316 312.517
  20 0.4875 431.126 309.717
  21 0.5125 432.266 318.114
  22 0.5375 431.486 317.28
  23 0.5625 431.618 314.84
  24 0.5875 432.96 318.187
  25 0.6125 431.102 310.868
  26 0.6375 431.966 312.888
  27 0.6625 432.058 305.528
  28 0.6875 432.578 302.707
  29 0.7125 432.964 306.663
  30 0.7375 431.67 303.423
  31 0.7625 432.326 305.429
  32 0.7875 431.718 300.524
  33 0.8125 431.508 303.329
  34 0.8375 432.014 297.605
  35 0.8625 431.574 301.093
  36 0.8875 432.668 295.017
  37 0.9125 431.534 289.657
  38 0.9375 431.068 293.748
  39 0.9625 432.056 292.6
  40 0.9875 431.084 287.563
545000 40 17280
  1 0.0125 431.94 280.491
  2 0.0375 431.99 278.926
  3 0.0625 431.694 280.234
  4 0.0875 431.904 282.362
  5 0.1125 432.216 287.239
  6 0.1375 431.882 292.023
  7 0.1625 432.134 294.236
  8 0.1875 432.748 287.138
  9 0.2125 432.592 294.453
  10 0.2375 432.398 298.873
  11 0.2625 432.136 299.502
  12 0.2875 431.98 294.909
  13 0.3125 432.336 298.06
  14 0.3375 432.112 306.65
  15 0.3625 431.704 304.24
  16 0.3875 431.452 311.997
  17 0.4125 431.794 304.854
  18 0.4375 431.448 309.807
  19 0.4625 431.534 312.989
  20 0.4875 430.878 310.683
  21 0.5125 431.322 312.948
  22 0.5375 431.336 315.495
  23 0.5625 431.254 320.292
  24 0.5875 431.93 322.67
  25 0.6125 432.078 309.98
  26 0.6375 432.572 304.215
  27 0.6625 432.246 306.279
  28 0.6875 432.372 301.711
  29 0.7125 431.796 307.975
  30 0.7375 431.834 303.994
  31 0.7625 431.92 304.099
  32 0.7875 432.192 309.879
  33 0.8125 432.23 305.302
  34 0.8375 432.16 301.605
  35 0.8625 431.38 294.628
  36 0.8875 431.782 297.481
  37 0.9125 432.478 298.421
  38 0.9375 433.964 298.771
  39 0.9625 432.406 296.524
  40 0.9875 431.876 283.024
550000 40 17280.000000000004
  1 0.0125 433.282 281.316
  2 0.0375 431.928 280.185
  3 0.0625 431.238 280.394
  4 0.0875 432.036 284.278
  5 0.1125 431.992 285.411
  6 0.1375 431.814 287.892
  7 0.1625 433.482 287.372
  8 0.1875 432.45 290.816
  9 0.2125 431.744 299.264
  10 0.2375 432.932 298.231
  11 0.2625 432.456 297.398
  12 0.2875 432.706 294.581
  13 0.3125 431.694 306.746
  14 0.3375 431.788 306.358
  15 0.3625 430.974 307.529
  16 0.3875 430.56 301.704
  17 0.4125 431.448 303.88
  18 0.4375 431.106 306.395
  19 0.4625 431.474 313.073
  20 0.4875 431.492 310.682
  21 0.5125 431.616 318.366
  22 0.5375 431.758 325.247
  23 0.5625 431.286 319.394
  24 0.5875 431.73 310.937
  25 0.6125 432.266 315.21
  26 0.6375 432.27 314.533
  27 0.6625 432.48 306.403
  28 0.6875 431.736 303.258
  29 0.7125 430.85 311.054
  30 0.7375 433 307.246
  31 0.7625 432.466 304.63
  32 0.7875 431.908 301.169
  33 0.8125 431.448 302.474
  34 0.8375 432.924 300.578
  35 0.8625 433.364 291.834
  36 0.8875 433.058 296.814
  37 0.9125 431.866 295.846
  38 0.9375 431.978 291.729
  39 0.9625 431.432 297.587
  40 0.9875 431.968 286.347
555000 40 17280
  1 0.0125 431.95 283.132
  2 0.0375 431.034 279.352
  3 0.0625 431.32 283.97
  4 0.0875 431.98 280.055
  5 0.1125 432.434 278.842
  6 0.1375 431.748 294.867
  7 0.1625 432.594 295.336
  8 0.1875 432.528 297.434
  9 0.2125 432.678 295.79
  10 0.2375 432.874 297.617
  11 0.2625 432.01 297.766
  12 0.2875 431.956 295.52
  13 0.3125 432.23 293.667
  14 0.3375 432.014 303.249
  15 0.3625 432.286 308.403
  16 0.3875 431.682 311.215
  17 0.4125 431.708 303.429
  18 0.4375 430.928 304.303
  19 0.4625 431.766 311.846
  20 0.4875 431.566 318.715
  21 0.5125 432.292 320.546
  22 0.5375 431.374 320.636
  23 0.5625 431.188 316.475
  24 0.5875 432.44 315.875
  25 0.6125 432.208 311.965
  26 0.6375 432.4 314.514
  27 0.6625 431.806 307.66
  28 0.6875 431.644 308.228
  29 0.7125 431.508 308.305
  30 0.7375 431.584 305.237
  31 0.7625 432.554 300.682
  32 0.7875 432.058 304.403
  33 0.8125 431.266 299.176
  34 0.8375 432.064 300.948
  35 0.8625 432.094 297.312
  36 0.8875 433.062 296.756
  37 0.9125 431.474 291.014
  38 0.9375 432.65 288.49
  39 0.9625 432.6 290.507
  40 0.9875 432.448 289.911
560000 40 17279.999999999996
  1 0.0125 431.902 285.85
  2 0.0375 431.658 278.357
  3 0.0625 431.988 284.667
  4 0.0875 431.718 287.638
  5 0.1125 431.56 290.553
  6 0.1375 431.536 286.337
  7 0.1625 431.76 290.791
  8 0.1875 432.666 299.287
  9 0.2125 432.45 295.517
  10 0.2375 431.964 299.744
  11 0.2625 432.83 302.205
  12 0.2875 433.296 299.052
  13 0.3125 432.438 292.352
  14 0.3375 432.396 302.2
  15 0.3625 432.032 301.407
  16 0.3875 432.066 303.297
  17 0.4125 431.96 309.631
  18 0.4375 431.402 314.928
  19 0.4625 432.554 316.455
  20 0.4875 431.758 314.82
  21 0.5125 430.612 315.291
  22 0.5375 431.042 317.195
  23 0.5625 432.31 312.62
  24 0.5875 431.434 316.871
  25 0.6125 432.094 304.973
  26 0.6375 431.774 310.649
  27 0.6625 431.802 314.215
  28 0.6875 432.414 312.782
  29 0.7125 432.134 307.721
  30 0.7375 431.678 308.515
  31 0.7625 432.28 303.77
  32 0.7875 431.778 300.387
  33 0.8125 432.34 294.088
  34 0.8375 431.592 293.117
  35 0.8625 431.742 290.973
  36 0.8875 431.888 288.073
  37 0.9125 432.032 289.896
  38 0.9375 432.866 293.599
  39 0.9625 432.242 297.854
  40 0.9875 432.012 294.977
565000 40 17280
  1 0.0125 432.58 287.97
  2 0.0375 432.392 286.535
  3 0.0625 433.034 287.332
  4 0.0875 432.694 288.989
  5 0.1125 431.9 288.238
  6 0.1375 431.796 293.214
  7 0.1625 432.772 289.273
  8 0.1875 432.04 295.143
  9 0.2125 432.594 296.677
  10 0.2375 431.852 296.446
  11 0.2625 431.386 299.49
  12 0.2875 432.34 298.013
  13 0.3125 431.338 289.37
  14 0.3375 432.488 305.949
  15 0.3625 432.246 310.492
  16 0.3875 432.072 305.614
  17 0.4125 431.982 309.761
  18 0.4375 432.258 319.13
  19 0.4625 432.002 322.37
  20 0.4875 430.972 317.588
  21 0.5125 431.042 309.236
  22 0.5375 431.612 321.146
  23 0.5625 431.208 318.167
  24 0.5875 431.078 315.974
  25 0.6125 431.714 308.181
  26 0.6375 431.674 307.408
  27 0.6625 431.674 300.084
  28 0.6875 432.39 299.032
  29 0.7125 432.356 301.447
  30 0.7375 432.39 306.026
  31 0.7625 432.372 301.481
  32 0.7875 432.584 300.601
  33 0.8125 432.208 296.198
  34 0.8375 432.546 299.873
  35 0.8625 431.048 297.049
  36 0.8875 432.28 287.231
  37 0.9125 431.332 287.987
  38 0.9375 431.54 295.577
  39 0.9625 432.25 298.681
  40 0.9875 431.964 285.159
570000 40 17280
  1 0.0125 432.566 281.879
  2 0.0375 432.072 288.256
  3 0.0625 432.396 284.905
  4 0.0875 431.916 287.881
  5 0.1125 432.736 288.347
  6 0.1375 430.83 292.668
  7 0.1625 432.278 285.276
  8 0.1875 431.968 290.684
  9 0.2125 431.986 298.001
  10 0.2375 431.376 299.997
  11 0.2625 431.72 299.312
  12 0.2875 432.124 299.997
  13 0.3125 431.68 301.262
  14 0.3375 431.834 310.323
  15 0.3625 431.722 305.863
  16 0.3875 432.488 302.473
  17 0.4125 432.116 310.21
  18 0.4375 432.538 313.554
  19 0.4625 432.61 314.489
  20 0.4875 431.264 316.465
  21 0.5125 431.848 319.026
  22 0.5375 431.59 312.594
  23 0.5625 431.714 315.209
  24 0.5875 431.314 320.553
  25 0.6125 430.996 315.546
  26 0.6375 433.226 303.206
  27 0.6625 432.76 299.547
  28 0.6875 432.766 309.326
  29 0.7125 431.972 303.821
  30 0.7375 432.054 302.293
  31 0.7625 432.676 297.143
  32 0.7875 432.304 300.281
  33 0.8125 431.948 303.346
  34 0.8375 431.566 302.348
  35 0.8625 431.834 288.256
  36 0.8875 431.444 287.341
  37 0.9125 432.302 292.234
  38 0.9375 431.936 296.218
  39 0.9625 431.77 294.358
  40 0.9875 431.76 290.55
575000 40 17279.999999999996
  1 0.0125 432.154 287.385
  2 0.0375 431.392 284.346
  3 0.0625 431.674 283.363
  4 0.0875 431.412 284.404
  5 0.1125 432.882 283.647
  6 0.1375 432.056 295.829
  7 0.1625 432.024 294.393
  8 0.1875 432.29 288.426
  9 0.2125 432.106 293.644
  10 0.2375 432.146 298.496
  11 0.2625 431.78 302.038
  12 0.2875 432.15 306.063
  13 0.3125 432.356 299.865
  14 0.3375 432.15 312.484
  15 0.3625 432.422 301.46
  16 0.3875 431.746 304.243
  17 0.4125 432.498 305.189
  18 0.4375 431.7 308.929
  19 0.4625 431.438 315.367
  20 0.4875 432.56 316.321
  21 0.5125 431.846 323.55
  22 0.5375 432.384 323.412
  23 0.5625 432.25 318.143
  24 0.5875 430.64 318.906
  25 0.6125 431.41 312.056
  26 0.6375 431.48 304.957
  27 0.6625 432.66 305.943
  28 0.6875 431.732 307.158
  29 0.7125 432.676 297.481
  30 0.7375 431.81 296.281
  31 0.7625 432.034 298.7
  32 0.7875 432.184 298.388
  33 0.8125 431.756 300.894
  34 0.8375 431.908 296.987
  35 0.8625 432.458 291.435
  36 0.8875 431.292 293.303
  37 0.9125 432.426 298.967
  38 0.9375 432.068 296.267
  39 0.9625 432.33 288.924
  40 0.9875 431.72 286.932
580000 40 17280
  1 0.0125 431.832 285.677
  2 0.0375 431.31 283.959
  3 0.0625 431.194 283.865
  4 0.0875 431.992 283.622
  5 0.1125 431.824 290.092
  6 0.1375 431.786 289.861
  7 0.1625 432.016 291.369
  8 0.1875 431.962 295.776
  9 0.2125 431.726 299.368
  10 0.2375 431.872 298.217
  11 0.2625 432.516 291.555
  12 0.2875 432.076 293.72
  13 0.3125 432.532 302.737
  14 0.3375 432.506 306.232
  15 0.3625 431.21 311.874
  16 0.3875 432.376 310.81
  17 0.4125 432.11 313.996
  18 0.4375 432.108 310.802
  19 0.4625 432.096 308.525
  20 0.4875 431.392 312.993
  21 0.5125 431.866 321.431
  22 0.5375 432.31 321.124
  23 0.5625 432.532 311.089
  24 0.5875 431.756 317.33
  25 0.6125 431.922 315.492
  26 0.6375 431.738 309.792
  27 0.6625 431.748 303.433
  28 0.6875 431.606 301.784
  29 0.7125 432.972 301.848
  30 0.7375 433.126 309.762
  31 0.7625 432.546 301.9
  32 0.7875 432.762 299.814
  33 0.8125 431.718 300.04
  34 0.8375 432.242 293.14
  35 0.8625 432.024 295.434
  36 0.8875 431.872 290.84
  37 0.9125 431.958 295.905
  38 0.9375 431.322 295.463
  39 0.9625 431.08 286.533
  40 0.9875 432.464 286.275
585000 40 17280.000000000007
  1 0.0125 432.056 278.575
  2 0.0375 431.876 279.493
  3 0.0625 431.964 281.458
  4 0.0875 431.472 282.886
  5 0.1125 432.65 292.906
  6 0.1375 432.45 291.688
  7 0.1625 431.68 296.028
  8 0.1875 431.97 301.982
  9 0.2125 432.422 311.371
  10 0.2375 431.728 300.474
  11 0.2625 432.298 293.941
  12 0.2875 432.02 298.81
  13 0.3125 431.872 305.129
  14 0.3375 432.21 307.08
  15 0.3625 431.518 307.392
  16 0.3875 432.83 308.05
  17 0.4125 430.97 307.112
  18 0.4375 432.108 305.115
  19 0.4625 432.5 305.387
  20 0.4875 431.474 311.435
  21 0.5125 432.004 318.633
  22 0.5375 431.294 318.12
  23 0.5625 433.28 315.641
  24 0.5875 432.14 320.496
  25 0.6125 432.058 315.849
  26 0.6375 432.29 309.242
  27 0.6625 431.7 309.787
  28 0.6875 431.73 303.174
  29 0.7125 432.45 295.967
  30 0.7375 431.85 302.104
  31 0.7625 433.142 300.553
  32 0.7875 431.988 297.914
  33 0.8125 432.172 300.605
  34 0.8375 431.504 300.434
  35 0.8625 431.378 297.247
  36 0.8875 431.694 290.31
  37 0.9125 431.868 294.534
  38 0.9375 431.36 293.972
  39 0.9625 431.968 290.198
  40 0.9875 432.062 282.63
590000 40 17280
  1 0.0125 431.756 289.319
  2 0.0375 432.75 281.226
  3 0.0625 432.868 281.322
  4 0.0875 432.278 284.808
  5 0.1125 432.08 290.682
  6 0.1375 432.762 291.882
  7 0.1625 432.508 298.235
  8 0.1875 431.4 295.239
  9 0.2125 431.444 300.997
  10 0.2375 431.666 294.036
  11 0.2625 431.076 296.095
  12 0.2875 431.756 303.476
  13 0.3125 430.592 309.322
  14 0.3375 431.614 297.313
  15 0.3625 431.83 297.409
  16 0.3875 432.652 305.658
  17 0.4125 432.332 308.235
  18 0.4375 431.89 311.878
  19 0.4625 432.402 305.218
  20 0.4875 431.874 313.596
  21 0.5125 432.148 323.954
  22 0.5375 432.422 323.595
  23 0.5625 431.056 317.51
  24 0.5875 432.652 310.393
  25 0.6125 432.288 303.74
  26 0.6375 432.314 300.548
  27 0.6625 432.388 308.681
  28 0.6875 432.622 309.961
  29 0.7125 431.916 296.918
  30 0.7375 431.548 301.673
  31 0.7625 431.966 306.715
  32 0.7875 432.03 304.89
  33 0.8125 431.934 302.804
  34 0.8375 431.632 295.641
  35 0.8625 432.232 297.63
  36 0.8875 431.652 295.298
  37 0.9125 431.584 300.526
  38 0.9375 431.714 291.724
  39 0.9625 432.034 288.071
  40 0.9875 432.338 286.655
595000 40 17280
  1 0.0125 432.784 289.211
  2 0.0375 431.844 285.258
  3 0.0625 432.632 286.499
  4 0.0875 431.89 284.707
  5 0.1125 431.418 295.381
  6 0.1375 431.484 293.835
  7 0.1625 431.456 289.214
  8 0.1875 431.574 283.914
  9 0.2125 431.946 297.251
  10 0.2375 431.638 295.383
  11 0.2625 431.334 292.435
  12 0.2875 431.622 291.948
  13 0.3125 430.778 304.759
  14 0.3375 432.144 307.468
  15 0.3625 432.082 308.314
  16 0.3875 432.43 305.321
  17 0.4125 431.236 315.514
  18 0.4375 431.766 307.131
  19 0.4625 431.898 303.456
  20 0.4875 431.788 309.866
  21 0.5125 431.474 315.264
  22 0.5375 432.18 316.349
  23 0.5625 432.118 316.173
  24 0.5875 433.312 320.1
  25 0.6125 432.61 310.519
  26 0.6375 432.588 309.266
  27 0.6625 433.45 310.967
  28 0.6875 431.758 309.127
  29 0.7125 432.606 309.323
  30 0.7375 432.562 301.131
  31 0.7625 431.298 301.484
  32 0.7875 432.258 299.426
  33 0.8125 432.418 295.496
  34 0.8375 431.914 295.101
  35 0.8625 431 297.853
  36 0.8875 432.158 294.315
  37 0.9125 431.606 294.423
  38 0.9375 432.394 302.389
  39 0.9625 432.978 291.25
  40 0.9875 431.574 286.944
600000 40 17280.000000000004
  1 0.0125 432.304 281.56
  2 0.0375 431.93 284.433
  3 0.0625 431.738 288
  4 0.0875 431.488 284.689
  5 0.1125 431.93 288.983
  6 0.1375 431.41 292.138
  7 0.1625 431.594 290.887
  8 0.1875 432.536 290.301
  9 0.2125 432.012 299.57
  10 0.2375 432.146 296.884
  11 0.2625 431.396 295.252
  12 0.2875 431.834 299.997
  13 0.3125 431.366 302.742
  14 0.3375 432.29 303.398
  15 0.3625 431.416 305.289
  16 0.3875 432.538 304.608
  17 0.4125 431.684 308.516
  18 0.4375 431.85 312.866
  19 0.4625 432.242 311.594
  20 0.4875 432.378 314.544
  21 0.5125 431.784 320.141
  22 0.5375 431.864 319.311
  23 0.5625 431.944 321.841
  24 0.5875 432.812 324.067
  25 0.6125 432.484 306.085
  26 0.6375 432.358 311.167
  27 0.6625 432.484 303.511
  28 0.6875 431.516 309.579
  29 0.7125 432.47 309.249
  30 0.7375 431.556 302.132
  31 0.7625 432.42 297.927
  32 0.7875 431.998 298.512
  33 0.8125 432.232 296.65
  34 0.8375 431.984 293.725
  35 0.8625 432.378 293.36
  36 0.8875 431.53 298.837
  37 0.9125 432.308 298.63
  38 0.9375 432.076 290.466
  39 0.9625 431.824 288.854
  40 0.9875 431.896 284.19
