# Chunk-averaged data for fix temp_profile and group all
# Timestep Number-of-chunks Total-count
# Chunk Coord1 Ncount temp
205000 40 5760
  1 0.0125 143.52 288.841
  2 0.0375 144.298 294.299
  3 0.0625 144.456 293.561
  4 0.0875 144.386 292.433
  5 0.1125 143.588 299.681
  6 0.1375 144.136 297.09
  7 0.1625 144.282 292.395
  8 0.1875 144.004 288.963
  9 0.2125 144.16 291.03
  10 0.2375 143.93 290.673
  11 0.2625 143.332 299.762
  12 0.2875 143.938 308.618
  13 0.3125 144.07 312.238
  14 0.3375 143.638 303.226
  15 0.3625 143.68 300.366
  16 0.3875 144.018 298.726
  17 0.4125 143.356 303.18
  18 0.4375 144.332 301.939
  19 0.4625 143.724 308.182
  20 0.4875 144.074 306.188
  21 0.5125 143.542 312.276
  22 0.5375 143.466 308.325
  23 0.5625 144.426 316.703
  24 0.5875 143.998 314.454
  25 0.6125 144.254 307.529
  26 0.6375 144.078 310.312
  27 0.6625 143.304 314.369
  28 0.6875 144.726 314.47
  29 0.7125 143.846 309.067
  30 0.7375 144.282 305.22
  31 0.7625 143.592 302.972
  32 0.7875 144.86 299.426
  33 0.8125 144.278 303.231
  34 0.8375 144.354 299.945
  35 0.8625 143.96 297.054
  36 0.8875 143.582 297.532
  37 0.9125 144.008 302.673
  38 0.9375 144.346 303.224
  39 0.9625 144.91 297.999
  40 0.9875 143.266 292.225
210000 40 5760
  1 0.0125 144.396 294.5
  2 0.0375 144.084 295.028
  3 0.0625 143.928 297.824
  4 0.0875 144.228 294.436
  5 0.1125 143.56 302.095
  6 0.1375 144.168 303.54
  7 0.1625 143.728 300.316
  8 0.1875 143.756 303.104
  9 0.2125 143.81 299.916
  10 0.2375 143.644 302.623
  11 0.2625 144.478 303.48
  12 0.2875 143.6 302.672
  13 0.3125 144.436 306.146
  14 0.3375 144.262 306.982
  15 0.3625 144.302 310.155
  16 0.3875 143.91 306.7
  17 0.4125 144.028 304.338
  18 0.4375 143.882 304.701
  19 0.4625 143.99 311.295
  20 0.4875 143.56 309.807
  21 0.5125 144.338 306.539
  22 0.5375 143.348 304.458
  23 0.5625 144.308 302.822
  24 0.5875 143.904 305.618
  25 0.6125 144.39 299.915
  26 0.6375 143.408 302.388
  27 0.6625 144.326 302.942
  28 0.6875 143.628 306.038
  29 0.7125 144.256 301.422
  30 0.7375 144.078 294.074
  31 0.7625 143.782 294.179
  32 0.7875 143.962 296.071
  33 0.8125 144.094 295.532
  34 0.8375 143.838 303.018
  35 0.8625 143.898 300.298
  36 0.8875 144.384 298.586
  37 0.9125 143.82 299.165
  38 0.9375 144.056 299.343
  39 0.9625 144.334 304.843
  40 0.9875 144.098 300.271
215000 40 5760
  1 0.0125 143.89 290.156
  2 0.0375 144.55 288.67
  3 0.0625 143.796 292.877
  4 0.0875 144.01 293.443
  5 0.1125 144.174 291.492
  6 0.1375 144.158 289.671
  7 0.1625 143.828 293.499
  8 0.1875 144.15 284.698
  9 0.2125 144.224 285.97
  10 0.2375 143.236 301.303
  11 0.2625 144.798 301.327
  12 0.2875 143.892 299.721
  13 0.3125 144.022 303.064
  14 0.3375 144.284 296.446
  15 0.3625 143.88 305.291
  16 0.3875 144.068 313.127
  17 0.4125 144.244 311.044
  18 0.4375 143.864 315.383
  19 0.4625 143.57 322.116
  20 0.4875 144.296 316.237
  21 0.5125 143.812 319.446
  22 0.5375 144.068 308.961
  23 0.5625 143.488 307.484
  24 0.5875 143.68 307.448
  25 0.6125 144.148 307.589
  26 0.6375 143.688 308.929
  27 0.6625 144.308 305.861
  28 0.6875 144.02 310.634
  29 0.7125 144.99 307.658
  30 0.7375 143.278 300.76
  31 0.7625 144.342 304.832
  32 0.7875 143.902 297.721
  33 0.8125 144.174 296.384
  34 0.8375 143.75 300.513
  35 0.8625 144.186 299.202
  36 0.8875 143.954 301.612
  37 0.9125 144.032 302.093
  38 0.9375 143.294 302.392
  39 0.9625 144.594 298.547
  40 0.9875 143.358 296.011
220000 40 5759.999999999999
  1 0.0125 144.5 285.597
  2 0.0375 144.078 288.015
  3 0.0625 143.238 293.75
  4 0.0875 144.854 294.462
  5 0.1125 143.96 295.842
  6 0.1375 143.828 305.448
  7 0.1625 144.386 306.807
  8 0.1875 144.12 298.469
  9 0.2125 144.312 296.251
  10 0.2375 143.524 302.892
  11 0.2625 144.612 298.917
  12 0.2875 143.622 294.636
  13 0.3125 144.138 292.883
  14 0.3375 144.656 293.205
  15 0.3625 144.05 305.336
  16 0.3875 144.22 311.934
  17 0.4125 143.838 311.365
  18 0.4375 143.608 311.701
  19 0.4625 143.966 310.803
  20 0.4875 144 308.216
  21 0.5125 144.828 309.455
  22 0.5375 144.456 312.445
  23 0.5625 143.624 310.691
  24 0.5875 144.388 313.364
  25 0.6125 144.016 314.477
  26 0.6375 143.874 314.84
  27 0.6625 143.396 316.461
  28 0.6875 143.888 313.008
  29 0.7125 143.704 314.184
  30 0.7375 143.712 302.1
  31 0.7625 143.622 300.667
  32 0.7875 143.722 302.273
  33 0.8125 143.612 304.5
  34 0.8375 144.186 290.997
  35 0.8625 143.872 290.504
  36 0.8875 143.714 293.307
  37 0.9125 144.15 291.606
  38 0.9375 144.06 290.884
  39 0.9625 144.08 294.818
  40 0.9875 143.586 291.966
225000 40 5760
  1 0.0125 143.278 288.613
  2 0.0375 144.22 286.195
  3 0.0625 144.786 291.209
  4 0.0875 143.648 294.104
  5 0.1125 144.422 296.38
  6 0.1375 143.35 299.392
  7 0.1625 144.17 304.237
  8 0.1875 144.116 307.332
  9 0.2125 144.182 303.363
  10 0.2375 143.63 299.614
  11 0.2625 144.012 298.023
  12 0.2875 144.116 301.103
  13 0.3125 143.904 304.291
  14 0.3375 143.654 308.201
  15 0.3625 143.588 303.579
  16 0.3875 144.176 304.675
  17 0.4125 143.768 301.094
  18 0.4375 143.994 306.23
  19 0.4625 144.496 305.671
  20 0.4875 144.28 308.154
  21 0.5125 143.878 313.847
  22 0.5375 144.182 311.983
  23 0.5625 144.092 307.81
  24 0.5875 144.098 309.497
  25 0.6125 143.856 313.478
  26 0.6375 143.836 312.907
  27 0.6625 144.1 307.941
  28 0.6875 143.396 310.709
  29 0.7125 144.094 310.138
  30 0.7375 143.958 306.524
  31 0.7625 143.878 302.665
  32 0.7875 144.082 299.063
  33 0.8125 144.226 298.01
  34 0.8375 143.686 298.071
  35 0.8625 144.686 297.075
  36 0.8875 143.972 297.49
  37 0.9125 144.004 296.084
  38 0.9375 143.874 293.761
  39 0.9625 144.136 290.377
  40 0.9875 144.176 289.253
230000 40 5759.999999999999
  1 0.0125 144.378 284.563
  2 0.0375 143.898 283.026
  3 0.0625 144.324 286.98
  4 0.0875 144.198 292.735
  5 0.1125 143.96 300.244
  6 0.1375 143.896 301.105
  7 0.1625 144.202 301.294
  8 0.1875 143.762 291.625
  9 0.2125 143.752 292.836
  10 0.2375 144.084 293.883
  11 0.2625 143.924 297.092
  12 0.2875 144.118 302.861
  13 0.3125 144.098 305.091
  14 0.3375 144.074 307.51
  15 0.3625 143.812 309.548
  16 0.3875 143.866 308.31
  17 0.4125 143.906 308.42
  18 0.4375 143.62 308.063
  19 0.4625 143.788 308.523
  20 0.4875 143.28 303.482
  21 0.5125 144 303.059
  22 0.5375 144.064 306.236
  23 0.5625 144.638 308.708
  24 0.5875 143.634 313.784
  25 0.6125 143.652 309.054
  26 0.6375 144.32 303.738
  27 0.6625 143.888 308.044
  28 0.6875 144.612 306.897
  29 0.7125 144.292 312.88
  30 0.7375 143.638 312.519
  31 0.7625 144.472 306.26
  32 0.7875 143.8 306.417
  33 0.8125 143.78 301.74
  34 0.8375 144.016 302.384
  35 0.8625 144.016 298.738
  36 0.8875 144.2 301.209
  37 0.9125 143.642 301.249
  38 0.9375 144.796 299.534
  39 0.9625 143.934 297.653
  40 0.9875 143.666 290.618
235000 40 5760.000000000001
  1 0.0125 143.872 301.442
  2 0.0375 144.408 300.952
  3 0.0625 143.862 303.245
  4 0.0875 143.918 300.6
  5 0.1125 144.06 299.072
  6 0.1375 144.064 299.446
  7 0.1625 144.242 301.197
  8 0.1875 143.652 294.823
  9 0.2125 144.544 297.242
  10 0.2375 143.582 299.102
  11 0.2625 144.622 295.646
  12 0.2875 144.072 298.138
  13 0.3125 144.114 299.528
  14 0.3375 144.116 291.657
  15 0.3625 143.478 302.651
  16 0.3875 143.942 303.806
  17 0.4125 144.124 306.349
  18 0.4375 144.26 303.309
  19 0.4625 143.522 300.097
  20 0.4875 144.028 301.235
  21 0.5125 144.408 304.781
  22 0.5375 144.176 303.017
  23 0.5625 143.78 307.608
  24 0.5875 143.648 315.309
  25 0.6125 143.764 312.046
  26 0.6375 144.474 301.546
  27 0.6625 143.882 298.465
  28 0.6875 144.176 298.481
  29 0.7125 143.858 301.871
  30 0.7375 143.238 306.497
  31 0.7625 144.124 300.113
  32 0.7875 144.33 304.966
  33 0.8125 143.834 303.485
  34 0.8375 143.462 302.053
  35 0.8625 144.674 296.016
  36 0.8875 143.832 308.943
  37 0.9125 143.636 304.362
  38 0.9375 144.174 301.044
  39 0.9625 143.616 304.046
  40 0.9875 144.432 304.519
240000 40 5760
  1 0.0125 144.536 295.798
  2 0.0375 143.136 294.28
  3 0.0625 144.314 295.298
  4 0.0875 144.08 296.014
  5 0.1125 144.318 300.408
  6 0.1375 144.172 305.014
  7 0.1625 144.002 305.873
  8 0.1875 144.554 301.753
  9 0.2125 143.274 302.334
  10 0.2375 144.048 302.892
  11 0.2625 143.996 301.394
  12 0.2875 144.494 304.491
  13 0.3125 143.578 298.66
  14 0.3375 143.884 299.678
  15 0.3625 144.12 298.017
  16 0.3875 143.294 294.883
  17 0.4125 144.016 298.111
  18 0.4375 144.27 296.625
  19 0.4625 144.144 301.03
  20 0.4875 143.698 304.603
  21 0.5125 143.738 305.428
  22 0.5375 143.81 307.37
  23 0.5625 144.726 313.41
  24 0.5875 143.3 316.646
  25 0.6125 143.99 305.351
  26 0.6375 143.942 303.695
  27 0.6625 144.392 291.38
  28 0.6875 144.026 293.127
  29 0.7125 143.476 299.672
  30 0.7375 144.234 302.372
  31 0.7625 143.674 303.471
  32 0.7875 144.448 308.809
  33 0.8125 144.028 307.809
  34 0.8375 144.126 302.093
  35 0.8625 143.73 299.384
  36 0.8875 144.296 304.442
  37 0.9125 143.546 299.301
  38 0.9375 144.278 308.3
  39 0.9625 144.184 307.917
  40 0.9875 144.128 302.059
245000 40 5759.999999999999
  1 0.0125 144.088 288.615
  2 0.0375 143.464 288.225
  3 0.0625 143.626 290.676
  4 0.0875 143.662 296.082
  5 0.1125 143.98 301.067
  6 0.1375 144.236 305.017
  7 0.1625 143.808 304.396
  8 0.1875 143.962 308.192
  9 0.2125 144.154 304.584
  10 0.2375 144.04 298.534
  11 0.2625 144.112 298.393
  12 0.2875 143.746 297.822
  13 0.3125 144.018 298.29
  14 0.3375 143.588 297.427
  15 0.3625 144.16 299.19
  16 0.3875 143.908 295.53
  17 0.4125 143.928 301.999
  18 0.4375 144.216 307.012
  19 0.4625 144.118 310.324
  20 0.4875 144.64 305.711
  21 0.5125 143.962 310.863
  22 0.5375 144.068 318.938
  23 0.5625 144.204 320.486
  24 0.5875 144.07 313.484
  25 0.6125 143.916 308.677
  26 0.6375 144.038 307.81
  27 0.6625 144.23 306.377
  28 0.6875 144.392 306.413
  29 0.7125 144.14 300.019
  30 0.7375 143.668 304.256
  31 0.7625 143.94 296.967
  32 0.7875 144.15 299.404
  33 0.8125 143.842 303.589
  34 0.8375 143.964 303.69
  35 0.8625 144.09 302.342
  36 0.8875 144.02 296.99
  37 0.9125 144.082 294.686
  38 0.9375 144.114 293.356
  39 0.9625 143.698 297.792
  40 0.9875 143.958 293.603
250000 40 5760
  1 0.0125 144.244 292.213
  2 0.0375 143.978 295.171
  3 0.0625 144.186 287.977
  4 0.0875 144.168 290.88
  5 0.1125 143.714 295.441
  6 0.1375 144.096 297.551
  7 0.1625 143.714 295.559
  8 0.1875 143.534 298.496
  9 0.2125 143.794 292.538
  10 0.2375 143.486 292.036
  11 0.2625 144.408 284.961
  12 0.2875 144.078 292.239
  13 0.3125 143.04 305.962
  14 0.3375 144.218 299.502
  15 0.3625 143.752 298.89
  16 0.3875 143.492 296.43
  17 0.4125 144.07 294.552
  18 0.4375 144.576 299.025
  19 0.4625 143.808 301.731
  20 0.4875 143.97 301.072
  21 0.5125 144.31 306.685
  22 0.5375 144.032 316.776
  23 0.5625 143.974 311.407
  24 0.5875 144.41 319.925
  25 0.6125 143.618 318.827
  26 0.6375 144.418 320.871
  27 0.6625 144.102 318.845
  28 0.6875 144.52 312.837
  29 0.7125 144.192 312.459
  30 0.7375 144.304 312.265
  31 0.7625 144.216 311.863
  32 0.7875 144.352 314.054
  33 0.8125 144.286 301.211
  34 0.8375 143.614 302.233
  35 0.8625 143.902 298.482
  36 0.8875 143.558 298.287
  37 0.9125 144.208 296.186
  38 0.9375 143.95 296.273
  39 0.9625 143.944 299.49
  40 0.9875 143.764 297.447
255000 40 5759.999999999999
  1 0.0125 144.486 298.985
  2 0.0375 144.284 290.39
  3 0.0625 144.034 286.466
  4 0.0875 143.766 294.254
  5 0.1125 144.282 288.603
  6 0.1375 144.398 292.067
  7 0.1625 143.94 296.223
  8 0.1875 143.914 301.681
  9 0.2125 143.414 300.472
  10 0.2375 144.52 294.422
  11 0.2625 143.736 293.692
  12 0.2875 143.87 295.914
  13 0.3125 143.792 296.664
  14 0.3375 144.09 296.678
  15 0.3625 143.444 297.306
  16 0.3875 144.034 295.842
  17 0.4125 143.778 301.571
  18 0.4375 143.322 303.082
  19 0.4625 143.908 302.037
  20 0.4875 144.1 302.602
  21 0.5125 143.976 309.578
  22 0.5375 144 313.321
  23 0.5625 143.868 309.902
  24 0.5875 143.966 314.924
  25 0.6125 144.192 318.735
  26 0.6375 143.838 308.399
  27 0.6625 144.522 303.612
  28 0.6875 143.844 305.677
  29 0.7125 143.984 303.263
  30 0.7375 143.836 302.081
  31 0.7625 143.882 304.802
  32 0.7875 143.98 309.402
  33 0.8125 144.476 312.237
  34 0.8375 144.43 305.053
  35 0.8625 143.92 305.591
  36 0.8875 144.122 302.907
  37 0.9125 143.762 309.341
  38 0.9375 143.94 311.75
  39 0.9625 144.214 301.303
  40 0.9875 144.136 299.997
260000 40 5760
  1 0.0125 144.16 288.5
  2 0.0375 144.39 293.307
  3 0.0625 144.432 299.099
  4 0.0875 144.024 294.772
  5 0.1125 143.912 287.682
  6 0.1375 144.082 289.83
  7 0.1625 144.012 292.058
  8 0.1875 144.034 295.734
  9 0.2125 144.322 297.723
  10 0.2375 144.158 296.402
  11 0.2625 144.01 294.386
  12 0.2875 144.386 303.58
  13 0.3125 143.75 307.282
  14 0.3375 143.866 306.934
  15 0.3625 143.624 307.262
  16 0.3875 144.232 305.146
  17 0.4125 144.01 310.692
  18 0.4375 143.958 307.035
  19 0.4625 144.252 310.187
  20 0.4875 144.4 307.797
  21 0.5125 143.924 313.402
  22 0.5375 143.746 314.403
  23 0.5625 144.21 312.717
  24 0.5875 143.876 308.885
  25 0.6125 144.544 306.054
  26 0.6375 143.778 305.34
  27 0.6625 144.116 304.489
  28 0.6875 143.27 307.457
  29 0.7125 143.668 310.958
  30 0.7375 144.086 304.644
  31 0.7625 143.58 304.794
  32 0.7875 144.236 301.802
  33 0.8125 143.302 300.552
  34 0.8375 144.274 300.585
  35 0.8625 143.906 299.611
  36 0.8875 143.526 300.566
  37 0.9125 143.878 300.577
  38 0.9375 144.286 298.325
  39 0.9625 143.788 295.956
  40 0.9875 143.992 292.904
265000 40 5759.999999999998
  1 0.0125 144.178 286.061
  2 0.0375 143.62 289.085
  3 0.0625 144.23 291.719
  4 0.0875 143.994 287.138
  5 0.1125 143.728 284.865
  6 0.1375 144.66 290.424
  7 0.1625 144.328 295.862
  8 0.1875 144.146 300.339
  9 0.2125 144.262 299.739
  10 0.2375 144.192 300.992
  11 0.2625 144.388 299.801
  12 0.2875 143.946 305.912
  13 0.3125 144.39 304.042
  14 0.3375 143.358 307.983
  15 0.3625 144.282 307.408
  16 0.3875 144.098 300.54
  17 0.4125 143.742 310.536
  18 0.4375 144.404 311.329
  19 0.4625 144.044 308.275
  20 0.4875 144.328 315.101
  21 0.5125 143.854 312.276
  22 0.5375 144.098 309.785
  23 0.5625 143.978 308.827
  24 0.5875 143.806 305.894
  25 0.6125 143.612 301.082
  26 0.6375 143.834 307.466
  27 0.6625 144.13 313.957
  28 0.6875 143.35 317.897
  29 0.7125 144.248 311.262
  30 0.7375 143.474 304.461
  31 0.7625 144.464 305.545
  32 0.7875 143.364 306.07
  33 0.8125 144.134 303.484
  34 0.8375 143.552 295.941
  35 0.8625 144.504 297.705
  36 0.8875 143.87 302.065
  37 0.9125 144.014 295.886
  38 0.9375 143.906 295.365
  39 0.9625 143.802 293.075
  40 0.9875 143.688 295.433
270000 40 5760
  1 0.0125 144.52 286.931
  2 0.0375 143.642 287.72
  3 0.0625 144.356 288.244
  4 0.0875 143.954 285.696
  5 0.1125 143.774 294.383
  6 0.1375 144.122 293.267
  7 0.1625 144.228 298.516
  8 0.1875 143.836 296.776
  9 0.2125 143.764 302.848
  10 0.2375 143.742 309.339
  11 0.2625 143.878 304.592
  12 0.2875 144.064 307.024
  13 0.3125 144.504 302.406
  14 0.3375 143.992 299.757
  15 0.3625 143.706 299.888
  16 0.3875 143.494 302.066
  17 0.4125 144.584 305.929
  18 0.4375 143.858 304.628
  19 0.4625 144.454 310.407
  20 0.4875 144.138 315.819
  21 0.5125 144.68 318.624
  22 0.5375 143.872 326.172
  23 0.5625 143.88 323.111
  24 0.5875 143.97 318.135
  25 0.6125 144.282 306.065
  26 0.6375 143.8 310.386
  27 0.6625 144.008 299.022
  28 0.6875 143.862 294.14
  29 0.7125 144.42 292.792
  30 0.7375 143.762 303.187
  31 0.7625 143.612 307.315
  32 0.7875 143.662 304.283
  33 0.8125 143.974 304.633
  34 0.8375 143.848 298.217
  35 0.8625 144.216 298.774
  36 0.8875 143.436 301.492
  37 0.9125 144.324 293.998
  38 0.9375 143.978 292.176
  39 0.9625 144.078 293.406
  40 0.9875 143.726 297.729
275000 40 5760.000000000001
  1 0.0125 143.74 281.236
  2 0.0375 144.916 283.103
  3 0.0625 143.554 281.26
  4 0.0875 144.218 277.634
  5 0.1125 144.17 286.681
  6 0.1375 143.746 289.632
  7 0.1625 144.336 295.08
  8 0.1875 143.236 305.93
  9 0.2125 144.514 306.745
  10 0.2375 143.83 308.864
  11 0.2625 144.298 312.689
  12 0.2875 144.448 309.279
  13 0.3125 144.4 302.999
  14 0.3375 143.86 304.231
  15 0.3625 144.354 301.101
  16 0.3875 144.098 306.033
  17 0.4125 143.686 308.805
  18 0.4375 143.868 315.848
  19 0.4625 143.732 310.708
  20 0.4875 143.678 314.556
  21 0.5125 143.442 313.829
  22 0.5375 144.25 319.817
  23 0.5625 143.818 324.536
  24 0.5875 143.898 322.205
  25 0.6125 143.152 317.302
  26 0.6375 144.252 306.936
  27 0.6625 144.252 299.848
  28 0.6875 143.912 294.132
  29 0.7125 144.226 300.082
  30 0.7375 143.652 297.733
  31 0.7625 143.99 295.913
  32 0.7875 143.954 303.139
  33 0.8125 144.398 307.908
  34 0.8375 144.01 303.525
  35 0.8625 143.868 298.57
  36 0.8875 144.084 300.33
  37 0.9125 144.308 294.359
  38 0.9375 143.684 292.772
  39 0.9625 143.908 293.703
  40 0.9875 144.26 288.352
280000 40 5760.000000000002
  1 0.0125 144.158 286.47
  2 0.0375 144.56 284.911
  3 0.0625 144.496 285.465
  4 0.0875 143.544 288.563
  5 0.1125 144.35 292.486
  6 0.1375 143.818 294.169
  7 0.1625 144.322 296.05
  8 0.1875 144.008 298.443
  9 0.2125 143.978 305.967
  10 0.2375 144.256 303.773
  11 0.2625 143.744 301.821
  12 0.2875 144.392 304.463
  13 0.3125 143.576 301.895
  14 0.3375 144.288 305.832
  15 0.3625 143.796 302.306
  16 0.3875 144.236 305.328
  17 0.4125 143.744 306.508
  18 0.4375 143.61 311.39
  19 0.4625 143.772 315.848
  20 0.4875 144.086 311.027
  21 0.5125 143.706 306.375
  22 0.5375 143.902 310.916
  23 0.5625 143.686 312.567
  24 0.5875 143.458 317.803
  25 0.6125 144.248 313.896
  26 0.6375 143.856 311.405
  27 0.6625 143.82 301.351
  28 0.6875 144.104 303.871
  29 0.7125 144.61 304.713
  30 0.7375 143.518 303.715
  31 0.7625 143.924 306.072
  32 0.7875 143.816 301.144
  33 0.8125 144.514 295.613
  34 0.8375 143.27 302.544
  35 0.8625 144.756 300.512
  36 0.8875 143.524 302.481
  37 0.9125 143.846 300.028
  38 0.9375 144.568 298.623
  39 0.9625 143.956 291.132
  40 0.9875 144.184 292.412
285000 40 5760.000000000001
  1 0.0125 143.984 293.684
  2 0.0375 143.552 294.077
  3 0.0625 143.69 294.255
  4 0.0875 143.938 285.917
  5 0.1125 143.95 287.786
  6 0.1375 144.394 291.159
  7 0.1625 143.998 297.903
  8 0.1875 144.096 294.256
  9 0.2125 144.232 295.102
  10 0.2375 143.852 294.232
  11 0.2625 144.206 294.978
  12 0.2875 144.296 297.881
  13 0.3125 143.748 297.108
  14 0.3375 144.032 298.184
  15 0.3625 143.688 296.826
  16 0.3875 143.98 300.532
  17 0.4125 144.15 310.93
  18 0.4375 143.59 310.782
  19 0.4625 144.392 308.936
  20 0.4875 144.628 314.735
  21 0.5125 144.276 316.991
  22 0.5375 143.924 316.238
  23 0.5625 144.178 313.878
  24 0.5875 143.718 318.035
  25 0.6125 143.412 309.378
  26 0.6375 143.824 308.38
  27 0.6625 144.21 304.033
  28 0.6875 143.358 307.368
  29 0.7125 143.62 310.194
  30 0.7375 144.174 308.097
  31 0.7625 143.836 308.57
  32 0.7875 144.598 296.541
  33 0.8125 144.032 295.949
  34 0.8375 144.042 298.37
  35 0.8625 144.456 300.186
  36 0.8875 144.202 305.709
  37 0.9125 143.754 301.952
  38 0.9375 144.124 300.44
  39 0.9625 143.818 300.856
  40 0.9875 144.048 299.851
290000 40 5760.000000000001
  1 0.0125 143.918 287.788
  2 0.0375 144.146 287.39
  3 0.0625 143.62 290.587
  4 0.0875 143.728 293.092
  5 0.1125 144.548 302.606
  6 0.1375 143.604 301.313
  7 0.1625 143.912 297.414
  8 0.1875 144.2 298.632
  9 0.2125 144.224 299.532
  10 0.2375 143.656 299.385
  11 0.2625 143.182 304.277
  12 0.2875 143.778 296.92
  13 0.3125 144.01 299.992
  14 0.3375 144.058 299.95
  15 0.3625 143.902 299.512
  16 0.3875 144.534 302.321
  17 0.4125 143.736 303.471
  18 0.4375 143.848 303.322
  19 0.4625 144.622 299.203
  20 0.4875 144.578 298.811
  21 0.5125 143.826 305.365
  22 0.5375 144.122 309.099
  23 0.5625 143.966 316.111
  24 0.5875 144.55 322.104
  25 0.6125 143.666 318.984
  26 0.6375 144.688 316.807
  27 0.6625 143.542 311.874
  28 0.6875 144.14 313.77
  29 0.7125 144.032 307.95
  30 0.7375 143.814 301.072
  31 0.7625 143.636 309.833
  32 0.7875 143.756 306.039
  33 0.8125 144.368 305.084
  34 0.8375 143.668 304.747
  35 0.8625 143.906 299.411
  36 0.8875 143.724 293.222
  37 0.9125 144.322 291.283
  38 0.9375 144.176 290.912
  39 0.9625 144.362 297.628
  40 0.9875 143.932 291.925
295000 40 5759.999999999999
  1 0.0125 144.042 287.543
  2 0.0375 143.792 297.688
  3 0.0625 143.68 300.669
  4 0.0875 143.796 303.722
  5 0.1125 144.154 304.111
  6 0.1375 143.784 304.279
  7 0.1625 144.088 302.616
  8 0.1875 144.472 296.004
  9 0.2125 144.256 297.396
  10 0.2375 143.752 301.584
  11 0.2625 143.328 299.683
  12 0.2875 143.608 298.641
  13 0.3125 144.238 294.312
  14 0.3375 143.87 291.637
  15 0.3625 143.97 295.319
  16 0.3875 144.304 298.807
  17 0.4125 144.18 304.462
  18 0.4375 144.132 308.79
  19 0.4625 143.816 305.686
  20 0.4875 144.538 307.543
  21 0.5125 144.102 316.943
  22 0.5375 143.716 321.141
  23 0.5625 143.824 319.001
  24 0.5875 144.76 308.938
  25 0.6125 144.314 310.319
  26 0.6375 143.386 313.211
  27 0.6625 144.474 312.578
  28 0.6875 144.02 315.392
  29 0.7125 144.486 310.068
  30 0.7375 144.07 306.044
  31 0.7625 143.692 304.616
  32 0.7875 144.224 302.952
  33 0.8125 143.906 300.572
  34 0.8375 143.798 296.237
  35 0.8625 144.522 287.58
  36 0.8875 143.432 294.729
  37 0.9125 144.302 290.298
  38 0.9375 143.452 289.012
  39 0.9625 143.714 289.614
  40 0.9875 144.006 290.204
300000 40 5759.999999999999
  1 0.0125 144.034 291.235
  2 0.0375 143.316 293.807
  3 0.0625 143.672 296.963
  4 0.0875 144.586 298.018
  5 0.1125 143.69 301.918
  6 0.1375 143.864 296.23
  7 0.1625 143.964 295.137
  8 0.1875 144.254 304.193
  9 0.2125 143.904 301.725
  10 0.2375 143.946 304.474
  11 0.2625 143.75 304.805
  12 0.2875 144.442 305.286
  13 0.3125 144.806 302.815
  14 0.3375 143.246 303.341
  15 0.3625 144.078 298.637
  16 0.3875 143.93 297.928
  17 0.4125 144.102 302.642
  18 0.4375 143.306 303.613
  19 0.4625 144.896 307.381
  20 0.4875 143.372 310.586
  21 0.5125 144.542 309.275
  22 0.5375 143.756 316.236
  23 0.5625 144.78 312.44
  24 0.5875 143.784 311.058
  25 0.6125 144.042 305.338
  26 0.6375 144.566 311.806
  27 0.6625 143.944 307.056
  28 0.6875 143.972 306.926
  29 0.7125 143.214 305.853
  30 0.7375 144.35 296.317
  31 0.7625 144 291.795
  32 0.7875 144.098 298.784
  33 0.8125 143.892 301.371
  34 0.8375 144.156 302.972
  35 0.8625 143.512 297.552
  36 0.8875 143.794 300.307
  37 0.9125 143.866 299.743
  38 0.9375 144.072 300.576
  39 0.9625 144.208 293.402
  40 0.9875 144.294 290.729
305000 40 5760.000000000001
  1 0.0125 144.138 288.347
  2 0.0375 144.13 291.003
  3 0.0625 144.116 286.731
  4 0.0875 143.89 293.472
  5 0.1125 143.444 299.28
  6 0.1375 143.988 296.614
  7 0.1625 144.28 298.226
  8 0.1875 143.824 299.366
  9 0.2125 143.742 304.759
  10 0.2375 143.884 307.639
  11 0.2625 143.854 301.224
  12 0.2875 144.32 307.841
  13 0.3125 143.276 307.673
  14 0.3375 144.526 304.659
  15 0.3625 144.392 303.192
  16 0.3875 144.042 305.242
  17 0.4125 144.032 300.232
  18 0.4375 143.638 306.483
  19 0.4625 143.994 310.523
  20 0.4875 144.316 310.015
  21 0.5125 144.524 314.08
  22 0.5375 143.848 309.97
  23 0.5625 143.888 308.27
  24 0.5875 144.568 310.205
  25 0.6125 143.74 305.581
  26 0.6375 143.898 307.852
  27 0.6625 143.574 303.792
  28 0.6875 144.168 307.777
  29 0.7125 143.568 301.689
  30 0.7375 143.922 303.783
  31 0.7625 144.406 304.784
  32 0.7875 143.654 305.507
  33 0.8125 143.72 302.594
  34 0.8375 143.87 298.547
  35 0.8625 144.022 294.97
  36 0.8875 144.07 296.164
  37 0.9125 144.19 291.406
  38 0.9375 144.152 300.027
  39 0.9625 143.908 296.99
  40 0.9875 144.484 291.337
310000 40 5759.999999999999
  1 0.0125 143.95 285.553
  2 0.0375 143.85 284.567
  3 0.0625 144.258 288.514
  4 0.0875 144.316 293.142
  5 0.1125 144.03 301.083
  6 0.1375 143.716 300.072
  7 0.1625 144.72 299.498
  8 0.1875 144.16 305.729
  9 0.2125 144.296 305.115
  10 0.2375 143.966 299.264
  11 0.2625 144.016 295.058
  12 0.2875 143.71 299.165
  13 0.3125 143.72 303.074
  14 0.3375 143.896 304.299
  15 0.3625 144.132 301.93
  16 0.3875 143.886 304.743
  17 0.4125 144.006 306.036
  18 0.4375 143.552 305.742
  19 0.4625 144.48 307.548
  20 0.4875 143.628 308.647
  21 0.5125 144.172 310.564
  22 0.5375 144.44 310.744
  23 0.5625 143.988 317.855
  24 0.5875 144.268 314.643
  25 0.6125 144.416 303.07
  26 0.6375 143.8 303.346
  27 0.6625 144.336 301.579
  28 0.6875 143.51 298.323
  29 0.7125 143.918 300.927
  30 0.7375 143.962 309.09
  31 0.7625 143.1 311.164
  32 0.7875 144.43 308.71
  33 0.8125 144.244 313.059
  34 0.8375 143.538 305.887
  35 0.8625 143.858 296.093
  36 0.8875 144.092 298.079
  37 0.9125 143.58 300.973
  38 0.9375 143.918 296.036
  39 0.9625 143.942 286.973
  40 0.9875 144.2 292.167
315000 40 5760.000000000001
  1 0.0125 143.776 282.671
  2 0.0375 143.816 283.765
  3 0.0625 143.492 287.589
  4 0.0875 143.812 290.122
  5 0.1125 143.958 292.246
  6 0.1375 144.03 290.092
  7 0.1625 144.428 294.556
  8 0.1875 144.062 302.232
  9 0.2125 144.148 309.518
  10 0.2375 144.166 310.99
  11 0.2625 143.8 304.536
  12 0.2875 144.012 308.024
  13 0.3125 144.05 306.491
  14 0.3375 144.404 306.425
  15 0.3625 143.374 305.706
  16 0.3875 144.816 306.274
  17 0.4125 143.554 301.987
  18 0.4375 144.266 303.482
  19 0.4625 143.818 306.426
  20 0.4875 144.03 306.423
  21 0.5125 143.66 309.67
  22 0.5375 144.182 315.73
  23 0.5625 144.184 320.289
  24 0.5875 144.368 315.863
  25 0.6125 144 314.573
  26 0.6375 143.748 310.738
  27 0.6625 143.814 304.227
  28 0.6875 144.288 304.49
  29 0.7125 144.148 303.954
  30 0.7375 143.92 304.11
  31 0.7625 144.02 308.438
  32 0.7875 144.04 301.05
  33 0.8125 143.872 306.887
  34 0.8375 144.104 303.844
  35 0.8625 143.804 295.638
  36 0.8875 144.138 295.317
  37 0.9125 143.788 296.729
  38 0.9375 143.574 287.628
  39 0.9625 143.992 291.883
  40 0.9875 144.544 286.975
320000 40 5760.000000000001
  1 0.0125 144.058 284.746
  2 0.0375 144.132 282.965
  3 0.0625 143.958 283.394
  4 0.0875 143.72 284.984
  5 0.1125 144.442 291.615
  6 0.1375 143.676 293.294
  7 0.1625 144.204 300.304
  8 0.1875 144.392 303.726
  9 0.2125 144.028 301.022
  10 0.2375 144.356 307.722
  11 0.2625 143.866 300.316
  12 0.2875 144.122 314.926
  13 0.3125 144.398 304.216
  14 0.3375 144.142 304.362
  15 0.3625 143.722 306.049
  16 0.3875 144.33 304.465
  17 0.4125 143.7 308.88
  18 0.4375 144.114 317.038
  19 0.4625 144.384 311.575
  20 0.4875 143.956 312.931
  21 0.5125 143.76 317.441
  22 0.5375 144.484 310.126
  23 0.5625 143.712 315.404
  24 0.5875 144.284 316.639
  25 0.6125 144.018 318.097
  26 0.6375 144.302 317.6
  27 0.6625 144.098 312.984
  28 0.6875 143.724 309.353
  29 0.7125 143.788 303.507
  30 0.7375 143.77 305.321
  31 0.7625 143.746 306.458
  32 0.7875 144.206 296.078
  33 0.8125 143.052 299.659
  34 0.8375 144.196 292.664
  35 0.8625 143.532 288.968
  36 0.8875 143.808 290.761
  37 0.9125 143.34 292.485
  38 0.9375 144.686 286.46
  39 0.9625 143.902 285.476
  40 0.9875 143.892 292.622
325000 40 5759.999999999999
  1 0.0125 144.458 283.54
  2 0.0375 144.154 284.92
  3 0.0625 144.32 285.151
  4 0.0875 144.656 289.365
  5 0.1125 144.416 291.901
  6 0.1375 143.802 289.685
  7 0.1625 144.074 290.438
  8 0.1875 144.004 295.498
  9 0.2125 143.752 300.188
  10 0.2375 144.072 299.22
  11 0.2625 144.056 293.996
  12 0.2875 144.73 303.597
  13 0.3125 143.456 297.435
  14 0.3375 144.348 302.832
  15 0.3625 143.482 311.497
  16 0.3875 143.78 307.552
  17 0.4125 144.346 300.658
  18 0.4375 144.408 312.269
  19 0.4625 143.398 320.274
  20 0.4875 143.586 315.466
  21 0.5125 144.262 314.186
  22 0.5375 144.13 312.672
  23 0.5625 143.65 316.793
  24 0.5875 144.376 312.459
  25 0.6125 144.238 309.626
  26 0.6375 143.654 307.785
  27 0.6625 144.256 307.826
  28 0.6875 143.048 308.96
  29 0.7125 144.164 305.007
  30 0.7375 143.814 304.587
  31 0.7625 143.914 302.075
  32 0.7875 143.64 304.684
  33 0.8125 143.98 308.924
  34 0.8375 143.288 307.9
  35 0.8625 144.218 307.385
  36 0.8875 143.942 306.683
  37 0.9125 143.55 297.419
  38 0.9375 144.364 293.044
  39 0.9625 144.13 291.278
  40 0.9875 144.084 285.451
330000 40 5759.999999999999
  1 0.0125 143.704 290.359
  2 0.0375 144.704 288.358
  3 0.0625 143.23 287.889
  4 0.0875 144.426 288.79
  5 0.1125 143.662 289.495
  6 0.1375 144.074 291.602
  7 0.1625 144.546 301.061
  8 0.1875 143.54 297.676
  9 0.2125 143.826 302.322
  10 0.2375 144.106 304.958
  11 0.2625 143.892 304.801
  12 0.2875 144.152 305.798
  13 0.3125 144.34 303.706
  14 0.3375 144.1 303.597
  15 0.3625 143.964 295.597
  16 0.3875 144.302 296.97
  17 0.4125 143.88 301.35
  18 0.4375 143.854 304.352
  19 0.4625 144.328 301.253
  20 0.4875 143.93 310.435
  21 0.5125 144.09 311.013
  22 0.5375 143.644 312.56
  23 0.5625 143.148 310.556
  24 0.5875 144.468 308.299
  25 0.6125 143.68 308.393
  26 0.6375 143.908 304.73
  27 0.6625 143.888 306.887
  28 0.6875 144.292 308.254
  29 0.7125 144.128 313.606
  30 0.7375 143.888 306.898
  31 0.7625 143.828 305.204
  32 0.7875 143.946 305.629
  33 0.8125 144.308 303.725
  34 0.8375 144.574 313.093
  35 0.8625 143.726 305.581
  36 0.8875 143.98 298.184
  37 0.9125 144.104 298.95
  38 0.9375 143.954 298.813
  39 0.9625 143.988 292.912
  40 0.9875 143.898 296.049
335000 40 5760
  1 0.0125 144.322 288.636
  2 0.0375 143.754 280.151
  3 0.0625 143.87 283.031
  4 0.0875 144.404 279.589
  5 0.1125 143.868 284.255
  6 0.1375 143.724 284.339
  7 0.1625 144.714 284.575
  8 0.1875 144.162 293.727
  9 0.2125 143.998 297.806
  10 0.2375 143.738 296.502
  11 0.2625 144.222 302.591
  12 0.2875 144.182 306.01
  13 0.3125 143.826 304.137
  14 0.3375 144.07 307.682
  15 0.3625 144.198 310.857
  16 0.3875 144.542 308.693
  17 0.4125 144.266 301.528
  18 0.4375 144.248 307.363
  19 0.4625 143.374 313.729
  20 0.4875 144.066 313.595
  21 0.5125 144.12 312.704
  22 0.5375 144.054 318.828
  23 0.5625 143.93 323.736
  24 0.5875 143.956 313.896
  25 0.6125 144.314 311.901
  26 0.6375 143.652 307.285
  27 0.6625 143.766 311.355
  28 0.6875 143.884 313.254
  29 0.7125 143.5 310.008
  30 0.7375 144.41 305.922
  31 0.7625 143.672 305.107
  32 0.7875 144.05 298.499
  33 0.8125 144.07 306.488
  34 0.8375 144.188 310.701
  35 0.8625 144.002 299.716
  36 0.8875 144.002 294.479
  37 0.9125 143.524 294.597
  38 0.9375 144.244 297.477
  39 0.9625 143.722 298.347
  40 0.9875 143.392 293.97
340000 40 5759.999999999998
  1 0.0125 144.228 286.908
  2 0.0375 144.176 282.38
  3 0.0625 144.208 285.287
  4 0.0875 144.108 286.968
  5 0.1125 144.074 290.732
  6 0.1375 143.684 293.511
  7 0.1625 143.912 293.396
  8 0.1875 144.026 295.259
  9 0.2125 144.27 293.575
  10 0.2375 143.866 301.836
  11 0.2625 143.554 301.456
  12 0.2875 144.008 308.985
  13 0.3125 143.498 303.727
  14 0.3375 144.248 299.925
  15 0.3625 143.8 306.14
  16 0.3875 143.3 311.081
  17 0.4125 144.252 303.973
  18 0.4375 144.082 305.302
  19 0.4625 144.502 303.274
  20 0.4875 143.722 305.232
  21 0.5125 144.352 305.6
  22 0.5375 143.494 316.123
  23 0.5625 144.084 321.642
  24 0.5875 143.958 320.02
  25 0.6125 143.732 316.177
  26 0.6375 143.562 315.412
  27 0.6625 144.16 309.917
  28 0.6875 143.916 299.179
  29 0.7125 144.034 302.618
  30 0.7375 143.966 302.145
  31 0.7625 143.98 304.769
  32 0.7875 144.182 307.277
  33 0.8125 143.798 301.747
  34 0.8375 144.052 298.962
  35 0.8625 144.172 298.084
  36 0.8875 144.72 304.815
  37 0.9125 144.132 301.65
  38 0.9375 144.142 302.679
  39 0.9625 143.932 299.166
  40 0.9875 144.114 292.257
345000 40 5760
  1 0.0125 143.956 290.684
  2 0.0375 144.35 287.501
  3 0.0625 144.336 286.296
  4 0.0875 143.946 287.419
  5 0.1125 144.046 291.593
  6 0.1375 143.602 293.307
  7 0.1625 143.602 293.651
  8 0.1875 143.51 299.67
  9 0.2125 143.866 302.726
  10 0.2375 143.68 302.388
  11 0.2625 143.898 300.508
  12 0.2875 143.848 302.132
  13 0.3125 144.18 307.405
  14 0.3375 143.762 302.395
  15 0.3625 143.792 299.865
  16 0.3875 144.28 295.661
  17 0.4125 143.888 302.139
  18 0.4375 144.004 298.115
  19 0.4625 144.216 297.764
  20 0.4875 143.696 301.241
  21 0.5125 144.096 311.026
  22 0.5375 143.972 319.781
  23 0.5625 143.43 321.495
  24 0.5875 144.328 317.367
  25 0.6125 144.336 308.561
  26 0.6375 143.512 306.383
  27 0.6625 144.384 308.404
  28 0.6875 144.542 300.514
  29 0.7125 143.84 299.912
  30 0.7375 144.472 296.994
  31 0.7625 144.218 301.25
  32 0.7875 143.752 306.652
  33 0.8125 143.85 312.283
  34 0.8375 144.518 309.709
  35 0.8625 144.322 308.054
  36 0.8875 144.112 303.579
  37 0.9125 143.816 301.396
  38 0.9375 144.286 301.414
  39 0.9625 143.834 300.727
  40 0.9875 143.922 299.979
350000 40 5759.999999999999
  1 0.0125 143.26 290.995
  2 0.0375 144.408 294.934
  3 0.0625 144.18 295.017
  4 0.0875 143.652 292.542
  5 0.1125 144.298 296.507
  6 0.1375 143.494 299.679
  7 0.1625 144.024 297.764
  8 0.1875 144.182 297.876
  9 0.2125 144.08 296.454
  10 0.2375 144.126 298.387
  11 0.2625 144.04 300.77
  12 0.2875 143.536 297.215
  13 0.3125 144.284 296.574
  14 0.3375 144.026 302.135
  15 0.3625 143.684 298.939
  16 0.3875 143.982 295.601
  17 0.4125 143.82 298.634
  18 0.4375 144.298 304.908
  19 0.4625 143.98 309.371
  20 0.4875 144.068 305.114
  21 0.5125 144.114 310.729
  22 0.5375 143.976 313.799
  23 0.5625 144.106 318.229
  24 0.5875 143.956 318.039
  25 0.6125 144.02 312.257
  26 0.6375 144.442 304.603
  27 0.6625 144.298 312.656
  28 0.6875 143.766 317.393
  29 0.7125 143.512 317.138
  30 0.7375 144.686 305.133
  31 0.7625 144.16 302.303
  32 0.7875 144.124 302.974
  33 0.8125 143.714 303.132
  34 0.8375 143.458 300.894
  35 0.8625 144.218 300.891
  36 0.8875 143.98 300.306
  37 0.9125 144.126 295.976
  38 0.9375 144.402 292.25
  39 0.9625 143.522 290.741
  40 0.9875 143.998 288.87
355000 40 5760.000000000001
  1 0.0125 144.076 294.118
  2 0.0375 143.868 285.249
  3 0.0625 143.244 287.129
  4 0.0875 144.308 289.547
  5 0.1125 143.482 295.907
  6 0.1375 144.476 297.278
  7 0.1625 144.38 298.019
  8 0.1875 143.832 298.303
  9 0.2125 143.856 296.921
  10 0.2375 144.576 303.258
  11 0.2625 143.754 308.45
  12 0.2875 144.366 306.554
  13 0.3125 144.252 304.39
  14 0.3375 144.366 304.631
  15 0.3625 144.136 312.722
  16 0.3875 144.188 318.132
  17 0.4125 143.694 310.61
  18 0.4375 143.988 304.511
  19 0.4625 144.262 305.443
  20 0.4875 143.676 305.293
  21 0.5125 144.118 303.019
  22 0.5375 144.142 306.069
  23 0.5625 144.25 310.884
  24 0.5875 143.956 308.504
  25 0.6125 143.706 306.314
  26 0.6375 143.884 301.962
  27 0.6625 144.21 305.391
  28 0.6875 144.52 313.404
  29 0.7125 144.116 307.165
  30 0.7375 143.858 306.365
  31 0.7625 144.464 303.394
  32 0.7875 143.814 304.885
  33 0.8125 143.802 302.686
  34 0.8375 143.952 306.531
  35 0.8625 143.378 296.093
  36 0.8875 143.894 296.343
  37 0.9125 143.256 293.955
  38 0.9375 144.1 287.691
  39 0.9625 143.866 291.818
  40 0.9875 143.934 297.877
360000 40 5760.000000000002
  1 0.0125 144.238 295.519
  2 0.0375 143.916 291.664
  3 0.0625 143.958 286.797
  4 0.0875 144.288 292.769
  5 0.1125 143.8 296.169
  6 0.1375 143.492 298.866
  7 0.1625 144.184 298.644
  8 0.1875 144.196 302.949
  9 0.2125 143.42 300.518
  10 0.2375 143.93 296.949
  11 0.2625 143.636 290.618
  12 0.2875 143.844 289.102
  13 0.3125 144.564 293.252
  14 0.3375 143.648 297.755
  15 0.3625 143.956 299.309
  16 0.3875 143.808 297.018
  17 0.4125 144.16 299.191
  18 0.4375 143.972 304.025
  19 0.4625 143.824 303.725
  20 0.4875 144.026 309.373
  21 0.5125 143.606 316.689
  22 0.5375 143.748 315.974
  23 0.5625 144.562 313.982
  24 0.5875 144.202 308.633
  25 0.6125 144.184 309.54
  26 0.6375 144.064 305.788
  27 0.6625 144.168 309.743
  28 0.6875 144.676 310.113
  29 0.7125 143.264 306.964
  30 0.7375 144.434 313.101
  31 0.7625 143.742 310.832
  32 0.7875 144.14 307.751
  33 0.8125 143.908 309.619
  34 0.8375 144.09 307.273
  35 0.8625 144.068 301.847
  36 0.8875 144.12 298.699
  37 0.9125 143.7 296.428
  38 0.9375 143.676 300.16
  39 0.9625 144.764 294.397
  40 0.9875 144.024 295.944
365000 40 5760.000000000001
  1 0.0125 144.102 297.887
  2 0.0375 143.454 294.487
  3 0.0625 143.528 299.71
  4 0.0875 143.922 300.437
  5 0.1125 143.636 293.742
  6 0.1375 144.344 289.229
  7 0.1625 143.966 295.495
  8 0.1875 143.592 299.413
  9 0.2125 143.824 300.258
  10 0.2375 143.832 299.831
  11 0.2625 144.054 304.527
  12 0.2875 144.002 302.234
  13 0.3125 144.572 299.147
  14 0.3375 143.66 299.113
  15 0.3625 144.278 299.145
  16 0.3875 143.976 298.276
  17 0.4125 143.964 304.718
  18 0.4375 143.902 309.448
  19 0.4625 144.278 305.118
  20 0.4875 144.01 310.318
  21 0.5125 144.762 303.795
  22 0.5375 143.292 309.975
  23 0.5625 144.266 305.446
  24 0.5875 144.152 308.192
  25 0.6125 144.3 307.234
  26 0.6375 143.946 304.748
  27 0.6625 143.356 306.839
  28 0.6875 144.3 303.716
  29 0.7125 144.004 306.189
  30 0.7375 144.414 310.028
  31 0.7625 144.084 307.243
  32 0.7875 144.53 299.452
  33 0.8125 143.326 303.362
  34 0.8375 143.88 299.736
  35 0.8625 143.954 301.247
  36 0.8875 144.206 305.092
  37 0.9125 144.014 303.728
  38 0.9375 144.292 297.881
  39 0.9625 144.196 295.694
  40 0.9875 143.83 296.305
370000 40 5760.000000000001
  1 0.0125 144.352 292.956
  2 0.0375 143.744 292.2
  3 0.0625 143.572 285.642
  4 0.0875 144.508 289.758
  5 0.1125 143.85 294.228
  6 0.1375 143.804 299.263
  7 0.1625 144.006 298.769
  8 0.1875 144.178 301.974
  9 0.2125 143.75 313.562
  10 0.2375 144.284 316.3
  11 0.2625 144.338 311.595
  12 0.2875 143.87 315.334
  13 0.3125 143.968 310.962
  14 0.3375 143.598 303.24
  15 0.3625 144.296 299.828
  16 0.3875 143.756 303.764
  17 0.4125 144.396 301.41
  18 0.4375 144.068 310.485
  19 0.4625 143.87 309.773
  20 0.4875 143.834 306.178
  21 0.5125 143.694 306.878
  22 0.5375 143.884 304.229
  23 0.5625 143.964 310.247
  24 0.5875 144.296 307.796
  25 0.6125 144.018 305.741
  26 0.6375 144.238 304.554
  27 0.6625 144.358 302.461
  28 0.6875 144.232 299.561
  29 0.7125 144.09 300.934
  30 0.7375 144.114 301.399
  31 0.7625 144.014 300.676
  32 0.7875 144.118 298.405
  33 0.8125 143.502 294.564
  34 0.8375 143.754 298.892
  35 0.8625 144.116 300.606
  36 0.8875 143.764 302.445
  37 0.9125 143.988 293.035
  38 0.9375 143.528 296.489
  39 0.9625 144.564 297.375
  40 0.9875 143.722 297.239
375000 40 5759.999999999999
  1 0.0125 143.958 295.602
  2 0.0375 144.05 294.048
  3 0.0625 144.244 291.004
  4 0.0875 143.372 293.749
  5 0.1125 144.454 296.068
  6 0.1375 143.49 294.876
  7 0.1625 144.132 300.456
  8 0.1875 144.178 300.019
  9 0.2125 143.52 302.683
  10 0.2375 144.038 304.931
  11 0.2625 144.872 305.214
  12 0.2875 144.028 307.189
  13 0.3125 144.162 308.316
  14 0.3375 144.176 306.209
  15 0.3625 144.2 300.267
  16 0.3875 144.144 302.83
  17 0.4125 143.68 306.827
  18 0.4375 144.274 301
  19 0.4625 144.132 307.601
  20 0.4875 143.39 306.764
  21 0.5125 144.518 311.378
  22 0.5375 143.792 311.778
  23 0.5625 143.904 309.07
  24 0.5875 144.372 300.857
  25 0.6125 143.866 299.422
  26 0.6375 144.106 302.512
  27 0.6625 143.636 297.588
  28 0.6875 144.234 291.667
  29 0.7125 144.058 298.529
  30 0.7375 143.68 296.682
  31 0.7625 143.628 301.478
  32 0.7875 144.182 299.671
  33 0.8125 144 305.263
  34 0.8375 144.108 305.31
  35 0.8625 143.796 305.96
  36 0.8875 144.402 302.787
  37 0.9125 143.338 306.573
  38 0.9375 143.562 307.992
  39 0.9625 143.9 303.206
  40 0.9875 144.424 298.67
380000 40 5759.999999999999
  1 0.0125 144.126 299.44
  2 0.0375 143.844 295.148
  3 0.0625 144.146 295.613
  4 0.0875 143.57 291.823
  5 0.1125 144.322 296.271
  6 0.1375 143.422 294.929
  7 0.1625 143.536 293.369
  8 0.1875 143.932 292.849
  9 0.2125 145.248 289.903
  10 0.2375 143.342 293.518
  11 0.2625 144.254 299.234
  12 0.2875 143.918 307.97
  13 0.3125 143.924 302.149
  14 0.3375 144.73 301.239
  15 0.3625 144.336 298.891
  16 0.3875 144.3 304.711
  17 0.4125 143.926 308.516
  18 0.4375 143.644 304.001
  19 0.4625 144.19 303.845
  20 0.4875 143.746 313.119
  21 0.5125 143.518 311.615
  22 0.5375 144.34 311.464
  23 0.5625 144.23 310.11
  24 0.5875 143.874 313.578
  25 0.6125 144.014 302.714
  26 0.6375 143.8 302.634
  27 0.6625 144.654 305.966
  28 0.6875 143.644 301.262
  29 0.7125 143.96 301.151
  30 0.7375 143.548 304.813
  31 0.7625 143.996 307.777
  32 0.7875 143.79 306.397
  33 0.8125 144.006 302.936
  34 0.8375 143.976 302.931
  35 0.8625 143.814 297.247
  36 0.8875 143.882 308.171
  37 0.9125 144.156 301.29
  38 0.9375 144.384 299.273
  39 0.9625 143.95 301.287
  40 0.9875 144.008 302.462
385000 40 5760.000000000001
  1 0.0125 143.488 300.633
  2 0.0375 144.978 286.778
  3 0.0625 143.704 287.208
  4 0.0875 144.058 287.621
  5 0.1125 143.876 294.837
  6 0.1375 143.358 296.469
  7 0.1625 144.648 300.403
  8 0.1875 143.934 301.733
  9 0.2125 144.572 307.815
  10 0.2375 143.742 305.947
  11 0.2625 143.94 302.856
  12 0.2875 143.852 301.2
  13 0.3125 144.042 298.953
  14 0.3375 143.42 294.307
  15 0.3625 144.268 298.979
  16 0.3875 143.374 303.353
  17 0.4125 144.03 304.508
  18 0.4375 143.35 310.232
  19 0.4625 144.202 304.446
  20 0.4875 144.076 309.142
  21 0.5125 143.762 307.085
  22 0.5375 143.904 310.783
  23 0.5625 143.55 310.786
  24 0.5875 144.274 313.658
  25 0.6125 143.9 312.914
  26 0.6375 144.218 308.993
  27 0.6625 144.18 303.435
  28 0.6875 144.262 304.855
  29 0.7125 144.514 303.828
  30 0.7375 143.826 302.819
  31 0.7625 143.71 297.451
  32 0.7875 143.73 306.442
  33 0.8125 143.81 301.482
  34 0.8375 144.566 301.681
  35 0.8625 144.238 299.875
  36 0.8875 144.386 298.11
  37 0.9125 143.612 301.991
  38 0.9375 144.356 299.819
  39 0.9625 143.732 296.605
  40 0.9875 144.558 299.452
390000 40 5759.999999999998
  1 0.0125 143.77 294.066
  2 0.0375 144.054 294.103
  3 0.0625 143.922 290.351
  4 0.0875 144.57 290.738
  5 0.1125 143.414 293.539
  6 0.1375 144.468 300.313
  7 0.1625 143.612 302.39
  8 0.1875 144.062 295.013
  9 0.2125 143.896 296.055
  10 0.2375 144.142 302.665
  11 0.2625 143.862 305.746
  12 0.2875 144.382 308.652
  13 0.3125 143.544 309.208
  14 0.3375 144.282 302.189
  15 0.3625 143.472 307.29
  16 0.3875 144.432 311.388
  17 0.4125 144.156 306.293
  18 0.4375 143.786 304.927
  19 0.4625 143.946 302.175
  20 0.4875 144.2 302.859
  21 0.5125 143.986 310.288
  22 0.5375 144.014 317.085
  23 0.5625 144.33 315.616
  24 0.5875 144.102 318.059
  25 0.6125 143.374 317.354
  26 0.6375 144.508 315.924
  27 0.6625 143.79 305.414
  28 0.6875 144.24 304.802
  29 0.7125 144.34 304.675
  30 0.7375 143.68 296.08
  31 0.7625 144.066 298.696
  32 0.7875 143.914 298.869
  33 0.8125 143.69 292.521
  34 0.8375 144.348 286.17
  35 0.8625 143.674 286.165
  36 0.8875 144.016 293.984
  37 0.9125 143.96 303.354
  38 0.9375 144.416 295.31
  39 0.9625 143.726 298.309
  40 0.9875 143.854 298.523
395000 40 5759.999999999999
  1 0.0125 144.222 287.333
  2 0.0375 143.226 286.114
  3 0.0625 144.564 278.099
  4 0.0875 143.514 278.195
  5 0.1125 143.668 298.068
  6 0.1375 144.338 298.232
  7 0.1625 143.534 304.242
  8 0.1875 144.354 306.416
  9 0.2125 143.754 303.048
  10 0.2375 143.62 304.258
  11 0.2625 144.108 300.333
  12 0.2875 144.13 297.905
  13 0.3125 143.86 298.87
  14 0.3375 143.632 309.378
  15 0.3625 143.914 308.965
  16 0.3875 144.372 301.037
  17 0.4125 143.974 300.642
  18 0.4375 144.392 301.062
  19 0.4625 143.31 310.9
  20 0.4875 144.562 319.941
  21 0.5125 144.328 314.965
  22 0.5375 143.832 320.799
  23 0.5625 144.104 324.089
  24 0.5875 144.296 317.175
  25 0.6125 143.632 317.82
  26 0.6375 144.228 312.417
  27 0.6625 144.222 305.26
  28 0.6875 144.042 301.876
  29 0.7125 143.894 313.296
  30 0.7375 143.866 303.936
  31 0.7625 144.152 301.002
  32 0.7875 144.124 293.96
  33 0.8125 143.906 304.655
  34 0.8375 143.912 299.614
  35 0.8625 143.95 287.83
  36 0.8875 144.41 290.396
  37 0.9125 144.168 292.943
  38 0.9375 143.93 297.208
  39 0.9625 143.984 293.434
  40 0.9875 143.972 294.08
400000 40 5759.999999999999
  1 0.0125 144.42 285.89
  2 0.0375 144.21 291.632
  3 0.0625 143.688 285.108
  4 0.0875 143.796 284.62
  5 0.1125 144.1 290.382
  6 0.1375 143.716 298.666
  7 0.1625 144.262 296.861
  8 0.1875 143.736 303.255
  9 0.2125 144.412 296.445
  10 0.2375 144.114 298.468
  11 0.2625 143.658 305.863
  12 0.2875 144.144 303.551
  13 0.3125 143.716 300.739
  14 0.3375 144.588 298.563
  15 0.3625 144.13 289.517
  16 0.3875 143.728 298.381
  17 0.4125 144.138 298.128
  18 0.4375 143.806 305.148
  19 0.4625 143.724 308.278
  20 0.4875 144.528 313.377
  21 0.5125 143.77 315.372
  22 0.5375 143.608 312.456
  23 0.5625 143.93 324.727
  24 0.5875 144.066 314.256
  25 0.6125 144.228 310.478
  26 0.6375 144.21 311.309
  27 0.6625 143.446 309.388
  28 0.6875 144.59 304.434
  29 0.7125 143.738 305.808
  30 0.7375 143.892 303.53
  31 0.7625 144.126 302.834
  32 0.7875 144.072 299.507
  33 0.8125 143.82 302.207
  34 0.8375 144.032 305.256
  35 0.8625 144.556 304.2
  36 0.8875 144.092 305.737
  37 0.9125 143.68 302.63
  38 0.9375 144.184 301.81
  39 0.9625 144.106 294.239
  40 0.9875 143.24 296.317
405000 40 5759.999999999998
  1 0.0125 144.862 284.688
  2 0.0375 144.224 285.38
  3 0.0625 144.108 286.783
  4 0.0875 143.634 291.687
  5 0.1125 144.282 293.528
  6 0.1375 145.14 293.065
  7 0.1625 143.912 293.492
  8 0.1875 143.934 292.16
  9 0.2125 144.24 295.123
  10 0.2375 144.284 299.807
  11 0.2625 143.81 303.213
  12 0.2875 143.958 298.78
  13 0.3125 144.08 299.389
  14 0.3375 144.136 302.683
  15 0.3625 143.958 305.639
  16 0.3875 144.012 305.823
  17 0.4125 143.95 312.144
  18 0.4375 144.83 304.605
  19 0.4625 143.59 315.349
  20 0.4875 143.514 312.061
  21 0.5125 144.604 318.473
  22 0.5375 143.982 321.624
  23 0.5625 144.024 319.427
  24 0.5875 143.932 323.001
  25 0.6125 143.126 318.182
  26 0.6375 143.796 305.751
  27 0.6625 144.382 305.011
  28 0.6875 143.532 300.161
  29 0.7125 144.166 299.886
  30 0.7375 144.094 300.51
  31 0.7625 143.864 303.167
  32 0.7875 143.68 308.782
  33 0.8125 144.516 301.984
  34 0.8375 143.34 300.759
  35 0.8625 143.362 300.17
  36 0.8875 144.632 303.791
  37 0.9125 143.634 302.8
  38 0.9375 143.53 294.887
  39 0.9625 143.708 289.069
  40 0.9875 143.638 286.939
410000 40 5760
  1 0.0125 143.876 283.657
  2 0.0375 143.892 280.55
  3 0.0625 144.328 287.661
  4 0.0875 143.648 286.067
  5 0.1125 143.726 288.74
  6 0.1375 143.728 288.056
  7 0.1625 144.346 294.631
  8 0.1875 144.176 296.134
  9 0.2125 143.312 289.875
  10 0.2375 144.096 288.609
  11 0.2625 144.092 298.239
  12 0.2875 144.138 299.956
  13 0.3125 143.946 305.928
  14 0.3375 144.04 305.732
  15 0.3625 144.524 307.834
  16 0.3875 144.084 318.623
  17 0.4125 143.754 318.081
  18 0.4375 144.046 309.713
  19 0.4625 143.47 313.721
  20 0.4875 144.06 325.487
  21 0.5125 143.862 325.515
  22 0.5375 144.642 320.786
  23 0.5625 143.936 327.845
  24 0.5875 143.658 326.522
  25 0.6125 143.996 318.506
  26 0.6375 144.238 303.684
  27 0.6625 144.194 305.689
  28 0.6875 143.758 304.154
  29 0.7125 144.562 296.111
  30 0.7375 144.006 296.444
  31 0.7625 144.412 300.394
  32 0.7875 144.266 305.798
  33 0.8125 143.596 305.884
  34 0.8375 143.688 290.784
  35 0.8625 144.27 291.365
  36 0.8875 144.148 295.044
  37 0.9125 143.624 299.684
  38 0.9375 144.236 295.321
  39 0.9625 143.96 294.018
  40 0.9875 143.666 290.592
415000 40 5760.000000000001
  1 0.0125 143.896 291.408
  2 0.0375 143.946 288.235
  3 0.0625 143.906 292.965
  4 0.0875 144.318 288.18
  5 0.1125 143.956 289.844
  6 0.1375 143.64 294.94
  7 0.1625 144.088 298.267
  8 0.1875 144.306 295.622
  9 0.2125 144.176 300.393
  10 0.2375 143.686 298.747
  11 0.2625 143.9 292.652
  12 0.2875 144.226 299.148
  13 0.3125 144.034 300.543
  14 0.3375 143.838 303.319
  15 0.3625 143.378 307.665
  16 0.3875 144.13 309.067
  17 0.4125 143.67 315.893
  18 0.4375 144.52 306.915
  19 0.4625 143.186 316.502
  20 0.4875 144.324 318.622
  21 0.5125 143.87 317.932
  22 0.5375 144.03 312.961
  23 0.5625 143.51 314.42
  24 0.5875 144.418 308.24
  25 0.6125 143.76 314.343
  26 0.6375 144.292 310.65
  27 0.6625 143.976 302.703
  28 0.6875 144.004 299.666
  29 0.7125 143.812 296.663
  30 0.7375 144.102 293.156
  31 0.7625 144.444 305.101
  32 0.7875 143.948 301.327
  33 0.8125 144.21 297.332
  34 0.8375 143.722 293.196
  35 0.8625 143.94 305.807
  36 0.8875 143.896 305.346
  37 0.9125 144.616 302.899
  38 0.9375 144.474 300.032
  39 0.9625 143.792 295.201
  40 0.9875 144.06 295.763
420000 40 5760.000000000002
  1 0.0125 143.942 292.549
  2 0.0375 144.4 288.618
  3 0.0625 143.658 289.223
  4 0.0875 144.284 283.78
  5 0.1125 144.272 292.726
  6 0.1375 143.25 297.423
  7 0.1625 144.198 304.644
  8 0.1875 143.848 311.587
  9 0.2125 143.98 307.591
  10 0.2375 143.94 302.814
  11 0.2625 144.228 306.442
  12 0.2875 143.992 298.277
  13 0.3125 143.798 301.149
  14 0.3375 143.986 296.497
  15 0.3625 143.484 293.795
  16 0.3875 144.688 297.037
  17 0.4125 144.124 303.577
  18 0.4375 143.888 304.948
  19 0.4625 143.406 312.742
  20 0.4875 144.056 314.985
  21 0.5125 143.934 318.723
  22 0.5375 143.862 320.557
  23 0.5625 143.454 316.808
  24 0.5875 144.424 305.807
  25 0.6125 143.67 303.887
  26 0.6375 144.628 310.161
  27 0.6625 144.418 310.859
  28 0.6875 143.624 305.653
  29 0.7125 144.068 307.181
  30 0.7375 144.268 299.962
  31 0.7625 143.828 302.179
  32 0.7875 143.924 295.266
  33 0.8125 144.308 301.523
  34 0.8375 143.928 302.607
  35 0.8625 144.332 300.237
  36 0.8875 143.728 296.238
  37 0.9125 144.392 293.876
  38 0.9375 144.634 297.445
  39 0.9625 143.63 298.532
  40 0.9875 143.524 291.764
425000 40 5760
  1 0.0125 143.584 302.288
  2 0.0375 144.078 293.435
  3 0.0625 144.334 284.68
  4 0.0875 144.454 284.326
  5 0.1125 143.3 287.385
  6 0.1375 144.314 286.501
  7 0.1625 143.964 296.182
  8 0.1875 144.002 298.655
  9 0.2125 143.924 294.779
  10 0.2375 143.652 297.123
  11 0.2625 144.218 301.941
  12 0.2875 143.814 297.305
  13 0.3125 144.724 293.3
  14 0.3375 144.102 292.84
  15 0.3625 144.148 298.019
  16 0.3875 143.476 308.032
  17 0.4125 144.156 311.128
  18 0.4375 144.19 312.35
  19 0.4625 143.814 312.161
  20 0.4875 143.916 314.461
  21 0.5125 143.648 313.711
  22 0.5375 143.682 315.56
  23 0.5625 143.38 318.81
  24 0.5875 143.778 318.596
  25 0.6125 144.554 316.224
  26 0.6375 144.486 313.043
  27 0.6625 143.672 308.637
  28 0.6875 143.628 303.882
  29 0.7125 143.808 303.567
  30 0.7375 144.366 306.944
  31 0.7625 143.494 305.057
  32 0.7875 144.016 302.544
  33 0.8125 143.502 299.352
  34 0.8375 144.466 304.196
  35 0.8625 144.276 297.08
  36 0.8875 143.856 296.343
  37 0.9125 143.862 295.671
  38 0.9375 144.634 291.253
  39 0.9625 143.804 297.761
  40 0.9875 144.924 304.265
430000 40 5760
  1 0.0125 143.836 296.361
  2 0.0375 144.338 294.646
  3 0.0625 144.544 289.535
  4 0.0875 143.534 289.358
  5 0.1125 144.248 295.38
  6 0.1375 144.076 288.967
  7 0.1625 144.69 288.204
  8 0.1875 143.96 292.094
  9 0.2125 144.258 294.802
  10 0.2375 144.216 299.294
  11 0.2625 143.832 299.242
  12 0.2875 144.116 300.205
  13 0.3125 143.906 297.958
  14 0.3375 144.168 294.107
  15 0.3625 143.542 298.9
  16 0.3875 144.012 308.959
  17 0.4125 144.066 306.99
  18 0.4375 143.898 302.443
  19 0.4625 144.014 299.185
  20 0.4875 143.93 309.078
  21 0.5125 143.612 308.448
  22 0.5375 143.766 315.097
  23 0.5625 143.624 318.779
  24 0.5875 143.67 310.208
  25 0.6125 144.142 305.852
  26 0.6375 144.638 307.905
  27 0.6625 143.63 313.545
  28 0.6875 144.304 311.759
  29 0.7125 143.65 311.814
  30 0.7375 144.542 302.726
  31 0.7625 143.764 310.081
  32 0.7875 143.748 304.865
  33 0.8125 143.79 306.099
  34 0.8375 143.97 299.67
  35 0.8625 144.11 302.622
  36 0.8875 143.95 301.2
  37 0.9125 143.752 299.732
  38 0.9375 144.04 304.084
  39 0.9625 143.486 303.129
  40 0.9875 144.628 295.158
435000 40 5760.000000000001
  1 0.0125 143.87 291.406
  2 0.0375 144.24 284.334
  3 0.0625 143.132 287.64
  4 0.0875 144.192 288.58
  5 0.1125 143.37 299.746
  6 0.1375 144.362 299.976
  7 0.1625 143.96 293.044
  8 0.1875 143.612 288.697
  9 0.2125 143.664 297.164
  10 0.2375 144.016 290.058
  11 0.2625 144.082 299.987
  12 0.2875 143.896 299.953
  13 0.3125 143.854 298.335
  14 0.3375 144.078 300.473
  15 0.3625 144.188 304.057
  16 0.3875 144.024 303.885
  17 0.4125 143.994 304.911
  18 0.4375 144.386 305.79
  19 0.4625 143.458 310.512
  20 0.4875 144.016 302.369
  21 0.5125 143.84 312.787
  22 0.5375 144.108 320.281
  23 0.5625 143.536 320.609
  24 0.5875 143.992 321.761
  25 0.6125 144.172 313.151
  26 0.6375 143.926 311.648
  27 0.6625 144.048 305.483
  28 0.6875 144.096 302.855
  29 0.7125 143.86 305.831
  30 0.7375 144.506 305.817
  31 0.7625 144.46 302.77
  32 0.7875 143.852 305.18
  33 0.8125 144.316 307.75
  34 0.8375 143.966 302.343
  35 0.8625 143.952 304.486
  36 0.8875 144.198 301.12
  37 0.9125 144.906 299.367
  38 0.9375 143.84 295.897
  39 0.9625 144.056 293.656
  40 0.9875 143.976 294.649
440000 40 5759.999999999999
  1 0.0125 144.348 291.94
  2 0.0375 143.77 291.588
  3 0.0625 144.25 295.831
  4 0.0875 144.032 289.973
  5 0.1125 143.79 291.398
  6 0.1375 144.15 294.163
  7 0.1625 143.726 291.173
  8 0.1875 144.01 295.753
  9 0.2125 143.802 299.834
  10 0.2375 143.734 297.055
  11 0.2625 143.956 305.222
  12 0.2875 143.706 311.158
  13 0.3125 143.658 309.062
  14 0.3375 144.364 308.548
  15 0.3625 144.076 305.872
  16 0.3875 143.884 306.083
  17 0.4125 143.728 304.712
  18 0.4375 144.07 296.155
  19 0.4625 144.05 297.099
  20 0.4875 143.8 309.715
  21 0.5125 143.946 316.439
  22 0.5375 144.062 310.812
  23 0.5625 144.026 314.878
  24 0.5875 144.54 313.327
  25 0.6125 144.332 309.529
  26 0.6375 144.256 309.103
  27 0.6625 143.586 305.136
  28 0.6875 144.144 301.964
  29 0.7125 144.07 302.005
  30 0.7375 144.116 300.913
  31 0.7625 144.272 307.321
  32 0.7875 143.858 309.741
  33 0.8125 144.242 300.319
  34 0.8375 144.228 295.943
  35 0.8625 144.308 293.582
  36 0.8875 143.842 298.28
  37 0.9125 143.778 297.306
  38 0.9375 144.272 302.782
  39 0.9625 143.558 299.379
  40 0.9875 143.66 297.12
445000 40 5759.999999999999
  1 0.0125 144.424 288.32
  2 0.0375 143.796 286.029
  3 0.0625 144.224 284.429
  4 0.0875 143.362 283.279
  5 0.1125 144.292 288.539
  6 0.1375 143.844 287.21
  7 0.1625 143.942 288.307
  8 0.1875 144.222 293.055
  9 0.2125 144.036 302.946
  10 0.2375 143.862 302.089
  11 0.2625 144.104 304.471
  12 0.2875 143.764 302.463
  13 0.3125 143.942 300.892
  14 0.3375 144.254 308.114
  15 0.3625 144.636 308.583
  16 0.3875 143.688 305.89
  17 0.4125 143.594 299.365
  18 0.4375 144.45 299.589
  19 0.4625 144.076 306.529
  20 0.4875 143.412 313.791
  21 0.5125 143.942 310.522
  22 0.5375 143.934 307.187
  23 0.5625 143.62 312.119
  24 0.5875 144.47 313.301
  25 0.6125 143.59 314.721
  26 0.6375 144.184 305.758
  27 0.6625 144 306.806
  28 0.6875 143.886 303.813
  29 0.7125 144.282 301.043
  30 0.7375 143.9 298.226
  31 0.7625 143.908 306.288
  32 0.7875 144.522 301.331
  33 0.8125 143.674 305.263
  34 0.8375 144.03 305.986
  35 0.8625 144.464 309.484
  36 0.8875 143.65 307.028
  37 0.9125 144.044 306.716
  38 0.9375 144.556 308.806
  39 0.9625 143.432 306.762
  40 0.9875 143.988 293.223
450000 40 5760
  1 0.0125 143.776 295.027
  2 0.0375 144.458 294.7
  3 0.0625 144.42 287.652
  4 0.0875 143.79 289.458
  5 0.1125 144.368 294.209
  6 0.1375 143.926 291.199
  7 0.1625 143.508 296.224
  8 0.1875 144.53 301.513
  9 0.2125 144.554 299.55
  10 0.2375 143.944 297.547
  11 0.2625 143.898 300.184
  12 0.2875 144.358 298.315
  13 0.3125 144.356 299
  14 0.3375 144.094 304.53
  15 0.3625 143.96 318.225
  16 0.3875 144.124 319.583
  17 0.4125 144.076 315.779
  18 0.4375 144.194 308.246
  19 0.4625 144.136 297.984
  20 0.4875 143.968 296.949
  21 0.5125 143.936 300.941
  22 0.5375 143.58 309.229
  23 0.5625 144.082 307.904
  24 0.5875 143.626 308.031
  25 0.6125 143.596 307.991
  26 0.6375 143.642 310.393
  27 0.6625 143.518 310.027
  28 0.6875 144.252 304.118
  29 0.7125 143.52 307.481
  30 0.7375 143.66 302.333
  31 0.7625 143.348 304.07
  32 0.7875 144.178 298.422
  33 0.8125 143.884 298.979
  34 0.8375 143.838 310.277
  35 0.8625 144.144 304.657
  36 0.8875 143.962 301.314
  37 0.9125 144.346 298.278
  38 0.9375 144.076 301.76
  39 0.9625 144.27 292.769
  40 0.9875 144.104 294.279
455000 40 5760.000000000001
  1 0.0125 144.132 288.011
  2 0.0375 143.898 287.801
  3 0.0625 144.744 279.847
  4 0.0875 143.976 281.297
  5 0.1125 143.99 292.93
  6 0.1375 143.862 296.299
  7 0.1625 144.644 293.452
  8 0.1875 143.8 297.687
  9 0.2125 143.844 302.035
  10 0.2375 143.994 302.805
  11 0.2625 144.052 302.431
  12 0.2875 143.736 307.762
  13 0.3125 143.64 305.7
  14 0.3375 143.782 300.697
  15 0.3625 144.16 302.641
  16 0.3875 144.156 301.224
  17 0.4125 143.53 307.735
  18 0.4375 144.462 311.534
  19 0.4625 144.154 305.19
  20 0.4875 144.016 304.167
  21 0.5125 144.15 307.038
  22 0.5375 143.688 312.965
  23 0.5625 143.992 310.948
  24 0.5875 144.228 311.678
  25 0.6125 143.956 314.464
  26 0.6375 143.552 307.115
  27 0.6625 143.922 302.355
  28 0.6875 144.224 303.934
  29 0.7125 143.81 301.339
  30 0.7375 144.152 297.425
  31 0.7625 144.264 303.512
  32 0.7875 143.668 312.014
  33 0.8125 143.696 310.698
  34 0.8375 143.978 310.77
  35 0.8625 144.164 303.785
  36 0.8875 143.764 302.603
  37 0.9125 144.18 300.453
  38 0.9375 144.052 301.681
  39 0.9625 144.126 299.728
  40 0.9875 143.862 294.065
460000 40 5759.999999999998
  1 0.0125 143.32 296.172
  2 0.0375 144.548 294.076
  3 0.0625 143.668 294.906
  4 0.0875 144.316 295.159
  5 0.1125 144.062 298.345
  6 0.1375 143.92 298.478
  7 0.1625 143.67 300.342
  8 0.1875 144.776 299.232
  9 0.2125 143.456 301.891
  10 0.2375 144.392 294.176
  11 0.2625 143.7 291.922
  12 0.2875 143.846 297.811
  13 0.3125 144.038 301.147
  14 0.3375 143.7 304.926
  15 0.3625 144.414 299.458
  16 0.3875 143.738 299.712
  17 0.4125 143.946 305.512
  18 0.4375 143.656 306.408
  19 0.4625 144.224 300.769
  20 0.4875 143.42 302.986
  21 0.5125 143.89 303.291
  22 0.5375 144.42 310.203
  23 0.5625 143.606 316.016
  24 0.5875 143.824 316.818
  25 0.6125 143.812 309.968
  26 0.6375 143.468 307.494
  27 0.6625 144.93 302.225
  28 0.6875 143.628 304.807
  29 0.7125 144.228 300.8
  30 0.7375 144.28 300.529
  31 0.7625 144.374 296.668
  32 0.7875 144.388 297.012
  33 0.8125 144.072 305.765
  34 0.8375 144.034 310.416
  35 0.8625 143.892 310.676
  36 0.8875 143.816 310.427
  37 0.9125 144.396 302.47
  38 0.9375 144.322 297.845
  39 0.9625 143.56 300.635
  40 0.9875 144.25 291.583
465000 40 5760.000000000001
  1 0.0125 144.282 284.884
  2 0.0375 143.986 290.252
  3 0.0625 144.248 290.885
  4 0.0875 144.206 288.593
  5 0.1125 143.248 294.732
  6 0.1375 144.558 299.251
  7 0.1625 144.458 298.762
  8 0.1875 143.678 297.876
  9 0.2125 143.944 305.755
  10 0.2375 144.314 306.069
  11 0.2625 143.832 300.375
  12 0.2875 143.614 308.556
  13 0.3125 143.782 304.102
  14 0.3375 144.044 302.984
  15 0.3625 143.338 304.109
  16 0.3875 144.172 303.653
  17 0.4125 143.604 307.799
  18 0.4375 143.414 303.199
  19 0.4625 144.058 302.752
  20 0.4875 143.434 308.826
  21 0.5125 144.174 311.254
  22 0.5375 143.67 311.507
  23 0.5625 144.43 308.005
  24 0.5875 143.784 311.054
  25 0.6125 144.196 303.878
  26 0.6375 144.598 303.066
  27 0.6625 144.54 302.527
  28 0.6875 143.396 310.609
  29 0.7125 144.406 310.452
  30 0.7375 143.938 306.939
  31 0.7625 143.822 300.58
  32 0.7875 144.354 294.727
  33 0.8125 143.48 304.582
  34 0.8375 144.228 308.391
  35 0.8625 144.072 298.105
  36 0.8875 144.392 296.558
  37 0.9125 143.97 298.965
  38 0.9375 143.47 298.531
  39 0.9625 144.59 299.511
  40 0.9875 144.276 295.089
470000 40 5760
  1 0.0125 144.03 287.312
  2 0.0375 144.25 290.736
  3 0.0625 143.826 295.336
  4 0.0875 144.348 284.744
  5 0.1125 144.002 291.756
  6 0.1375 144.026 291.166
  7 0.1625 143.684 292.879
  8 0.1875 143.702 297.555
  9 0.2125 144.024 294.955
  10 0.2375 144.242 297.732
  11 0.2625 145.088 304
  12 0.2875 143.672 304.937
  13 0.3125 143.718 298.641
  14 0.3375 144.648 298.456
  15 0.3625 143.872 304.877
  16 0.3875 144.394 299.38
  17 0.4125 144.118 301.436
  18 0.4375 144.218 304.463
  19 0.4625 144.088 308.052
  20 0.4875 144.026 314.51
  21 0.5125 143.09 317.674
  22 0.5375 143.952 317.123
  23 0.5625 143.77 313.904
  24 0.5875 143.472 312.605
  25 0.6125 144.14 304.783
  26 0.6375 143.982 308.932
  27 0.6625 143.792 307.798
  28 0.6875 144.074 307.638
  29 0.7125 143.658 303.678
  30 0.7375 143.862 303.276
  31 0.7625 144.048 295.123
  32 0.7875 143.26 299.225
  33 0.8125 144.12 306.107
  34 0.8375 144.046 310.475
  35 0.8625 144.272 303.026
  36 0.8875 144.322 302.8
  37 0.9125 143.404 306.179
  38 0.9375 144.3 302.58
  39 0.9625 144.498 300.718
  40 0.9875 143.962 293.748
475000 40 5760.000000000001
  1 0.0125 144.328 286.592
  2 0.0375 143.578 291.408
  3 0.0625 144.538 286.95
  4 0.0875 144.398 289.588
  5 0.1125 144.27 292.073
  6 0.1375 143.914 289.679
  7 0.1625 144 295.852
  8 0.1875 143.866 304.496
  9 0.2125 144.352 306.517
  10 0.2375 144.102 306.218
  11 0.2625 144.052 302.658
  12 0.2875 144.384 292.91
  13 0.3125 143.658 294.725
  14 0.3375 144.642 296.012
  15 0.3625 144.264 306.561
  16 0.3875 143.876 312.75
  17 0.4125 144.524 312.693
  18 0.4375 144.638 307.451
  19 0.4625 143.882 315.364
  20 0.4875 143.586 313.57
  21 0.5125 144.278 315.335
  22 0.5375 143.822 313.408
  23 0.5625 143.516 310.103
  24 0.5875 144.214 306.511
  25 0.6125 143.272 311.22
  26 0.6375 143.418 315.258
  27 0.6625 144.2 307.535
  28 0.6875 144.062 305.114
  29 0.7125 143.926 311.068
  30 0.7375 143.694 307.577
  31 0.7625 143.582 308.363
  32 0.7875 143.548 300.51
  33 0.8125 144.194 297.576
  34 0.8375 143.49 297.506
  35 0.8625 143.786 295.225
  36 0.8875 144.466 298.621
  37 0.9125 143.39 289.014
  38 0.9375 144.282 290.789
  39 0.9625 143.978 298.061
  40 0.9875 144.03 296.678
480000 40 5759.999999999999
  1 0.0125 144.28 289.454
  2 0.0375 143.486 283.334
  3 0.0625 144.48 290.858
  4 0.0875 144.13 291.621
  5 0.1125 144.038 293.462
  6 0.1375 143.862 293.829
  7 0.1625 143.626 295.743
  8 0.1875 144.336 299.11
  9 0.2125 144.176 295.399
  10 0.2375 144.188 294.169
  11 0.2625 144.46 298.614
  12 0.2875 144.224 304.146
  13 0.3125 143.842 304.1
  14 0.3375 143.6 310.553
  15 0.3625 144.358 305.532
  16 0.3875 143.512 302.012
  17 0.4125 143.714 308.944
  18 0.4375 143.922 310.611
  19 0.4625 144.016 315.057
  20 0.4875 144.446 311.332
  21 0.5125 144.276 310.214
  22 0.5375 144.054 314.063
  23 0.5625 144.104 312.036
  24 0.5875 143.54 314.666
  25 0.6125 144.39 316.761
  26 0.6375 143.742 307.743
  27 0.6625 143.534 303.437
  28 0.6875 144.106 304.924
  29 0.7125 144.26 302.798
  30 0.7375 144.07 306.437
  31 0.7625 143.306 298.83
  32 0.7875 143.924 299.967
  33 0.8125 143.924 296.63
  34 0.8375 144.382 298.681
  35 0.8625 143.878 300.448
  36 0.8875 143.036 302.315
  37 0.9125 144.606 296.38
  38 0.9375 144.318 297.386
  39 0.9625 144.024 301.299
  40 0.9875 143.83 297.055
485000 40 5760
  1 0.0125 144.228 287.882
  2 0.0375 144.444 288.726
  3 0.0625 144.01 296.494
  4 0.0875 144.038 293.976
  5 0.1125 144.534 290.191
  6 0.1375 143.284 287.778
  7 0.1625 143.792 284.62
  8 0.1875 143.846 289.755
  9 0.2125 144.612 296.424
  10 0.2375 143.478 302.151
  11 0.2625 144.352 303.512
  12 0.2875 144.376 305.632
  13 0.3125 143.814 301.2
  14 0.3375 144.388 302.161
  15 0.3625 143.42 304.542
  16 0.3875 143.748 300.568
  17 0.4125 143.804 304.396
  18 0.4375 143.976 303.852
  19 0.4625 143.792 310.69
  20 0.4875 144.098 307.513
  21 0.5125 143.828 311.664
  22 0.5375 143.746 317.509
  23 0.5625 143.788 317.932
  24 0.5875 144.076 314.517
  25 0.6125 143.912 319.78
  26 0.6375 144.378 312.863
  27 0.6625 143.986 307.104
  28 0.6875 143.544 305.185
  29 0.7125 144.056 302.235
  30 0.7375 144.544 303.445
  31 0.7625 143.8 305.312
  32 0.7875 144.066 306.02
  33 0.8125 144.202 307.195
  34 0.8375 144.054 303.624
  35 0.8625 143.62 299.042
  36 0.8875 143.704 305.06
  37 0.9125 144.154 300.024
  38 0.9375 143.888 296.688
  39 0.9625 144.74 294.708
  40 0.9875 143.88 289.744
490000 40 5760.000000000001
  1 0.0125 143.878 292.922
  2 0.0375 143.696 292.631
  3 0.0625 144.686 294.823
  4 0.0875 143.598 298.552
  5 0.1125 144.112 299.067
  6 0.1375 144.27 296.6
  7 0.1625 142.98 297.824
  8 0.1875 145.038 295.969
  9 0.2125 144.15 298.091
  10 0.2375 143.986 299.356
  11 0.2625 143.93 300.997
  12 0.2875 144.022 297.074
  13 0.3125 144.082 305.176
  14 0.3375 143.622 299.36
  15 0.3625 143.856 294.251
  16 0.3875 144.138 301.115
  17 0.4125 143.762 301.55
  18 0.4375 143.956 299.555
  19 0.4625 143.674 299.547
  20 0.4875 143.494 303.668
  21 0.5125 143.864 311.116
  22 0.5375 144.538 309.529
  23 0.5625 143.982 318.746
  24 0.5875 144.336 312.055
  25 0.6125 144.128 305.75
  26 0.6375 144.272 304.307
  27 0.6625 144.092 304.527
  28 0.6875 143.6 305.662
  29 0.7125 144.094 303.011
  30 0.7375 144.212 298.858
  31 0.7625 144.08 308.499
  32 0.7875 143.776 310.436
  33 0.8125 144.264 311.819
  34 0.8375 144.03 313.771
  35 0.8625 143.904 302.03
  36 0.8875 144.08 300.289
  37 0.9125 144.308 300.486
  38 0.9375 143.266 299.683
  39 0.9625 144.31 292.903
  40 0.9875 143.934 298.151
495000 40 5759.999999999999
  1 0.0125 143.95 294.717
  2 0.0375 144.274 294.416
  3 0.0625 144.248 297.031
  4 0.0875 144.172 292.43
  5 0.1125 143.448 289.903
  6 0.1375 143.78 287.875
  7 0.1625 144.202 293.946
  8 0.1875 144.204 294.654
  9 0.2125 143.908 298.474
  10 0.2375 144.298 300.099
  11 0.2625 143.582 308.022
  12 0.2875 143.68 306.505
  13 0.3125 144.296 306.623
  14 0.3375 144.542 301.264
  15 0.3625 143.696 297.676
  16 0.3875 143.976 303.526
  17 0.4125 143.46 299.683
  18 0.4375 144.042 303.972
  19 0.4625 143.966 311.87
  20 0.4875 143.746 308.341
  21 0.5125 143.076 312.548
  22 0.5375 143.944 316.166
  23 0.5625 143.878 317.4
  24 0.5875 143.56 325.021
  25 0.6125 144.316 320.097
  26 0.6375 143.242 308.377
  27 0.6625 144.002 308.208
  28 0.6875 144.93 304.786
  29 0.7125 144.312 309.21
  30 0.7375 144.33 299.829
  31 0.7625 143.956 294.277
  32 0.7875 144.348 295.735
  33 0.8125 143.702 304.994
  34 0.8375 144.108 305.359
  35 0.8625 144.034 296.492
  36 0.8875 144.106 295.473
  37 0.9125 144.646 299.89
  38 0.9375 144.18 293.396
  39 0.9625 143.928 289.619
  40 0.9875 143.932 291.62
500000 40 5760.000000000002
  1 0.0125 143.868 297.729
  2 0.0375 144.518 293.005
  3 0.0625 143.774 289.519
  4 0.0875 144.284 290.914
  5 0.1125 144.17 297.002
  6 0.1375 143.94 294.911
  7 0.1625 144.314 288.668
  8 0.1875 143.916 292.562
  9 0.2125 143.884 303.068
  10 0.2375 144.528 296.718
  11 0.2625 143.408 297.881
  12 0.2875 144.412 304.185
  13 0.3125 144.076 299.801
  14 0.3375 143.632 301.988
  15 0.3625 143.658 304.279
  16 0.3875 143.954 302.057
  17 0.4125 143.58 302.834
  18 0.4375 144.316 307.521
  19 0.4625 143.568 316.648
  20 0.4875 144.364 311.005
  21 0.5125 143.536 319.889
  22 0.5375 143.342 318.927
  23 0.5625 144.15 317.871
  24 0.5875 143.84 317.074
  25 0.6125 143.986 313.382
  26 0.6375 143.416 312.243
  27 0.6625 144.298 307.912
  28 0.6875 144.33 301.506
  29 0.7125 144.542 302.523
  30 0.7375 143.618 306.746
  31 0.7625 144.796 303.598
  32 0.7875 144.01 294.314
  33 0.8125 143.902 291.324
  34 0.8375 144.286 294.776
  35 0.8625 143.536 291.137
  36 0.8875 143.838 297.562
  37 0.9125 144.572 298.043
  38 0.9375 143.532 302.91
  39 0.9625 144.334 298.447
  40 0.9875 143.972 295.893
505000 40 5760.000000000001
  1 0.0125 143.862 295.549
  2 0.0375 144.146 296.263
  3 0.0625 143.514 295.016
  4 0.0875 144.288 295.07
  5 0.1125 143.498 291.42
  6 0.1375 144.268 290.206
  7 0.1625 143.02 292.095
  8 0.1875 144.152 301.159
  9 0.2125 144.282 297.031
  10 0.2375 143.778 294.457
  11 0.2625 143.792 300.134
  12 0.2875 143.758 306.799
  13 0.3125 143.66 302.636
  14 0.3375 144.25 299.273
  15 0.3625 143.884 304.049
  16 0.3875 143.894 301.848
  17 0.4125 144.018 308.009
  18 0.4375 143.972 304.892
  19 0.4625 144.078 300.016
  20 0.4875 144.09 304.84
  21 0.5125 143.88 310.87
  22 0.5375 144.272 314.924
  23 0.5625 144.162 315.242
  24 0.5875 143.912 317.63
  25 0.6125 144.446 315.277
  26 0.6375 144.28 308.422
  27 0.6625 144.262 309.306
  28 0.6875 144.472 304.725
  29 0.7125 143.954 299.426
  30 0.7375 143.816 297.043
  31 0.7625 144.58 299.003
  32 0.7875 144.37 300.135
  33 0.8125 144.138 301.716
  34 0.8375 143.822 306.309
  35 0.8625 143.466 298.871
  36 0.8875 144.266 296.929
  37 0.9125 144.37 301.57
  38 0.9375 143.638 302.28
  39 0.9625 143.77 301.039
  40 0.9875 143.92 296.641
510000 40 5760
  1 0.0125 143.96 289.808
  2 0.0375 144.066 292.079
  3 0.0625 143.766 294.819
  4 0.0875 143.51 294.075
  5 0.1125 143.664 296.263
  6 0.1375 143.826 294.67
  7 0.1625 143.666 298.527
  8 0.1875 143.886 297.211
  9 0.2125 143.96 303.541
  10 0.2375 144.648 300.393
  11 0.2625 144.31 292.254
  12 0.2875 143.616 300.925
  13 0.3125 144.766 300.914
  14 0.3375 144.162 302.373
  15 0.3625 143.668 299.618
  16 0.3875 144.346 302.168
  17 0.4125 144.18 308.079
  18 0.4375 143.578 310.922
  19 0.4625 144.148 313.473
  20 0.4875 143.882 317.531
  21 0.5125 144.252 315.361
  22 0.5375 143.708 314.715
  23 0.5625 143.846 320.462
  24 0.5875 144.044 319.257
  25 0.6125 144.228 310.861
  26 0.6375 144.706 303.62
  27 0.6625 143.078 305.612
  28 0.6875 144.496 306.62
  29 0.7125 143.718 298.364
  30 0.7375 144.646 294.683
  31 0.7625 144.546 301.091
  32 0.7875 143.182 300.591
  33 0.8125 143.536 296.622
  34 0.8375 144.144 291.883
  35 0.8625 143.976 298.103
  36 0.8875 143.996 304.388
  37 0.9125 144.272 299.208
  38 0.9375 143.804 298.115
  39 0.9625 144.418 296.248
  40 0.9875 143.796 294.41
515000 40 5760
  1 0.0125 144.276 294.736
  2 0.0375 144.116 282.357
  3 0.0625 143.954 288.936
  4 0.0875 144.542 293.791
  5 0.1125 144.186 301.433
  6 0.1375 144.166 302.597
  7 0.1625 143.902 301.002
  8 0.1875 143.818 301.232
  9 0.2125 143.96 305.678
  10 0.2375 143.952 309.47
  11 0.2625 144.026 298.99
  12 0.2875 143.826 293.624
  13 0.3125 143.538 292.172
  14 0.3375 144.242 298.134
  15 0.3625 143.922 302.318
  16 0.3875 143.608 303.187
  17 0.4125 144.574 296.984
  18 0.4375 143.32 303.063
  19 0.4625 144.332 308.459
  20 0.4875 144.368 310.096
  21 0.5125 144.124 312.455
  22 0.5375 143.096 319.126
  23 0.5625 143.95 312.525
  24 0.5875 144.85 315.644
  25 0.6125 143.834 313.025
  26 0.6375 143.542 312.99
  27 0.6625 144.722 307.946
  28 0.6875 143.918 302.679
  29 0.7125 144.152 296.319
  30 0.7375 143.356 306.562
  31 0.7625 143.968 306.147
  32 0.7875 144.122 299.08
  33 0.8125 143.934 297.11
  34 0.8375 143.764 297.094
  35 0.8625 144.06 296.991
  36 0.8875 144.242 292.607
  37 0.9125 143.9 299.235
  38 0.9375 143.932 303.662
  39 0.9625 144.022 300.091
  40 0.9875 143.884 298.089
520000 40 5759.999999999999
  1 0.0125 143.922 299.736
  2 0.0375 143.946 289.616
  3 0.0625 143.942 289.137
  4 0.0875 143.792 292.507
  5 0.1125 143.702 296.859
  6 0.1375 143.852 297.585
  7 0.1625 143.998 296.786
  8 0.1875 143.97 298.996
  9 0.2125 143.98 293.1
  10 0.2375 143.964 305.533
  11 0.2625 143.844 303.34
  12 0.2875 144.402 302.267
  13 0.3125 144.01 300.403
  14 0.3375 143.94 301.866
  15 0.3625 144.138 301.871
  16 0.3875 144.06 302.824
  17 0.4125 144.318 299.609
  18 0.4375 144.298 297.577
  19 0.4625 143.72 294.546
  20 0.4875 143.76 301.499
  21 0.5125 144.28 304.596
  22 0.5375 144.506 303.154
  23 0.5625 143.606 309.234
  24 0.5875 144.448 306.749
  25 0.6125 143.832 318.641
  26 0.6375 143.74 312.6
  27 0.6625 144.414 311.133
  28 0.6875 143.754 305.796
  29 0.7125 144.396 306.216
  30 0.7375 143.75 304.133
  31 0.7625 143.994 307.632
  32 0.7875 144.078 312.023
  33 0.8125 143.966 309.887
  34 0.8375 144.326 301.425
  35 0.8625 144.16 302.978
  36 0.8875 143.758 306.443
  37 0.9125 144.124 301.646
  38 0.9375 143.464 289.67
  39 0.9625 143.55 294.655
  40 0.9875 144.296 304.276
525000 40 5759.999999999999
  1 0.0125 144.412 288.031
  2 0.0375 143.572 288.013
  3 0.0625 144.212 284.844
  4 0.0875 143.894 288.974
  5 0.1125 143.848 290.433
  6 0.1375 144.394 291.244
  7 0.1625 144.002 293.606
  8 0.1875 144.018 299.322
  9 0.2125 143.962 306.959
  10 0.2375 143.914 300.066
  11 0.2625 143.836 299.538
  12 0.2875 143.306 300.956
  13 0.3125 144.524 298.868
  14 0.3375 143.472 298.401
  15 0.3625 144.402 290.343
  16 0.3875 143.69 302.605
  17 0.4125 144.404 301.15
  18 0.4375 144.062 296.351
  19 0.4625 143.856 305.219
  20 0.4875 144.3 313.575
  21 0.5125 143.416 314.188
  22 0.5375 144.142 313.291
  23 0.5625 144.012 315.382
  24 0.5875 144.052 319.298
  25 0.6125 144.332 319.164
  26 0.6375 143.626 315.617
  27 0.6625 143.508 316.395
  28 0.6875 144.196 307.214
  29 0.7125 144.478 308.615
  30 0.7375 144.164 306.959
  31 0.7625 143.822 301.089
  32 0.7875 144.82 300.643
  33 0.8125 144.036 309.063
  34 0.8375 143.796 309.587
  35 0.8625 143.866 302.385
  36 0.8875 144.352 302.867
  37 0.9125 144.116 297.421
  38 0.9375 143.714 293.028
  39 0.9625 143.906 295.578
  40 0.9875 143.566 294.78
530000 40 5759.999999999998
  1 0.0125 143.966 292.59
  2 0.0375 143.97 290.597
  3 0.0625 143.672 293.466
  4 0.0875 143.886 299.734
  5 0.1125 143.838 300.833
  6 0.1375 144.026 303.417
  7 0.1625 143.864 300.866
  8 0.1875 144.282 298.602
  9 0.2125 144.202 294.85
  10 0.2375 143.736 293.965
  11 0.2625 143.982 296.035
  12 0.2875 143.914 303.449
  13 0.3125 143.65 302.501
  14 0.3375 144.15 304.917
  15 0.3625 144.218 298.167
  16 0.3875 143.962 294.775
  17 0.4125 143.766 302.511
  18 0.4375 143.78 303.482
  19 0.4625 143.914 308.639
  20 0.4875 144.35 306.389
  21 0.5125 144.084 311.556
  22 0.5375 143.792 314.996
  23 0.5625 144.414 314.617
  24 0.5875 143.82 316.24
  25 0.6125 144.268 315.188
  26 0.6375 144.08 306.323
  27 0.6625 144.132 303.308
  28 0.6875 144.124 302.443
  29 0.7125 143.928 306.842
  30 0.7375 144.068 302.86
  31 0.7625 144.472 303.785
  32 0.7875 143.594 308.042
  33 0.8125 144.07 302.607
  34 0.8375 143.78 296.68
  35 0.8625 143.846 294.946
  36 0.8875 144.25 295.266
  37 0.9125 144.034 298.262
  38 0.9375 144.84 294.535
  39 0.9625 143.508 300.836
  40 0.9875 143.768 302.101
535000 40 5759.999999999999
  1 0.0125 143.974 306.441
  2 0.0375 143.898 298.535
  3 0.0625 144.168 288.884
  4 0.0875 143.9 294.847
  5 0.1125 143.488 299.255
  6 0.1375 143.558 304.129
  7 0.1625 144.032 300.133
  8 0.1875 144.382 299.32
  9 0.2125 143.728 298.094
  10 0.2375 143.716 302.595
  11 0.2625 143.976 295.76
  12 0.2875 143.822 295.398
  13 0.3125 144.682 299.941
  14 0.3375 144.152 299.297
  15 0.3625 143.896 299.919
  16 0.3875 143.386 300.3
  17 0.4125 144.326 302.523
  18 0.4375 143.692 303.5
  19 0.4625 144.024 307.693
  20 0.4875 144.478 312.192
  21 0.5125 144.162 320.928
  22 0.5375 144.002 313.104
  23 0.5625 144.466 312.107
  24 0.5875 143.728 309.706
  25 0.6125 144.614 308.788
  26 0.6375 143.506 307.252
  27 0.6625 144.156 307.444
  28 0.6875 144.306 302.701
  29 0.7125 144.29 307.047
  30 0.7375 143.864 299.282
  31 0.7625 144.022 302.086
  32 0.7875 144.132 296.678
  33 0.8125 143.876 300.261
  34 0.8375 144.192 297.526
  35 0.8625 143.508 296.735
  36 0.8875 144.324 301.417
  37 0.9125 143.946 297.081
  38 0.9375 144.124 294.495
  39 0.9625 143.618 297.899
  40 0.9875 143.886 300.092
540000 40 5760.000000000001
  1 0.0125 144.344 294.534
  2 0.0375 143.966 295.308
  3 0.0625 143.762 291.172
  4 0.0875 143.916 290.989
  5 0.1125 144.418 293.575
  6 0.1375 143.508 297.796
  7 0.1625 144.242 307.649
  8 0.1875 143.444 301.297
  9 0.2125 144.002 298.477
  10 0.2375 144.032 301.295
  11 0.2625 144.48 299.928
  12 0.2875 143.66 302.358
  13 0.3125 143.536 301.394
  14 0.3375 144.76 298.315
  15 0.3625 143.678 300.352
  16 0.3875 143.598 308.196
  17 0.4125 143.766 317.632
  18 0.4375 144.178 309.7
  19 0.4625 144.04 315.694
  20 0.4875 144.038 319.679
  21 0.5125 143.93 325.028
  22 0.5375 144.412 319.093
  23 0.5625 143.822 313.29
  24 0.5875 143.712 311.781
  25 0.6125 144.09 304.297
  26 0.6375 143.872 306.086
  27 0.6625 144.068 307.231
  28 0.6875 144.44 308.27
  29 0.7125 143.948 303.624
  30 0.7375 143.714 294.59
  31 0.7625 144.018 289.519
  32 0.7875 144.312 292.408
  33 0.8125 143.804 293.692
  34 0.8375 143.766 301.086
  35 0.8625 144.194 299.164
  36 0.8875 143.336 293.169
  37 0.9125 144.288 286.365
  38 0.9375 144.494 296.868
  39 0.9625 144.426 298.798
  40 0.9875 143.986 289.75
545000 40 5760.000000000002
  1 0.0125 143.452 288.327
  2 0.0375 144.674 285.13
  3 0.0625 144.198 285.506
  4 0.0875 143.906 289.244
  5 0.1125 143.588 294.01
  6 0.1375 144.434 296.388
  7 0.1625 144.096 295.711
  8 0.1875 144.314 297.533
  9 0.2125 144.2 298.935
  10 0.2375 144.41 297.479
  11 0.2625 143.442 310.313
  12 0.2875 144.846 303.929
  13 0.3125 143.466 307.562
  14 0.3375 144.422 307.793
  15 0.3625 144.2 306.119
  16 0.3875 143.61 306.354
  17 0.4125 143.88 310.19
  18 0.4375 144.162 310.251
  19 0.4625 144.346 312.497
  20 0.4875 144.232 314.666
  21 0.5125 143.306 316.331
  22 0.5375 143.598 314.284
  23 0.5625 143.786 318.242
  24 0.5875 144.032 314.78
  25 0.6125 143.448 316.66
  26 0.6375 143.98 311.451
  27 0.6625 144.072 306.881
  28 0.6875 143.626 298.752
  29 0.7125 144.444 295.503
  30 0.7375 143.946 297.479
  31 0.7625 143.94 300.643
  32 0.7875 143.66 303.445
  33 0.8125 143.89 307.889
  34 0.8375 143.852 300.197
  35 0.8625 143.944 298.246
  36 0.8875 143.984 297.85
  37 0.9125 143.836 294.277
  38 0.9375 144.038 290.448
  39 0.9625 144.346 290.428
  40 0.9875 144.394 286.681
550000 40 5760
  1 0.0125 143.942 285.204
  2 0.0375 143.996 284.55
  3 0.0625 144.322 285.894
  4 0.0875 144.17 284.181
  5 0.1125 144.218 289.124
  6 0.1375 143.804 295.585
  7 0.1625 144.32 301.276
  8 0.1875 144.224 296.495
  9 0.2125 143.576 300.497
  10 0.2375 143.976 303.077
  11 0.2625 143.91 306.802
  12 0.2875 143.636 298.968
  13 0.3125 144.156 297.58
  14 0.3375 143.604 299.036
  15 0.3625 143.82 304.098
  16 0.3875 143.91 307.431
  17 0.4125 143.956 316.308
  18 0.4375 143.91 315.799
  19 0.4625 144.162 316.697
  20 0.4875 143.536 320.908
  21 0.5125 144.612 315.188
  22 0.5375 143.666 313.803
  23 0.5625 144.188 314.434
  24 0.5875 143.942 317.155
  25 0.6125 143.832 313.592
  26 0.6375 143.822 310.81
  27 0.6625 144.716 301.291
  28 0.6875 144.048 307.835
  29 0.7125 143.794 299.29
  30 0.7375 143.552 300.619
  31 0.7625 144.256 304.388
  32 0.7875 144.25 305.531
  33 0.8125 143.938 300.635
  34 0.8375 144.214 300.416
  35 0.8625 143.828 300.213
  36 0.8875 144.152 294.221
  37 0.9125 143.852 298.049
  38 0.9375 143.91 293.198
  39 0.9625 143.73 293.945
  40 0.9875 144.55 286.309
555000 40 5759.999999999999
  1 0.0125 143.808 283.405
  2 0.0375 144.028 286.503
  3 0.0625 144.688 288.591
  4 0.0875 143.62 297.827
  5 0.1125 144.158 294.623
  6 0.1375 143.774 291.903
  7 0.1625 144.178 290.062
  8 0.1875 143.858 295.905
  9 0.2125 144.174 297.976
  10 0.2375 144.154 298.418
  11 0.2625 143.95 297.869
  12 0.2875 143.86 300.137
  13 0.3125 143.522 301.339
  14 0.3375 143.778 300.767
  15 0.3625 144.554 306.585
  16 0.3875 143.478 310.802
  17 0.4125 144.294 311.346
  18 0.4375 144.052 314.06
  19 0.4625 144.562 318.855
  20 0.4875 143.974 321.133
  21 0.5125 144.492 311.943
  22 0.5375 144.236 311.251
  23 0.5625 143.658 315.478
  24 0.5875 144.358 312.049
  25 0.6125 143.964 306.914
  26 0.6375 143.816 312.993
  27 0.6625 144.68 313.013
  28 0.6875 144.192 306.947
  29 0.7125 143.57 309.448
  30 0.7375 144.192 311.505
  31 0.7625 143.548 309.36
  32 0.7875 143.338 298.454
  33 0.8125 143.774 299.142
  34 0.8375 143.92 299.765
  35 0.8625 144.308 299.847
  36 0.8875 143.55 294.582
  37 0.9125 143.892 299.063
  38 0.9375 143.986 287.937
  39 0.9625 144.116 285.922
  40 0.9875 143.946 284.688
560000 40 5759.999999999999
  1 0.0125 144.204 290.819
  2 0.0375 143.82 292.379
  3 0.0625 143.728 292.319
  4 0.0875 144.196 292.566
  5 0.1125 143.742 294.012
  6 0.1375 144.224 293.741
  7 0.1625 143.424 294.242
  8 0.1875 143.792 295.771
  9 0.2125 144.138 303.153
  10 0.2375 144.044 298.36
  11 0.2625 144.28 295.936
  12 0.2875 143.36 300.483
  13 0.3125 144.652 316.182
  14 0.3375 143.724 316.813
  15 0.3625 144.878 309.682
  16 0.3875 143.766 314.347
  17 0.4125 144.224 311.377
  18 0.4375 143.934 314.482
  19 0.4625 144.268 311.774
  20 0.4875 144.506 312.894
  21 0.5125 144.002 304.358
  22 0.5375 143.89 305.243
  23 0.5625 144.246 307.356
  24 0.5875 143.744 312.701
  25 0.6125 144.426 308.07
  26 0.6375 144.31 304.265
  27 0.6625 144.298 307.736
  28 0.6875 143.468 308.583
  29 0.7125 144.372 300.458
  30 0.7375 143.642 298.261
  31 0.7625 143.604 301.541
  32 0.7875 143.822 299.942
  33 0.8125 144.152 301.635
  34 0.8375 144.014 296.612
  35 0.8625 144.17 299.192
  36 0.8875 143.682 297.048
  37 0.9125 143.96 297.146
  38 0.9375 143.98 295.931
  39 0.9625 143.548 292.782
  40 0.9875 143.766 289.843
565000 40 5760.000000000001
  1 0.0125 144.06 292.939
  2 0.0375 144.188 287.454
  3 0.0625 144.36 295.592
  4 0.0875 142.884 298.413
  5 0.1125 144.158 295.714
  6 0.1375 143.854 291.453
  7 0.1625 143.948 290.572
  8 0.1875 143.71 290.605
  9 0.2125 143.88 296.815
  10 0.2375 143.542 298.177
  11 0.2625 144.228 295.534
  12 0.2875 143.55 296.8
  13 0.3125 144.202 298.062
  14 0.3375 144.258 303.065
  15 0.3625 143.608 303.801
  16 0.3875 144.478 310.374
  17 0.4125 143.734 316.698
  18 0.4375 143.712 309.741
  19 0.4625 144.308 310.503
  20 0.4875 144.238 311.248
  21 0.5125 144.068 315.877
  22 0.5375 143.926 316.147
  23 0.5625 143.962 313.891
  24 0.5875 144.806 319.206
  25 0.6125 143.43 320.878
  26 0.6375 144.346 304.252
  27 0.6625 144.53 301.052
  28 0.6875 143.874 305.104
  29 0.7125 144.124 311.895
  30 0.7375 144.448 305.209
  31 0.7625 143.77 301.171
  32 0.7875 143.554 299.38
  33 0.8125 144.644 299.604
  34 0.8375 143.686 300.249
  35 0.8625 144.212 299.917
  36 0.8875 143.612 292.936
  37 0.9125 144.22 291.964
  38 0.9375 144.026 297.812
  39 0.9625 144.16 292.815
  40 0.9875 143.702 294.858
570000 40 5759.999999999998
  1 0.0125 144.334 295.41
  2 0.0375 144.126 295.064
  3 0.0625 144.726 290.675
  4 0.0875 143.856 296.53
  5 0.1125 144.228 294.431
  6 0.1375 144.056 292.528
  7 0.1625 144.004 297.341
  8 0.1875 143.378 293.246
  9 0.2125 144.244 292.253
  10 0.2375 143.626 301.186
  11 0.2625 144.424 296.219
  12 0.2875 143.104 295.742
  13 0.3125 144.188 302.638
  14 0.3375 144.12 297.317
  15 0.3625 143.902 288.812
  16 0.3875 143.664 299.019
  17 0.4125 143.96 298.56
  18 0.4375 144.436 299.233
  19 0.4625 144.064 308.786
  20 0.4875 144.142 308.023
  21 0.5125 144.208 310.954
  22 0.5375 144.108 316.539
  23 0.5625 144.26 321.101
  24 0.5875 144.168 312.84
  25 0.6125 144.082 316.994
  26 0.6375 143.942 304.502
  27 0.6625 144.286 304.369
  28 0.6875 143.674 309.626
  29 0.7125 144.226 313.155
  30 0.7375 143.502 316.18
  31 0.7625 144.038 308.542
  32 0.7875 143.712 306.428
  33 0.8125 144.182 304.461
  34 0.8375 144.414 302.026
  35 0.8625 143.314 301.84
  36 0.8875 143.768 301.181
  37 0.9125 143.918 300.143
  38 0.9375 143.78 296.091
  39 0.9625 144.258 292.482
  40 0.9875 143.578 297.151
575000 40 5759.999999999999
  1 0.0125 144.018 286.791
  2 0.0375 143.812 290.169
  3 0.0625 144.088 288.516
  4 0.0875 143.706 290.059
  5 0.1125 144.216 295.763
  6 0.1375 143.674 299.026
  7 0.1625 144.26 289.716
  8 0.1875 144.024 287.836
  9 0.2125 143.954 287.429
  10 0.2375 144.208 289.971
  11 0.2625 144.12 293.105
  12 0.2875 143.676 297.349
  13 0.3125 144.474 302.555
  14 0.3375 144.322 306.096
  15 0.3625 144.398 305.097
  16 0.3875 144.116 304.243
  17 0.4125 144.246 300.339
  18 0.4375 144.71 299.655
  19 0.4625 144.358 304.475
  20 0.4875 143.638 310.595
  21 0.5125 144.304 315.973
  22 0.5375 143.962 317.567
  23 0.5625 143.844 312.956
  24 0.5875 144.594 317.916
  25 0.6125 144.086 315.817
  26 0.6375 143.92 308.572
  27 0.6625 144.072 305.106
  28 0.6875 143.678 304.398
  29 0.7125 144.042 309.593
  30 0.7375 144.396 308.294
  31 0.7625 143.766 305.219
  32 0.7875 143.342 304.587
  33 0.8125 143.45 303.181
  34 0.8375 143.916 310.721
  35 0.8625 143.518 312.149
  36 0.8875 143.49 303.069
  37 0.9125 143.824 304.179
  38 0.9375 143.75 298.812
  39 0.9625 143.71 301.561
  40 0.9875 144.318 290.732
580000 40 5760.000000000002
  1 0.0125 144.162 297.688
  2 0.0375 144.352 289.393
  3 0.0625 143.202 290.72
  4 0.0875 144.324 285.4
  5 0.1125 143.636 289.274
  6 0.1375 143.566 291.27
  7 0.1625 143.884 291.947
  8 0.1875 143.918 289.947
  9 0.2125 144.218 294.734
  10 0.2375 143.87 296.288
  11 0.2625 143.278 297.016
  12 0.2875 143.912 297.418
  13 0.3125 144.434 295.407
  14 0.3375 144.15 297.766
  15 0.3625 144.07 298.561
  16 0.3875 144.918 300.617
  17 0.4125 143.822 305.095
  18 0.4375 144.256 302.706
  19 0.4625 144.238 301.44
  20 0.4875 143.952 304.975
  21 0.5125 143.96 312.454
  22 0.5375 144.518 319.276
  23 0.5625 144.23 318.426
  24 0.5875 144.224 312.347
  25 0.6125 144.086 319.408
  26 0.6375 144.384 316.366
  27 0.6625 143.808 307.549
  28 0.6875 144.012 306.22
  29 0.7125 144.426 303.533
  30 0.7375 144.132 303.597
  31 0.7625 143.908 304.585
  32 0.7875 143.99 310.625
  33 0.8125 143.904 310.623
  34 0.8375 143.796 313.867
  35 0.8625 143.966 311.013
  36 0.8875 143.362 309.428
  37 0.9125 143.666 299.922
  38 0.9375 144.434 293.971
  39 0.9625 143.532 293.229
  40 0.9875 143.5 295.366
585000 40 5760.000000000003
  1 0.0125 143.642 290.333
  2 0.0375 144.272 294.038
  3 0.0625 143.976 298.332
  4 0.0875 143.722 296.079
  5 0.1125 143.448 304.16
  6 0.1375 144.198 297.829
  7 0.1625 143.256 297.204
  8 0.1875 144.064 298.828
  9 0.2125 144.834 298.294
  10 0.2375 143.786 298.687
  11 0.2625 143.858 294.516
  12 0.2875 144.026 290.583
  13 0.3125 143.528 288.977
  14 0.3375 144.214 300.511
  15 0.3625 144.38 306.159
  16 0.3875 144.11 310.563
  17 0.4125 144.106 305.537
  18 0.4375 143.47 304.284
  19 0.4625 143.944 306.725
  20 0.4875 143.804 309.937
  21 0.5125 144.304 312.212
  22 0.5375 143.636 316.643
  23 0.5625 144.834 316.82
  24 0.5875 143.818 318.05
  25 0.6125 144.016 312.885
  26 0.6375 144.214 308.45
  27 0.6625 144.262 308.318
  28 0.6875 144.058 311.073
  29 0.7125 144 307.434
  30 0.7375 143.92 301.116
  31 0.7625 143.714 298.725
  32 0.7875 144.358 299.952
  33 0.8125 144.112 301.44
  34 0.8375 144.054 300.968
  35 0.8625 143.542 296.946
  36 0.8875 144.484 295.021
  37 0.9125 143.694 301.854
  38 0.9375 143.912 295.564
  39 0.9625 144.13 293.357
  40 0.9875 144.3 291.01
590000 40 5760.000000000003
  1 0.0125 144.148 283.122
  2 0.0375 144.254 280.605
  3 0.0625 143.766 290.564
  4 0.0875 144.166 293.514
  5 0.1125 143.994 296.66
  6 0.1375 143.732 302.552
  7 0.1625 143.918 306.494
  8 0.1875 144.25 297.275
  9 0.2125 144.174 293.964
  10 0.2375 142.994 304.114
  11 0.2625 143.258 307.58
  12 0.2875 144.732 303.54
  13 0.3125 143.768 300.893
  14 0.3375 144.188 296.831
  15 0.3625 143.56 296.072
  16 0.3875 143.984 302.807
  17 0.4125 144.62 305.059
  18 0.4375 143.326 308.754
  19 0.4625 143.842 309.068
  20 0.4875 144.544 312.567
  21 0.5125 144.48 313.981
  22 0.5375 143.808 320.234
  23 0.5625 143.722 317.971
  24 0.5875 143.886 312.898
  25 0.6125 143.804 314.087
  26 0.6375 143.858 313.324
  27 0.6625 143.75 310.533
  28 0.6875 144.002 310.48
  29 0.7125 144.274 304.908
  30 0.7375 143.82 301.598
  31 0.7625 143.818 306.275
  32 0.7875 143.868 304.078
  33 0.8125 144.532 292.302
  34 0.8375 144.332 291.999
  35 0.8625 144.408 297.824
  36 0.8875 143.868 296.302
  37 0.9125 143.992 298.79
  38 0.9375 143.956 296.045
  39 0.9625 144.118 294.789
  40 0.9875 144.486 287.844
595000 40 5760
  1 0.0125 143.85 288.927
  2 0.0375 143.664 290.172
  3 0.0625 144.448 289.643
  4 0.0875 143.746 291.591
  5 0.1125 143.856 297.122
  6 0.1375 144.168 292.177
  7 0.1625 143.924 296.331
  8 0.1875 143.732 296.57
  9 0.2125 144.244 289.73
  10 0.2375 144.374 298.498
  11 0.2625 144.07 301.661
  12 0.2875 144.13 304.501
  13 0.3125 143.968 301.714
  14 0.3375 143.974 303.498
  15 0.3625 144.658 298.905
  16 0.3875 144 307.648
  17 0.4125 143.522 303.772
  18 0.4375 144.422 308.825
  19 0.4625 143.88 313.024
  20 0.4875 143.618 316.617
  21 0.5125 144.624 317.993
  22 0.5375 144.252 320.653
  23 0.5625 143.586 324.89
  24 0.5875 143.19 322.228
  25 0.6125 143.934 312.573
  26 0.6375 143.742 307.355
  27 0.6625 144.302 307.1
  28 0.6875 144.16 305.859
  29 0.7125 144.266 302.257
  30 0.7375 143.436 295.495
  31 0.7625 144.25 295.517
  32 0.7875 144.192 296.213
  33 0.8125 143.77 299.647
  34 0.8375 144.138 294.587
  35 0.8625 143.442 300.813
  36 0.8875 144.434 300.606
  37 0.9125 143.872 302.407
  38 0.9375 144.126 299.467
  39 0.9625 144.502 289.772
  40 0.9875 143.534 291.688
600000 40 5759.999999999999
  1 0.0125 143.914 292.15
  2 0.0375 144.336 300.921
  3 0.0625 143.882 298.793
  4 0.0875 144.06 296.362
  5 0.1125 144.128 291.614
  6 0.1375 143.946 293.058
  7 0.1625 143.75 290.176
  8 0.1875 144.324 291.426
  9 0.2125 143.954 298.449
  10 0.2375 144.054 309.317
  11 0.2625 143.774 307.164
  12 0.2875 144.196 302.943
  13 0.3125 143.526 303.482
  14 0.3375 144.33 305.213
  15 0.3625 143.692 311.29
  16 0.3875 143.98 310.829
  17 0.4125 144.086 304.181
  18 0.4375 143.966 305.782
  19 0.4625 144.08 306.487
  20 0.4875 144.6 315.089
  21 0.5125 143.89 312.892
  22 0.5375 144.004 315.441
  23 0.5625 144.034 314.91
  24 0.5875 143.448 300.929
  25 0.6125 144.896 299.76
  26 0.6375 144.184 309.707
  27 0.6625 143.764 310.392
  28 0.6875 143.678 307.196
  29 0.7125 144.672 299.895
  30 0.7375 143.842 300.249
  31 0.7625 144.654 297.516
  32 0.7875 143.65 300.56
  33 0.8125 143.77 302.853
  34 0.8375 143.468 302.787
  35 0.8625 144.212 298.322
  36 0.8875 143.724 295.389
  37 0.9125 144.132 295.434
  38 0.9375 144.134 298.545
  39 0.9625 143.72 291.222
  40 0.9875 143.546 291.093
