# Chunk-averaged data for fix temp_profile and group all
# Timestep Number-of-chunks Total-count
# Chunk Coord1 Ncount temp
5000 40 11519.999999999998
  1 0.0125 288.118 280.592
  2 0.0375 288.31 282.994
  3 0.0625 288.796 290.592
  4 0.0875 286.476 295.229
  5 0.1125 288.176 303.919
  6 0.1375 287.45 302.952
  7 0.1625 288.268 298.341
  8 0.1875 287.06 296.725
  9 0.2125 287.464 299.826
  10 0.2375 287.47 301.222
  11 0.2625 288.21 300.438
  12 0.2875 287.036 301.233
  13 0.3125 288.774 296.601
  14 0.3375 286.9 302.635
  15 0.3625 288.846 298.531
  16 0.3875 288.226 297.406
  17 0.4125 288.77 306.368
  18 0.4375 287.62 305.14
  19 0.4625 287.344 302.92
  20 0.4875 288.25 304.023
  21 0.5125 287.784 314.159
  22 0.5375 288.066 312.102
  23 0.5625 288.332 299.927
  24 0.5875 288.996 296.27
  25 0.6125 287.768 297.598
  26 0.6375 288.784 297.26
  27 0.6625 288.576 302.287
  28 0.6875 288.502 305.173
  29 0.7125 288.646 298.697
  30 0.7375 287.876 290.378
  31 0.7625 287.5 291.37
  32 0.7875 288.238 291.147
  33 0.8125 288.144 293.439
  34 0.8375 288.064 306.131
  35 0.8625 287.768 309.269
  36 0.8875 288.368 309.661
  37 0.9125 288.264 297.707
  38 0.9375 287.492 285.452
  39 0.9625 287.402 290.548
  40 0.9875 287.866 287.546
10000 40 11519.999999999998
  1 0.0125 286.966 266.478
  2 0.0375 290.31 268.39
  3 0.0625 287.824 274.343
  4 0.0875 287.17 283.334
  5 0.1125 287.848 297.68
  6 0.1375 288.384 296.579
  7 0.1625 287.428 300.21
  8 0.1875 288.29 290.461
  9 0.2125 287.198 295.105
  10 0.2375 288.392 291.132
  11 0.2625 287.644 302.292
  12 0.2875 287.83 298.166
  13 0.3125 287.772 299.755
  14 0.3375 287.794 302.917
  15 0.3625 288.236 305.32
  16 0.3875 288.186 305.167
  17 0.4125 287.668 312.292
  18 0.4375 289.04 304.77
  19 0.4625 288.838 316.737
  20 0.4875 288.168 311.218
  21 0.5125 286.502 324.946
  22 0.5375 288.378 328.316
  23 0.5625 287.092 321.123
  24 0.5875 288.388 313.871
  25 0.6125 288.528 291.335
  26 0.6375 288.814 298.183
  27 0.6625 288.282 306.215
  28 0.6875 287.626 304.969
  29 0.7125 288.134 295.874
  30 0.7375 288.032 302.53
  31 0.7625 288.008 296.814
  32 0.7875 288.91 292.441
  33 0.8125 288.186 298.587
  34 0.8375 288.17 300.337
  35 0.8625 288.038 299.453
  36 0.8875 288.054 296.695
  37 0.9125 286.956 291.181
  38 0.9375 287.612 289.342
  39 0.9625 287.586 293.962
  40 0.9875 287.718 278.204
15000 40 11520
  1 0.0125 288.822 260.232
  2 0.0375 286.956 255.748
  3 0.0625 288.102 268.826
  4 0.0875 288.41 283.276
  5 0.1125 287.436 291.779
  6 0.1375 287.886 283.481
  7 0.1625 287.776 286.224
  8 0.1875 287.16 295.304
  9 0.2125 287.972 299.866
  10 0.2375 287.186 295.585
  11 0.2625 288.19 289.534
  12 0.2875 288.596 294.009
  13 0.3125 288.25 301.191
  14 0.3375 286.61 314.071
  15 0.3625 288.354 303.475
  16 0.3875 287.692 303.003
  17 0.4125 288.06 323.267
  18 0.4375 288.368 312.354
  19 0.4625 288.232 311.453
  20 0.4875 289.014 319.997
  21 0.5125 287.39 337.261
  22 0.5375 287.812 335.218
  23 0.5625 288.346 329.683
  24 0.5875 287.524 322.256
  25 0.6125 288.484 306.839
  26 0.6375 288.29 304.373
  27 0.6625 287.73 304.198
  28 0.6875 287.952 299.009
  29 0.7125 287.574 295.96
  30 0.7375 287.888 300.994
  31 0.7625 288.06 302.672
  32 0.7875 287.314 303.781
  33 0.8125 287.738 299.503
  34 0.8375 287.834 294.835
  35 0.8625 288.916 292.697
  36 0.8875 288.106 288.392
  37 0.9125 288.96 286.698
  38 0.9375 289.114 282.04
  39 0.9625 287.352 290.388
  40 0.9875 288.544 274.31
20000 40 11519.999999999998
  1 0.0125 288.112 261.265
  2 0.0375 287.69 258.465
  3 0.0625 288.208 272.85
  4 0.0875 288.248 282.551
  5 0.1125 287.48 286.748
  6 0.1375 287.756 283.463
  7 0.1625 287.976 287.586
  8 0.1875 288.406 290.945
  9 0.2125 287.39 292.087
  10 0.2375 288.38 297.317
  11 0.2625 288.25 294.599
  12 0.2875 286.984 293.46
  13 0.3125 287.522 293.514
  14 0.3375 286.986 304.649
  15 0.3625 288.332 305.658
  16 0.3875 287.884 306.351
  17 0.4125 287.01 310.455
  18 0.4375 288.812 323.384
  19 0.4625 289.07 322.904
  20 0.4875 288.28 322.392
  21 0.5125 287.192 348.936
  22 0.5375 286.974 341.791
  23 0.5625 287.474 331.517
  24 0.5875 288.286 314.07
  25 0.6125 288.01 317.552
  26 0.6375 288.298 318.287
  27 0.6625 289.27 312.288
  28 0.6875 288.076 301.22
  29 0.7125 288.766 301.912
  30 0.7375 288.818 301.567
  31 0.7625 288.526 299.139
  32 0.7875 288.582 305.885
  33 0.8125 288.354 301.013
  34 0.8375 287.606 301.154
  35 0.8625 287.028 288.766
  36 0.8875 287.374 280.244
  37 0.9125 288.132 273.888
  38 0.9375 288.31 277.273
  39 0.9625 287.586 273.436
  40 0.9875 288.562 264.283
25000 40 11520
  1 0.0125 288.428 254.946
  2 0.0375 288.54 250.413
  3 0.0625 287.712 272.248
  4 0.0875 287.134 279.578
  5 0.1125 288.308 282.045
  6 0.1375 287.914 285.42
  7 0.1625 287.424 287.15
  8 0.1875 288.388 287.836
  9 0.2125 287.688 292.323
  10 0.2375 287.448 297.246
  11 0.2625 287.204 298.315
  12 0.2875 287.396 295.369
  13 0.3125 287.96 299.159
  14 0.3375 287.078 300.673
  15 0.3625 288.642 309.741
  16 0.3875 288.196 313.897
  17 0.4125 288.25 313.885
  18 0.4375 288.978 318.164
  19 0.4625 287.75 320.178
  20 0.4875 288.072 332.41
  21 0.5125 287.984 350.91
  22 0.5375 287.656 351.474
  23 0.5625 288.582 333.853
  24 0.5875 288.628 326.146
  25 0.6125 289.124 310.968
  26 0.6375 288.062 312.092
  27 0.6625 287.68 320.353
  28 0.6875 288.146 303.244
  29 0.7125 287.934 302.169
  30 0.7375 288.928 303.704
  31 0.7625 287.776 306.774
  32 0.7875 288.532 301.333
  33 0.8125 287.628 292.022
  34 0.8375 288.946 294.375
  35 0.8625 287.154 292.87
  36 0.8875 287.87 279.573
  37 0.9125 288.114 276.022
  38 0.9375 287.446 271.101
  39 0.9625 287.238 263.917
  40 0.9875 288.062 257.592
30000 40 11520.000000000002
  1 0.0125 287.158 250.862
  2 0.0375 288.146 250.477
  3 0.0625 287.262 260.918
  4 0.0875 287.604 269.388
  5 0.1125 288.016 278.339
  6 0.1375 287.868 283.597
  7 0.1625 287.096 282.192
  8 0.1875 288.316 288.108
  9 0.2125 287.446 293.615
  10 0.2375 288.376 301.068
  11 0.2625 287.436 291.388
  12 0.2875 287.946 294.695
  13 0.3125 288.244 308.807
  14 0.3375 288.012 310.175
  15 0.3625 287.926 310.973
  16 0.3875 287.376 313.709
  17 0.4125 288.39 312.017
  18 0.4375 287.532 331.021
  19 0.4625 288.816 332.004
  20 0.4875 286.848 333.329
  21 0.5125 287.93 349.736
  22 0.5375 287.918 347.825
  23 0.5625 288.398 315.595
  24 0.5875 288.802 321.047
  25 0.6125 288.656 326.401
  26 0.6375 287.746 317.019
  27 0.6625 289.194 315.396
  28 0.6875 287.09 302.941
  29 0.7125 288.268 307.061
  30 0.7375 288.97 303.604
  31 0.7625 288.934 296.396
  32 0.7875 287.876 293.198
  33 0.8125 287.92 296.576
  34 0.8375 287.76 300.775
  35 0.8625 289.26 295.734
  36 0.8875 287.662 281.936
  37 0.9125 288.054 274.754
  38 0.9375 288.334 275.113
  39 0.9625 287.752 270.696
  40 0.9875 287.662 255.588
35000 40 11520.000000000002
  1 0.0125 287.512 244.494
  2 0.0375 288.484 241.274
  3 0.0625 287.812 249.346
  4 0.0875 287.598 274.151
  5 0.1125 287.942 275.704
  6 0.1375 287.126 281.768
  7 0.1625 288.65 283.99
  8 0.1875 287.48 294.71
  9 0.2125 288.532 300.043
  10 0.2375 287.848 296.784
  11 0.2625 288.256 298.338
  12 0.2875 287.634 295.259
  13 0.3125 288.244 299.411
  14 0.3375 288.79 305.572
  15 0.3625 287.524 311.162
  16 0.3875 287.494 313.543
  17 0.4125 288.71 312.844
  18 0.4375 287.674 328.927
  19 0.4625 287.452 334.841
  20 0.4875 288.274 339.703
  21 0.5125 288.416 340.81
  22 0.5375 288.138 347.32
  23 0.5625 287.942 327.719
  24 0.5875 288.01 324.176
  25 0.6125 288.784 314.23
  26 0.6375 288.018 320.105
  27 0.6625 288.12 316.421
  28 0.6875 287.478 313.261
  29 0.7125 288.086 304.392
  30 0.7375 288.474 299.127
  31 0.7625 287.272 288.373
  32 0.7875 287.462 292.595
  33 0.8125 288.118 296.485
  34 0.8375 288.106 304.132
  35 0.8625 286.922 296.28
  36 0.8875 288.79 280.69
  37 0.9125 288.75 283.403
  38 0.9375 287.832 281.972
  39 0.9625 288.384 269.23
  40 0.9875 287.862 261.003
40000 40 11520.000000000004
  1 0.0125 288.98 248.765
  2 0.0375 287.426 242.755
  3 0.0625 286.868 255.904
  4 0.0875 288.65 264.328
  5 0.1125 287.064 272.679
  6 0.1375 289.148 283.787
  7 0.1625 288.11 282.462
  8 0.1875 286.94 293.982
  9 0.2125 286.834 291.252
  10 0.2375 288.718 289.229
  11 0.2625 288.474 295.679
  12 0.2875 287.78 302.489
  13 0.3125 287.604 303.234
  14 0.3375 288.692 307.502
  15 0.3625 288.856 315.384
  16 0.3875 287.2 312.972
  17 0.4125 287.71 313.577
  18 0.4375 287.43 314.174
  19 0.4625 288.666 331.984
  20 0.4875 289.408 346.445
  21 0.5125 288.426 353.135
  22 0.5375 288.284 348.793
  23 0.5625 288.314 337.215
  24 0.5875 287.204 331.39
  25 0.6125 287.282 308.968
  26 0.6375 287.822 314.592
  27 0.6625 287.542 311.656
  28 0.6875 287.374 309.185
  29 0.7125 288.298 305.04
  30 0.7375 287.592 291.259
  31 0.7625 288.356 297.339
  32 0.7875 287.886 303.743
  33 0.8125 288.13 293.812
  34 0.8375 288.244 299.911
  35 0.8625 288.01 299.987
  36 0.8875 288.472 276.586
  37 0.9125 287.196 277.194
  38 0.9375 287.876 277.609
  39 0.9625 289.076 278.279
  40 0.9875 288.058 260.694
45000 40 11519.999999999996
  1 0.0125 287.894 242.834
  2 0.0375 288.008 242.234
  3 0.0625 287.554 262.177
  4 0.0875 288.114 259.304
  5 0.1125 288.188 264.551
  6 0.1375 288.208 283.805
  7 0.1625 287.714 293.863
  8 0.1875 287.956 291.728
  9 0.2125 288.178 299.764
  10 0.2375 288.352 296.804
  11 0.2625 288.25 300.425
  12 0.2875 287 298.514
  13 0.3125 287.85 301.187
  14 0.3375 286.652 303.151
  15 0.3625 289.298 306.402
  16 0.3875 287.424 309.62
  17 0.4125 288.42 318.754
  18 0.4375 287.012 330.326
  19 0.4625 288.74 333.907
  20 0.4875 287.732 333.458
  21 0.5125 287.834 344.667
  22 0.5375 288.134 351.137
  23 0.5625 288.802 337.512
  24 0.5875 287.816 334.639
  25 0.6125 288.166 317.279
  26 0.6375 287.444 312.215
  27 0.6625 287.272 304.953
  28 0.6875 288.864 304.243
  29 0.7125 288.124 314.034
  30 0.7375 288.998 298.442
  31 0.7625 287.97 294.081
  32 0.7875 288.034 295.48
  33 0.8125 287.612 298.878
  34 0.8375 287.732 293.681
  35 0.8625 287.654 292.944
  36 0.8875 288.312 280.794
  37 0.9125 288.374 283.928
  38 0.9375 288.138 272.586
  39 0.9625 288.06 274.832
  40 0.9875 288.116 263.303
50000 40 11519.999999999996
  1 0.0125 287.958 253.319
  2 0.0375 287.956 252.259
  3 0.0625 288.23 267.966
  4 0.0875 286.87 264.023
  5 0.1125 287.748 269.598
  6 0.1375 287.9 282.879
  7 0.1625 287.58 297.65
  8 0.1875 287.49 296.141
  9 0.2125 288.672 298.103
  10 0.2375 288.152 297.914
  11 0.2625 287.286 298.364
  12 0.2875 287.732 301.213
  13 0.3125 287.602 306.344
  14 0.3375 287.682 298.243
  15 0.3625 287.486 305.675
  16 0.3875 287.792 312.228
  17 0.4125 287.612 320.577
  18 0.4375 288.262 331.011
  19 0.4625 287.432 331.13
  20 0.4875 288.08 334.787
  21 0.5125 286.988 354.609
  22 0.5375 288.23 348.09
  23 0.5625 287.886 323.608
  24 0.5875 288.566 331.126
  25 0.6125 288.366 320.976
  26 0.6375 288.652 310.416
  27 0.6625 288.048 301.221
  28 0.6875 287.82 307.984
  29 0.7125 288.554 305.147
  30 0.7375 288.518 303.091
  31 0.7625 288.418 300.521
  32 0.7875 288.268 296.821
  33 0.8125 288.666 296.444
  34 0.8375 287.61 294.09
  35 0.8625 288.898 284.56
  36 0.8875 288.646 280.352
  37 0.9125 287.844 272.192
  38 0.9375 288.612 271.288
  39 0.9625 287.864 264.493
  40 0.9875 288.024 257.31
55000 40 11519.999999999996
  1 0.0125 287.678 240.719
  2 0.0375 288.314 250.938
  3 0.0625 288.316 270.254
  4 0.0875 288.442 272.618
  5 0.1125 286.738 279.908
  6 0.1375 288.4 282.612
  7 0.1625 288.178 285.59
  8 0.1875 287.42 291.802
  9 0.2125 288.338 289.09
  10 0.2375 288.76 295.61
  11 0.2625 287.234 303.804
  12 0.2875 288.274 301.467
  13 0.3125 288.392 305.299
  14 0.3375 288.076 305.187
  15 0.3625 287.928 310.462
  16 0.3875 287.726 319.092
  17 0.4125 287.588 319.688
  18 0.4375 287.236 330.383
  19 0.4625 288.624 330.829
  20 0.4875 287.6 329.721
  21 0.5125 287.852 356.092
  22 0.5375 287.744 351.437
  23 0.5625 287.568 332.736
  24 0.5875 288.142 325.746
  25 0.6125 288.174 316.165
  26 0.6375 288.566 310.617
  27 0.6625 288.248 303.309
  28 0.6875 288.424 304.59
  29 0.7125 287.918 298.343
  30 0.7375 287.942 301.794
  31 0.7625 288.288 296.715
  32 0.7875 287.64 294.287
  33 0.8125 288.35 298.994
  34 0.8375 287.608 298.773
  35 0.8625 287.694 283.736
  36 0.8875 287.722 285.86
  37 0.9125 288.792 275.834
  38 0.9375 288.214 270.049
  39 0.9625 287.528 269.662
  40 0.9875 288.324 254.364
60000 40 11520
  1 0.0125 287.738 254.058
  2 0.0375 288.444 257.034
  3 0.0625 287.574 258.417
  4 0.0875 288.612 259.998
  5 0.1125 286.928 276.219
  6 0.1375 288.192 272.116
  7 0.1625 287.67 282.874
  8 0.1875 288.284 286.729
  9 0.2125 290.1 292.911
  10 0.2375 287.098 295.484
  11 0.2625 288.77 298.21
  12 0.2875 288.604 310.97
  13 0.3125 288.856 311.185
  14 0.3375 288.144 314.484
  15 0.3625 287.254 317.627
  16 0.3875 288.236 317.054
  17 0.4125 288.434 313.025
  18 0.4375 287.1 322.382
  19 0.4625 288.17 322.676
  20 0.4875 287.722 330.24
  21 0.5125 287.412 345.02
  22 0.5375 287.62 358.19
  23 0.5625 288.468 348.328
  24 0.5875 288.536 327.848
  25 0.6125 288.316 310.827
  26 0.6375 288.456 297.892
  27 0.6625 287.632 300.169
  28 0.6875 287.772 307.328
  29 0.7125 288.176 299.053
  30 0.7375 288.552 299.213
  31 0.7625 287.9 297.959
  32 0.7875 287.856 295.633
  33 0.8125 286.822 293.656
  34 0.8375 287.934 293.09
  35 0.8625 287.188 295.283
  36 0.8875 287.87 289.421
  37 0.9125 288.446 280.419
  38 0.9375 288.062 275.518
  39 0.9625 287.494 271.665
  40 0.9875 287.558 262.552
65000 40 11520
  1 0.0125 287.686 247.662
  2 0.0375 288.818 250.497
  3 0.0625 288.11 262.808
  4 0.0875 287.754 274.283
  5 0.1125 288.124 270.577
  6 0.1375 288.226 274.279
  7 0.1625 289.15 283.022
  8 0.1875 286.834 284.221
  9 0.2125 288.412 296.894
  10 0.2375 288.358 294.629
  11 0.2625 287.97 300.344
  12 0.2875 287.554 304.722
  13 0.3125 288.24 310.984
  14 0.3375 288.194 308.438
  15 0.3625 288.578 316.482
  16 0.3875 288.158 310.747
  17 0.4125 287.722 311.582
  18 0.4375 287.736 326.97
  19 0.4625 287.674 334.231
  20 0.4875 287.952 344.947
  21 0.5125 288.596 363.474
  22 0.5375 288.704 353.828
  23 0.5625 287.156 344.94
  24 0.5875 287.536 311.88
  25 0.6125 288.11 307.855
  26 0.6375 288.018 298.335
  27 0.6625 287.052 298.597
  28 0.6875 288.322 305.894
  29 0.7125 287.406 299.647
  30 0.7375 288.166 299.206
  31 0.7625 287.008 299.869
  32 0.7875 287.592 307.136
  33 0.8125 288.082 303.474
  34 0.8375 287.254 289.494
  35 0.8625 287.82 285.905
  36 0.8875 288.116 289.191
  37 0.9125 289.166 283.298
  38 0.9375 288.662 276.695
  39 0.9625 287.596 261.038
  40 0.9875 288.388 255.25
70000 40 11519.999999999998
  1 0.0125 288.34 249.864
  2 0.0375 287.658 248.249
  3 0.0625 288.624 260.25
  4 0.0875 287.768 273.011
  5 0.1125 289.188 278.31
  6 0.1375 287.512 274.526
  7 0.1625 287.626 277.126
  8 0.1875 288.494 285.58
  9 0.2125 287.968 290.092
  10 0.2375 287.824 294.41
  11 0.2625 288.826 303.599
  12 0.2875 287.2 299.553
  13 0.3125 287.6 302.914
  14 0.3375 288.888 306.434
  15 0.3625 287.648 317.176
  16 0.3875 286.912 326.724
  17 0.4125 287.776 322.294
  18 0.4375 288.822 329.859
  19 0.4625 288.124 340.003
  20 0.4875 287.408 339.425
  21 0.5125 287.866 354.86
  22 0.5375 287.556 346.071
  23 0.5625 287.626 342.558
  24 0.5875 288.012 315.948
  25 0.6125 287.148 310.305
  26 0.6375 287.272 302.792
  27 0.6625 287.902 299.218
  28 0.6875 287.598 315.27
  29 0.7125 288.024 309.64
  30 0.7375 288.272 303.478
  31 0.7625 287.888 309.956
  32 0.7875 287.676 304.089
  33 0.8125 288.542 292.732
  34 0.8375 287.498 279.528
  35 0.8625 289.026 287.003
  36 0.8875 287.794 288.771
  37 0.9125 287.782 281.439
  38 0.9375 289.226 268.883
  39 0.9625 288.22 262.076
  40 0.9875 288.866 250.857
75000 40 11520.000000000002
  1 0.0125 288.2 245.483
  2 0.0375 287.912 248.323
  3 0.0625 287.308 267.559
  4 0.0875 287.652 268.839
  5 0.1125 288.112 271.33
  6 0.1375 288.454 278.734
  7 0.1625 288.15 279.903
  8 0.1875 287.92 285.139
  9 0.2125 288.104 281.013
  10 0.2375 288.524 288.996
  11 0.2625 287.978 300.507
  12 0.2875 288.734 299.358
  13 0.3125 286.372 309.794
  14 0.3375 287.696 321.289
  15 0.3625 288.328 316.6
  16 0.3875 287.702 316.357
  17 0.4125 287.482 317.313
  18 0.4375 286.604 322.825
  19 0.4625 287.618 330.877
  20 0.4875 287.644 337.228
  21 0.5125 287.384 353.299
  22 0.5375 288.282 356.33
  23 0.5625 288.668 338.615
  24 0.5875 287.786 325.25
  25 0.6125 288.398 319.489
  26 0.6375 288.95 323.504
  27 0.6625 288.606 319.377
  28 0.6875 288.032 309.223
  29 0.7125 288.29 302.567
  30 0.7375 287.756 286.722
  31 0.7625 288.33 298.228
  32 0.7875 288.546 311.156
  33 0.8125 289.02 297.78
  34 0.8375 288.09 289.461
  35 0.8625 288.494 276.603
  36 0.8875 288.016 282.176
  37 0.9125 287.6 274.189
  38 0.9375 288.304 264.759
  39 0.9625 287.288 273.911
  40 0.9875 287.666 255.153
80000 40 11519.999999999998
  1 0.0125 288.568 251.011
  2 0.0375 287.592 248.503
  3 0.0625 287.878 257.138
  4 0.0875 287.578 260.573
  5 0.1125 288.116 265.081
  6 0.1375 287.966 280.23
  7 0.1625 287.76 283.182
  8 0.1875 286.684 287.396
  9 0.2125 287.902 288.661
  10 0.2375 287.68 299.553
  11 0.2625 288.196 297.616
  12 0.2875 288.39 290.423
  13 0.3125 288.106 309.012
  14 0.3375 287.906 319.323
  15 0.3625 287.828 319.724
  16 0.3875 287.772 312.107
  17 0.4125 288.476 320.262
  18 0.4375 287.93 332.536
  19 0.4625 288.238 328.478
  20 0.4875 288.992 345.661
  21 0.5125 287.648 358.803
  22 0.5375 288.536 356.531
  23 0.5625 288.612 343.283
  24 0.5875 288.53 330.078
  25 0.6125 288.268 323.983
  26 0.6375 288.874 318.499
  27 0.6625 287.592 307.351
  28 0.6875 288.112 304.416
  29 0.7125 287.468 296.711
  30 0.7375 288.36 292.556
  31 0.7625 288.764 297.476
  32 0.7875 287.264 299.823
  33 0.8125 288.168 296.045
  34 0.8375 288.46 291.557
  35 0.8625 287.008 278.857
  36 0.8875 287.83 278.219
  37 0.9125 287.672 275.851
  38 0.9375 287.692 267.185
  39 0.9625 287.252 263.664
  40 0.9875 288.332 262.611
85000 40 11520.000000000002
  1 0.0125 288.75 234.674
  2 0.0375 286.758 247.882
  3 0.0625 288.962 260.202
  4 0.0875 287.378 267.162
  5 0.1125 287.842 281.932
  6 0.1375 287.928 284.105
  7 0.1625 287.388 278.901
  8 0.1875 287.838 273.087
  9 0.2125 288.422 281.572
  10 0.2375 287.834 295.142
  11 0.2625 288.934 300.857
  12 0.2875 287.948 301.91
  13 0.3125 288.442 316.73
  14 0.3375 289.228 320.89
  15 0.3625 288.426 324.955
  16 0.3875 289.418 322.755
  17 0.4125 288.666 327.103
  18 0.4375 288.122 332.205
  19 0.4625 287.616 339.827
  20 0.4875 288.084 344.57
  21 0.5125 287.1 363.313
  22 0.5375 287.006 357.362
  23 0.5625 288.18 336.724
  24 0.5875 286.966 324.579
  25 0.6125 289.882 316.93
  26 0.6375 286.232 320.861
  27 0.6625 288.112 309.575
  28 0.6875 288.058 296.849
  29 0.7125 287.056 300.91
  30 0.7375 288.96 298.64
  31 0.7625 287.93 295.411
  32 0.7875 287.546 297.562
  33 0.8125 288.98 289.199
  34 0.8375 288.062 280.683
  35 0.8625 287.994 288.326
  36 0.8875 287.942 282.512
  37 0.9125 287.75 282.164
  38 0.9375 287.734 264.36
  39 0.9625 287.006 252.543
  40 0.9875 287.52 247.769
90000 40 11519.999999999998
  1 0.0125 286.77 239.622
  2 0.0375 289.532 245.736
  3 0.0625 288.228 266.289
  4 0.0875 288.712 265.555
  5 0.1125 288.322 269.228
  6 0.1375 288.71 278.781
  7 0.1625 288.17 286.611
  8 0.1875 288.462 281.3
  9 0.2125 288.814 288.346
  10 0.2375 288.176 298.141
  11 0.2625 288.834 301.404
  12 0.2875 288.206 300.62
  13 0.3125 288.56 307.172
  14 0.3375 288.408 310.64
  15 0.3625 288.68 321.812
  16 0.3875 288.986 326.14
  17 0.4125 288.462 325.596
  18 0.4375 286.626 328.895
  19 0.4625 287.1 336.401
  20 0.4875 287.172 341.05
  21 0.5125 287.068 352.355
  22 0.5375 288.324 350.752
  23 0.5625 286.284 336.341
  24 0.5875 287.13 333.923
  25 0.6125 287.502 314.898
  26 0.6375 287.704 301.364
  27 0.6625 288.432 317.527
  28 0.6875 287.78 315.555
  29 0.7125 287.75 318.333
  30 0.7375 287.94 304.694
  31 0.7625 288.216 298.444
  32 0.7875 287.898 296.704
  33 0.8125 287.298 287.853
  34 0.8375 287.588 279.754
  35 0.8625 287.85 285.068
  36 0.8875 287.594 279.563
  37 0.9125 288.562 272.865
  38 0.9375 287.54 263.973
  39 0.9625 288.212 262.946
  40 0.9875 288.398 251.844
95000 40 11519.999999999995
  1 0.0125 288.494 245.745
  2 0.0375 288.684 243.436
  3 0.0625 287.666 257.746
  4 0.0875 287.746 273.341
  5 0.1125 288.954 283.89
  6 0.1375 289.15 280.525
  7 0.1625 288.156 286.35
  8 0.1875 287.89 290.505
  9 0.2125 288.416 293.719
  10 0.2375 289.126 294.102
  11 0.2625 287.698 288.338
  12 0.2875 288.964 299.044
  13 0.3125 287.626 304.466
  14 0.3375 286.878 307.979
  15 0.3625 287.822 309.343
  16 0.3875 288.746 314.046
  17 0.4125 286.768 328.867
  18 0.4375 286.584 328.065
  19 0.4625 287.726 324.314
  20 0.4875 287.356 338.629
  21 0.5125 286.828 360.635
  22 0.5375 287.388 357.838
  23 0.5625 287.718 348.506
  24 0.5875 287.66 330.921
  25 0.6125 287.34 310.593
  26 0.6375 288.682 312.859
  27 0.6625 287.358 318.796
  28 0.6875 288.02 307.963
  29 0.7125 287.508 301.642
  30 0.7375 288.274 300.41
  31 0.7625 288.38 297.288
  32 0.7875 288.112 296.262
  33 0.8125 288.606 285.442
  34 0.8375 288.414 288.907
  35 0.8625 288.93 280.799
  36 0.8875 288.258 283.629
  37 0.9125 288.146 276.358
  38 0.9375 287.274 266.675
  39 0.9625 289.024 264.253
  40 0.9875 287.63 261.791
100000 40 11520.000000000002
  1 0.0125 288.304 250.792
  2 0.0375 287.902 246.492
  3 0.0625 287.736 262.069
  4 0.0875 288.32 270.575
  5 0.1125 287.804 276.856
  6 0.1375 288.242 280.139
  7 0.1625 287.464 282.84
  8 0.1875 287.4 287.088
  9 0.2125 287.864 288.989
  10 0.2375 287.814 301.861
  11 0.2625 288.4 299.763
  12 0.2875 288.002 300.612
  13 0.3125 288.12 299.6
  14 0.3375 287.33 307.447
  15 0.3625 287.55 311.421
  16 0.3875 287.264 321.222
  17 0.4125 287.866 310.676
  18 0.4375 287.534 324.835
  19 0.4625 288.32 336.238
  20 0.4875 287.496 342.956
  21 0.5125 287.264 354.922
  22 0.5375 288.316 357.299
  23 0.5625 287.508 345.787
  24 0.5875 288.202 333.243
  25 0.6125 288.034 323.481
  26 0.6375 287.292 311.741
  27 0.6625 288.894 304.929
  28 0.6875 288.426 309.985
  29 0.7125 288.39 299.607
  30 0.7375 286.846 288.109
  31 0.7625 288.298 292.866
  32 0.7875 288.35 296.854
  33 0.8125 288.964 287.751
  34 0.8375 287.87 283.397
  35 0.8625 287.976 281.021
  36 0.8875 288.714 284.264
  37 0.9125 287.94 283.437
  38 0.9375 288.162 273.24
  39 0.9625 288.67 271.121
  40 0.9875 289.152 257.493
105000 40 11520
  1 0.0125 287.09 250.425
  2 0.0375 290.082 250.655
  3 0.0625 288.678 267.086
  4 0.0875 288.112 276.924
  5 0.1125 287.572 273.646
  6 0.1375 288.236 285.604
  7 0.1625 287.334 289.038
  8 0.1875 288.182 284.629
  9 0.2125 287.898 289.645
  10 0.2375 287.794 292.295
  11 0.2625 287.126 292.029
  12 0.2875 287.866 297.472
  13 0.3125 287.696 296.667
  14 0.3375 288.008 307.372
  15 0.3625 288.092 316.407
  16 0.3875 287.856 316.64
  17 0.4125 287.538 312.363
  18 0.4375 288.142 315.967
  19 0.4625 288.45 332.282
  20 0.4875 287.686 349.241
  21 0.5125 287.536 361.375
  22 0.5375 288.29 359.609
  23 0.5625 288.432 332.774
  24 0.5875 288.388 334.247
  25 0.6125 287.986 326.357
  26 0.6375 287.886 321.205
  27 0.6625 288.124 310.533
  28 0.6875 288.16 304.245
  29 0.7125 287.512 302.227
  30 0.7375 288.174 291.858
  31 0.7625 288.106 284.432
  32 0.7875 288.218 290.008
  33 0.8125 287.782 293.047
  34 0.8375 287.078 287.712
  35 0.8625 287.834 282.086
  36 0.8875 288.984 284.482
  37 0.9125 287.944 280.071
  38 0.9375 288.048 277.715
  39 0.9625 288.112 267.488
  40 0.9875 287.968 256.063
110000 40 11520
  1 0.0125 287.816 247.979
  2 0.0375 288.236 255.915
  3 0.0625 288.086 268.044
  4 0.0875 287.502 267.624
  5 0.1125 287.522 276.105
  6 0.1375 287.798 287.674
  7 0.1625 288.16 284.554
  8 0.1875 286.586 277.449
  9 0.2125 289.05 283.172
  10 0.2375 287.746 299.687
  11 0.2625 289.122 299.095
  12 0.2875 288.058 300.754
  13 0.3125 288.082 309.857
  14 0.3375 287.604 308.228
  15 0.3625 289.234 305.092
  16 0.3875 288.334 317.519
  17 0.4125 286.556 315.882
  18 0.4375 288.02 314.616
  19 0.4625 287.484 331.848
  20 0.4875 286.942 351.882
  21 0.5125 288.116 347.354
  22 0.5375 287.424 363.189
  23 0.5625 288.586 344.946
  24 0.5875 287.312 327.632
  25 0.6125 288.254 315.643
  26 0.6375 288.634 317.306
  27 0.6625 288.184 314.672
  28 0.6875 288.536 315.942
  29 0.7125 288.402 301.904
  30 0.7375 287.542 298.733
  31 0.7625 288.458 293.842
  32 0.7875 288.484 281.826
  33 0.8125 289.14 294.691
  34 0.8375 287.878 284.247
  35 0.8625 288.006 278.042
  36 0.8875 287.85 278.936
  37 0.9125 288.216 275.754
  38 0.9375 287.602 275.629
  39 0.9625 288.306 269.848
  40 0.9875 287.132 259.267
115000 40 11520.000000000002
  1 0.0125 287.92 248.872
  2 0.0375 288.502 248.956
  3 0.0625 287.704 263.827
  4 0.0875 287.59 268.937
  5 0.1125 288.768 263.231
  6 0.1375 287.29 280.657
  7 0.1625 288.94 283.098
  8 0.1875 288.462 287.112
  9 0.2125 288.222 289.379
  10 0.2375 288.12 298.182
  11 0.2625 288.59 295.068
  12 0.2875 287.974 300.684
  13 0.3125 288.164 305.842
  14 0.3375 287.424 307.918
  15 0.3625 287.614 311.313
  16 0.3875 288.278 317.749
  17 0.4125 288.082 328.933
  18 0.4375 288.632 327.939
  19 0.4625 287.574 325.666
  20 0.4875 288.282 346.238
  21 0.5125 287.294 363.076
  22 0.5375 288.046 349.038
  23 0.5625 287.738 334.806
  24 0.5875 288.498 323.807
  25 0.6125 287.824 319.367
  26 0.6375 287.738 313.326
  27 0.6625 287.64 313.752
  28 0.6875 288.314 304.219
  29 0.7125 287.174 303.768
  30 0.7375 287.982 304.595
  31 0.7625 287.226 294.139
  32 0.7875 287.432 293.854
  33 0.8125 287.314 293.892
  34 0.8375 287.908 283.874
  35 0.8625 287.804 274.317
  36 0.8875 288.124 284.146
  37 0.9125 288.384 282.426
  38 0.9375 289.06 273.237
  39 0.9625 288.084 272.13
  40 0.9875 288.284 264.104
120000 40 11520.000000000004
  1 0.0125 287.906 251.126
  2 0.0375 288.26 249.253
  3 0.0625 288.482 258.001
  4 0.0875 288.17 266.092
  5 0.1125 288.626 275.576
  6 0.1375 289.18 282.744
  7 0.1625 289.216 284.694
  8 0.1875 288.184 287.425
  9 0.2125 288.324 291.168
  10 0.2375 287.814 299.505
  11 0.2625 288.964 302.785
  12 0.2875 286.874 314.586
  13 0.3125 288.066 307.857
  14 0.3375 287.804 305.497
  15 0.3625 287.944 310.383
  16 0.3875 287.476 320.802
  17 0.4125 286.948 323.159
  18 0.4375 288.054 325.221
  19 0.4625 287.364 335.003
  20 0.4875 288.662 340.954
  21 0.5125 287.742 358.146
  22 0.5375 287.96 345.958
  23 0.5625 286.574 332.689
  24 0.5875 288.224 318.844
  25 0.6125 287.338 319.323
  26 0.6375 287.644 312.841
  27 0.6625 287.866 313.493
  28 0.6875 287.656 312.34
  29 0.7125 288.752 310.175
  30 0.7375 287.574 304.064
  31 0.7625 287.434 296.586
  32 0.7875 288.148 296.53
  33 0.8125 287.994 287.716
  34 0.8375 288.04 280.929
  35 0.8625 288.298 267.962
  36 0.8875 287.902 280.107
  37 0.9125 287.886 271.568
  38 0.9375 288.5 268.266
  39 0.9625 288.236 268.466
  40 0.9875 287.914 266.314
125000 40 11519.999999999998
  1 0.0125 288.538 254.623
  2 0.0375 288.292 259.335
  3 0.0625 288.016 262.882
  4 0.0875 287.822 271.486
  5 0.1125 288.026 275.549
  6 0.1375 287.898 280.347
  7 0.1625 287.38 280.572
  8 0.1875 287.936 286.14
  9 0.2125 288.378 290.931
  10 0.2375 288.996 303.648
  11 0.2625 287.496 297.308
  12 0.2875 289.146 309.482
  13 0.3125 287.726 304.091
  14 0.3375 288.388 309.751
  15 0.3625 288.21 312.057
  16 0.3875 288.176 321.134
  17 0.4125 287.468 317.561
  18 0.4375 288.1 335.977
  19 0.4625 287.16 338.842
  20 0.4875 287.552 335.119
  21 0.5125 287.304 353.379
  22 0.5375 287.018 359.39
  23 0.5625 288.202 327.703
  24 0.5875 287.64 322.827
  25 0.6125 288.002 323.139
  26 0.6375 288.054 320.165
  27 0.6625 288.452 313.028
  28 0.6875 287.994 304.573
  29 0.7125 287.626 300.417
  30 0.7375 287.73 300.967
  31 0.7625 288.864 289.237
  32 0.7875 288.088 286.978
  33 0.8125 287.494 292
  34 0.8375 288.374 281.694
  35 0.8625 288.544 272.327
  36 0.8875 288.06 280.603
  37 0.9125 288.13 272.755
  38 0.9375 288.422 268.456
  39 0.9625 287.292 265.527
  40 0.9875 288.006 262.171
130000 40 11520
  1 0.0125 287.37 252.472
  2 0.0375 288.538 252.727
  3 0.0625 287.532 263.905
  4 0.0875 288.522 268.339
  5 0.1125 288.048 280.301
  6 0.1375 286.834 279.985
  7 0.1625 287.578 284.73
  8 0.1875 287.046 288.388
  9 0.2125 288.742 288.708
  10 0.2375 287.608 293.711
  11 0.2625 288.022 298.246
  12 0.2875 287.95 294.732
  13 0.3125 287.464 307.65
  14 0.3375 287.57 308.673
  15 0.3625 287.86 318.823
  16 0.3875 287.12 320.25
  17 0.4125 288.482 329.621
  18 0.4375 288.56 323.985
  19 0.4625 288.074 336.119
  20 0.4875 288.374 337.714
  21 0.5125 288.504 350.441
  22 0.5375 288.4 348.814
  23 0.5625 288.868 334.69
  24 0.5875 288.432 329.561
  25 0.6125 288.102 322.889
  26 0.6375 288.48 321.908
  27 0.6625 288.164 310.397
  28 0.6875 286.882 311.386
  29 0.7125 287.484 303.228
  30 0.7375 288.58 290.629
  31 0.7625 288.188 291.902
  32 0.7875 287.664 292.546
  33 0.8125 288.45 289.741
  34 0.8375 287.65 284.625
  35 0.8625 287.632 275.921
  36 0.8875 289.562 273.51
  37 0.9125 287.438 274.415
  38 0.9375 288.114 279.061
  39 0.9625 288.12 273.361
  40 0.9875 287.992 255.171
135000 40 11519.999999999998
  1 0.0125 286.882 247.135
  2 0.0375 288.262 248.574
  3 0.0625 288.112 257.019
  4 0.0875 287.912 273.41
  5 0.1125 288.044 278.626
  6 0.1375 288.1 278.396
  7 0.1625 287.496 281.143
  8 0.1875 287.692 285.916
  9 0.2125 288.536 285.879
  10 0.2375 288.256 298.399
  11 0.2625 288.924 293.828
  12 0.2875 288.406 301.567
  13 0.3125 288.116 309.455
  14 0.3375 287.59 319.348
  15 0.3625 287.882 315.818
  16 0.3875 287.82 315.455
  17 0.4125 287.758 323.6
  18 0.4375 288.742 327.357
  19 0.4625 287.434 330.613
  20 0.4875 287.62 332.535
  21 0.5125 287.58 347.332
  22 0.5375 288.134 348.397
  23 0.5625 288.192 332.794
  24 0.5875 287.254 322.175
  25 0.6125 289.052 328.07
  26 0.6375 288.766 334.493
  27 0.6625 287.82 322.256
  28 0.6875 288.108 315.539
  29 0.7125 289.136 304.67
  30 0.7375 287.546 299.936
  31 0.7625 287.868 300.285
  32 0.7875 288.406 286.373
  33 0.8125 288.204 292.487
  34 0.8375 288.506 276.8
  35 0.8625 287.354 283.461
  36 0.8875 288.09 278.041
  37 0.9125 287.978 282.116
  38 0.9375 286.756 278.616
  39 0.9625 287.672 258.372
  40 0.9875 287.994 247.55
140000 40 11520.000000000002
  1 0.0125 288.534 245.637
  2 0.0375 288.618 244.186
  3 0.0625 288.256 262.654
  4 0.0875 288.336 266.641
  5 0.1125 288.432 277.79
  6 0.1375 287.938 279.285
  7 0.1625 287.946 279.467
  8 0.1875 288.264 282.922
  9 0.2125 287.54 288.084
  10 0.2375 287.448 293.091
  11 0.2625 287.19 295.899
  12 0.2875 288.106 301.52
  13 0.3125 287.746 294.194
  14 0.3375 287.308 298.916
  15 0.3625 287.732 320.145
  16 0.3875 287.158 318.252
  17 0.4125 288.848 322.668
  18 0.4375 287.164 331.848
  19 0.4625 287.624 331.28
  20 0.4875 288.434 332.065
  21 0.5125 287.458 349.297
  22 0.5375 287.938 350.404
  23 0.5625 286.79 350.201
  24 0.5875 288.076 324.757
  25 0.6125 287.818 328.919
  26 0.6375 288.006 324.393
  27 0.6625 288.386 304.461
  28 0.6875 288.3 310.946
  29 0.7125 288.15 313.53
  30 0.7375 288.958 305.002
  31 0.7625 288.87 299.496
  32 0.7875 288.344 295.753
  33 0.8125 288.09 292.562
  34 0.8375 287.666 289.144
  35 0.8625 288.046 283.461
  36 0.8875 288.436 286.521
  37 0.9125 288.712 277.462
  38 0.9375 287.856 268.817
  39 0.9625 288.298 266.823
  40 0.9875 287.18 254.711
145000 40 11519.999999999998
  1 0.0125 288.268 250.51
  2 0.0375 287.812 249.463
  3 0.0625 288.592 267.192
  4 0.0875 289.036 265.803
  5 0.1125 287.344 278.61
  6 0.1375 288.05 282.202
  7 0.1625 289.166 277.495
  8 0.1875 287.782 277.971
  9 0.2125 287.982 290.823
  10 0.2375 288.016 297.102
  11 0.2625 287.384 302.464
  12 0.2875 288.158 299.683
  13 0.3125 286.438 299.702
  14 0.3375 287.17 301.739
  15 0.3625 288.47 304.312
  16 0.3875 287.342 307.638
  17 0.4125 287.624 317.573
  18 0.4375 287.002 326.866
  19 0.4625 287.012 330.558
  20 0.4875 287.928 342.192
  21 0.5125 287.506 351.195
  22 0.5375 287.656 357.129
  23 0.5625 287.876 347.075
  24 0.5875 287.502 335.603
  25 0.6125 288.498 331.854
  26 0.6375 288.272 321.036
  27 0.6625 288.182 309.141
  28 0.6875 288.132 308.43
  29 0.7125 288.408 303.344
  30 0.7375 288.338 304.452
  31 0.7625 288.09 299.441
  32 0.7875 287.904 294.03
  33 0.8125 286.662 295.838
  34 0.8375 288.142 286.366
  35 0.8625 288.452 285.147
  36 0.8875 287.668 275.675
  37 0.9125 289.272 274.84
  38 0.9375 289.464 266.804
  39 0.9625 288.776 262.827
  40 0.9875 288.624 264.217
150000 40 11520.000000000002
  1 0.0125 287.528 257.919
  2 0.0375 288.792 247.758
  3 0.0625 288.078 258.332
  4 0.0875 288.8 265.751
  5 0.1125 288.334 276.553
  6 0.1375 287.296 286.617
  7 0.1625 288.714 280.049
  8 0.1875 287.092 276.377
  9 0.2125 288.67 284.176
  10 0.2375 287.278 298.052
  11 0.2625 287.484 290.057
  12 0.2875 287.5 294.642
  13 0.3125 288.858 299.96
  14 0.3375 287.092 300.134
  15 0.3625 287.484 306.867
  16 0.3875 288.35 313.349
  17 0.4125 287.238 314.715
  18 0.4375 287.778 319.846
  19 0.4625 287.81 338.125
  20 0.4875 287.618 347.394
  21 0.5125 287.9 361.543
  22 0.5375 286.934 364.804
  23 0.5625 288.366 351.887
  24 0.5875 288.224 340.87
  25 0.6125 287.068 320.068
  26 0.6375 287.572 308.28
  27 0.6625 288.916 307.689
  28 0.6875 287.594 307.79
  29 0.7125 288.68 303.17
  30 0.7375 287.916 301.691
  31 0.7625 288.554 304.215
  32 0.7875 288.392 296.295
  33 0.8125 287.976 293.174
  34 0.8375 288.594 280.843
  35 0.8625 288.192 276.603
  36 0.8875 287.668 281.778
  37 0.9125 288.072 277.447
  38 0.9375 288.482 275.517
  39 0.9625 288.458 266.532
  40 0.9875 288.648 264.907
155000 40 11519.999999999998
  1 0.0125 288.342 248.76
  2 0.0375 288.29 252.375
  3 0.0625 288.1 262.603
  4 0.0875 288.186 262.676
  5 0.1125 287.458 273.771
  6 0.1375 287.97 278.177
  7 0.1625 287.914 280.71
  8 0.1875 287.716 289.231
  9 0.2125 287.87 285.073
  10 0.2375 286.884 292.984
  11 0.2625 288.378 298.224
  12 0.2875 287.812 299.521
  13 0.3125 287.226 303.603
  14 0.3375 287.978 306.799
  15 0.3625 287.748 308.156
  16 0.3875 287.538 315.637
  17 0.4125 288.566 319.724
  18 0.4375 288.454 326.087
  19 0.4625 287.964 334.658
  20 0.4875 288.994 337.493
  21 0.5125 288.362 352.961
  22 0.5375 288.69 353.211
  23 0.5625 288.944 349.386
  24 0.5875 288.334 333.027
  25 0.6125 288.384 322.072
  26 0.6375 287.692 317.808
  27 0.6625 288.132 309.868
  28 0.6875 288.488 311.219
  29 0.7125 287.54 302.814
  30 0.7375 288.122 308.195
  31 0.7625 288.448 295.875
  32 0.7875 287.652 298.953
  33 0.8125 288.16 284.065
  34 0.8375 286.97 283.188
  35 0.8625 288.054 269.587
  36 0.8875 287.234 280.929
  37 0.9125 288.216 284.47
  38 0.9375 287.918 278.974
  39 0.9625 287.544 268.008
  40 0.9875 287.728 261.451
160000 40 11520
  1 0.0125 286.588 250.361
  2 0.0375 287.664 252.335
  3 0.0625 287.55 255.862
  4 0.0875 287.82 266.564
  5 0.1125 287.548 269.554
  6 0.1375 289.166 279.325
  7 0.1625 287.386 273.181
  8 0.1875 287.82 280.425
  9 0.2125 288.576 290.609
  10 0.2375 287.776 297.393
  11 0.2625 288.688 314.746
  12 0.2875 288.452 304.066
  13 0.3125 286.948 296.459
  14 0.3375 287.432 311.909
  15 0.3625 288.312 308.223
  16 0.3875 288.396 306.619
  17 0.4125 287.384 310.873
  18 0.4375 288.45 316.048
  19 0.4625 288.134 326.101
  20 0.4875 287.62 328.67
  21 0.5125 288.046 357.616
  22 0.5375 286.93 356.294
  23 0.5625 288.652 336.936
  24 0.5875 288.71 330.083
  25 0.6125 289.616 324.23
  26 0.6375 288.226 324.713
  27 0.6625 288.714 317.212
  28 0.6875 288.362 310.131
  29 0.7125 288.25 316.801
  30 0.7375 288.748 306.053
  31 0.7625 288.626 294.758
  32 0.7875 287.622 293.284
  33 0.8125 287.632 290.026
  34 0.8375 288.096 288.654
  35 0.8625 287.048 277.043
  36 0.8875 287.026 282.539
  37 0.9125 287.518 281.124
  38 0.9375 287.402 279.889
  39 0.9625 288.92 276.828
  40 0.9875 288.146 259.434
165000 40 11519.999999999996
  1 0.0125 287.736 250.776
  2 0.0375 287.388 249.373
  3 0.0625 288.478 259.008
  4 0.0875 286.826 266.552
  5 0.1125 288.064 267.681
  6 0.1375 287.482 272.955
  7 0.1625 287.538 267.772
  8 0.1875 287.568 290.428
  9 0.2125 287.18 292.12
  10 0.2375 287.77 297.299
  11 0.2625 287.708 295.587
  12 0.2875 287.542 296.731
  13 0.3125 287.566 302.583
  14 0.3375 288.446 308.569
  15 0.3625 287.882 309.516
  16 0.3875 288.964 320.233
  17 0.4125 288.922 324.838
  18 0.4375 287.982 312.301
  19 0.4625 288.34 316.282
  20 0.4875 287.666 341.313
  21 0.5125 287.206 359.137
  22 0.5375 287.668 352.22
  23 0.5625 288.008 344.792
  24 0.5875 287.682 333.163
  25 0.6125 287.73 314.409
  26 0.6375 288.116 308.591
  27 0.6625 288.09 306.716
  28 0.6875 287.946 314.386
  29 0.7125 287.702 316.005
  30 0.7375 289.32 306.646
  31 0.7625 288.274 299.486
  32 0.7875 288.618 296.303
  33 0.8125 288.194 296.787
  34 0.8375 289.428 294.245
  35 0.8625 287.194 290.22
  36 0.8875 288.342 278.677
  37 0.9125 288.41 277.917
  38 0.9375 288.438 275.665
  39 0.9625 288.328 276.127
  40 0.9875 288.258 260.282
170000 40 11520.000000000004
  1 0.0125 288.948 254.714
  2 0.0375 288.158 242.185
  3 0.0625 288.286 253.496
  4 0.0875 287.942 270.944
  5 0.1125 287.65 275.102
  6 0.1375 288.594 271.169
  7 0.1625 288.222 268.646
  8 0.1875 287.584 279.939
  9 0.2125 286.602 290.854
  10 0.2375 287.42 295.936
  11 0.2625 288.436 294.615
  12 0.2875 287.248 294.503
  13 0.3125 288.208 304.101
  14 0.3375 287.358 312.468
  15 0.3625 288.786 313.173
  16 0.3875 287.806 320.716
  17 0.4125 287.03 320.631
  18 0.4375 287.964 316.145
  19 0.4625 287.698 317.838
  20 0.4875 288.234 337.595
  21 0.5125 288.41 356.657
  22 0.5375 287.318 351.376
  23 0.5625 287.358 339.643
  24 0.5875 288.674 330.209
  25 0.6125 287.28 322.28
  26 0.6375 288.524 314.357
  27 0.6625 288.452 308.029
  28 0.6875 288.066 306.164
  29 0.7125 287.498 309.377
  30 0.7375 288.668 311.367
  31 0.7625 287.486 306.343
  32 0.7875 287.884 300.949
  33 0.8125 288.206 293.369
  34 0.8375 289.122 293.916
  35 0.8625 286.87 293.361
  36 0.8875 288.558 278.444
  37 0.9125 287.608 280.771
  38 0.9375 289.154 277.734
  39 0.9625 288.152 270.684
  40 0.9875 288.538 264.395
175000 40 11520
  1 0.0125 288.568 249.266
  2 0.0375 287.896 251.554
  3 0.0625 287.796 258.426
  4 0.0875 288.374 264.439
  5 0.1125 288.358 269.583
  6 0.1375 287.666 281.426
  7 0.1625 288.248 277.162
  8 0.1875 287.48 287.097
  9 0.2125 288.048 287.627
  10 0.2375 288.534 290.903
  11 0.2625 288.078 289.169
  12 0.2875 288.084 296.582
  13 0.3125 287.78 300.518
  14 0.3375 288.386 308.085
  15 0.3625 288.412 309.886
  16 0.3875 288.268 313.922
  17 0.4125 287.146 315.474
  18 0.4375 288.414 317.981
  19 0.4625 287.46 318.08
  20 0.4875 287.306 340.212
  21 0.5125 287.976 347.984
  22 0.5375 288.026 356.915
  23 0.5625 287.616 350.965
  24 0.5875 287.328 333.331
  25 0.6125 287.546 331.568
  26 0.6375 287.646 321.01
  27 0.6625 288.322 303.245
  28 0.6875 287.66 308.782
  29 0.7125 288.15 313.485
  30 0.7375 287.81 307.575
  31 0.7625 287.822 299.91
  32 0.7875 289.004 290.163
  33 0.8125 287.492 295.685
  34 0.8375 288.448 294.379
  35 0.8625 289.08 285.902
  36 0.8875 286.2 282.029
  37 0.9125 287.936 280.624
  38 0.9375 288.618 278.17
  39 0.9625 288.4 272.296
  40 0.9875 288.618 262.121
180000 40 11519.999999999996
  1 0.0125 288.024 244.571
  2 0.0375 288.406 239.762
  3 0.0625 288.006 260.177
  4 0.0875 287.388 264.809
  5 0.1125 287.676 270.15
  6 0.1375 288.77 278.511
  7 0.1625 287.794 273.127
  8 0.1875 287.024 283.682
  9 0.2125 287.704 285.662
  10 0.2375 287.95 286.941
  11 0.2625 288.096 288.741
  12 0.2875 287.698 292.848
  13 0.3125 288.228 306.926
  14 0.3375 287.596 307.397
  15 0.3625 287.268 305.729
  16 0.3875 287.396 312.139
  17 0.4125 287.846 308.4
  18 0.4375 288.162 322.227
  19 0.4625 287.478 332.489
  20 0.4875 288.79 335.973
  21 0.5125 287.346 354.734
  22 0.5375 287.93 363.418
  23 0.5625 288.908 349.339
  24 0.5875 289.152 337.605
  25 0.6125 287.384 328.608
  26 0.6375 287.982 313.713
  27 0.6625 288.618 314.168
  28 0.6875 289.176 315.374
  29 0.7125 287.276 317.785
  30 0.7375 288.408 301.428
  31 0.7625 288.532 288.869
  32 0.7875 288.532 298.697
  33 0.8125 287.222 294.534
  34 0.8375 287.81 294.524
  35 0.8625 287.848 288.984
  36 0.8875 287.952 288.598
  37 0.9125 287.318 280.138
  38 0.9375 288.726 275.987
  39 0.9625 287.672 275.259
  40 0.9875 288.908 258.709
185000 40 11519.999999999998
  1 0.0125 288.002 246.84
  2 0.0375 288.408 242.718
  3 0.0625 287.61 256.391
  4 0.0875 288.088 267.475
  5 0.1125 287.826 270.721
  6 0.1375 288.234 268.885
  7 0.1625 287.366 275.02
  8 0.1875 287.406 281.537
  9 0.2125 288.73 287.284
  10 0.2375 287.99 285.097
  11 0.2625 288.494 290.64
  12 0.2875 288.204 296.125
  13 0.3125 287.626 308.71
  14 0.3375 287.574 313.309
  15 0.3625 288.334 307.385
  16 0.3875 288.436 311.008
  17 0.4125 288.188 314.361
  18 0.4375 288.284 321.338
  19 0.4625 287.528 337.071
  20 0.4875 287.81 338.445
  21 0.5125 288.14 354.421
  22 0.5375 288.028 353.778
  23 0.5625 288.806 349.555
  24 0.5875 286.462 343.376
  25 0.6125 288.758 333.833
  26 0.6375 288.426 315.797
  27 0.6625 288.386 325.373
  28 0.6875 289.184 310.012
  29 0.7125 287.942 303.229
  30 0.7375 287.342 291.776
  31 0.7625 288.222 288.341
  32 0.7875 288.792 296.471
  33 0.8125 287.476 299.265
  34 0.8375 288.05 295.67
  35 0.8625 287.416 292.066
  36 0.8875 287.264 290.666
  37 0.9125 287.942 276.64
  38 0.9375 287.172 279.669
  39 0.9625 288.306 265.372
  40 0.9875 287.748 255.049
190000 40 11519.999999999998
  1 0.0125 287.43 245.165
  2 0.0375 288.234 248.192
  3 0.0625 287.644 263.89
  4 0.0875 288.42 270.521
  5 0.1125 288.486 271.717
  6 0.1375 288.082 275.777
  7 0.1625 288.43 275.775
  8 0.1875 287.852 276.53
  9 0.2125 288.562 288.702
  10 0.2375 288.442 290.726
  11 0.2625 287.044 297.517
  12 0.2875 288.042 290.203
  13 0.3125 288.85 308.005
  14 0.3375 289.174 316.418
  15 0.3625 287.358 308.109
  16 0.3875 288.184 318.62
  17 0.4125 288.324 317.676
  18 0.4375 287.724 319.763
  19 0.4625 289.026 332.601
  20 0.4875 288.368 344.662
  21 0.5125 286.186 362.028
  22 0.5375 287.5 351.931
  23 0.5625 287.674 350.412
  24 0.5875 287.452 331.986
  25 0.6125 288.938 321.542
  26 0.6375 287.23 320.838
  27 0.6625 288.176 313.328
  28 0.6875 287.094 317.474
  29 0.7125 287.146 313.936
  30 0.7375 288.678 295.504
  31 0.7625 288.362 294.375
  32 0.7875 287.564 298.185
  33 0.8125 287.714 289.169
  34 0.8375 288.21 291.896
  35 0.8625 289.168 290.149
  36 0.8875 287.61 290.787
  37 0.9125 288.21 273.795
  38 0.9375 287.468 268.011
  39 0.9625 288 256.126
  40 0.9875 287.944 250.739
195000 40 11520.000000000004
  1 0.0125 289.142 250.043
  2 0.0375 287.882 244.988
  3 0.0625 288.462 258.769
  4 0.0875 287.5 266.921
  5 0.1125 288.022 266.899
  6 0.1375 288.89 273.674
  7 0.1625 288.936 275.714
  8 0.1875 287.44 274.455
  9 0.2125 287.604 285.413
  10 0.2375 287.862 300.86
  11 0.2625 288.014 296.228
  12 0.2875 288.192 295.07
  13 0.3125 287.248 307.003
  14 0.3375 287.822 306.499
  15 0.3625 286.914 312.564
  16 0.3875 287.922 328.826
  17 0.4125 287.886 320.701
  18 0.4375 287.88 327.323
  19 0.4625 288.11 326.406
  20 0.4875 287.226 341.409
  21 0.5125 287.31 357.88
  22 0.5375 288.404 358.329
  23 0.5625 288.298 334.468
  24 0.5875 287.086 325.688
  25 0.6125 286.902 336.868
  26 0.6375 287.408 324.891
  27 0.6625 288.396 310.326
  28 0.6875 287.85 305.741
  29 0.7125 288.522 299.374
  30 0.7375 287.29 299.345
  31 0.7625 287 300.789
  32 0.7875 287.368 289.371
  33 0.8125 287.902 296.028
  34 0.8375 289.02 294.227
  35 0.8625 288.992 297.714
  36 0.8875 288.818 281.214
  37 0.9125 288.216 277.524
  38 0.9375 288.9 274.553
  39 0.9625 288.574 258.614
  40 0.9875 288.79 258.338
200000 40 11519.999999999998
  1 0.0125 288.47 243.05
  2 0.0375 287.208 240.771
  3 0.0625 289.332 251.941
  4 0.0875 288.084 267.088
  5 0.1125 287.352 272.332
  6 0.1375 288.078 271.15
  7 0.1625 288.312 269.709
  8 0.1875 287.994 278.31
  9 0.2125 287.832 286.737
  10 0.2375 287.66 299.903
  11 0.2625 288.126 296.116
  12 0.2875 288.202 299.938
  13 0.3125 288.184 311.772
  14 0.3375 288.11 316.519
  15 0.3625 288.966 324.785
  16 0.3875 287.702 325.22
  17 0.4125 288.564 315.092
  18 0.4375 287.304 322.461
  19 0.4625 287.872 309.521
  20 0.4875 288.024 341.046
  21 0.5125 287.366 354.386
  22 0.5375 286.834 358.145
  23 0.5625 287.73 342.656
  24 0.5875 287.31 329.817
  25 0.6125 287.156 340.94
  26 0.6375 288.202 321.821
  27 0.6625 287.584 325.157
  28 0.6875 287.128 309.018
  29 0.7125 288.21 299.354
  30 0.7375 288.14 296.521
  31 0.7625 287.21 298.716
  32 0.7875 289.528 293.168
  33 0.8125 288.424 287.138
  34 0.8375 288.714 291.136
  35 0.8625 288.282 295.698
  36 0.8875 287.998 283.811
  37 0.9125 288.464 274.039
  38 0.9375 288.268 276.875
  39 0.9625 287.614 264.031
  40 0.9875 288.462 256.983
205000 40 11520.000000000002
  1 0.0125 287.606 241.298
  2 0.0375 288.332 237.472
  3 0.0625 287.638 250.043
  4 0.0875 288.794 266.331
  5 0.1125 286.514 274.396
  6 0.1375 288.008 277.905
  7 0.1625 287.696 276.411
  8 0.1875 289.03 282.931
  9 0.2125 288.06 286.389
  10 0.2375 288.776 293.176
  11 0.2625 287.874 298.513
  12 0.2875 286.962 293.086
  13 0.3125 287.908 295.009
  14 0.3375 286.874 308.652
  15 0.3625 287.73 312.464
  16 0.3875 288.166 320.577
  17 0.4125 287.22 321.92
  18 0.4375 288.68 319.284
  19 0.4625 287.716 319.247
  20 0.4875 288.756 337.194
  21 0.5125 288.306 360.883
  22 0.5375 288.558 365.459
  23 0.5625 288.956 351.505
  24 0.5875 288.118 339.189
  25 0.6125 287.744 334.739
  26 0.6375 287.692 321.384
  27 0.6625 289.242 316.493
  28 0.6875 287.374 309.853
  29 0.7125 287.84 310.68
  30 0.7375 287.15 300.622
  31 0.7625 287.94 295.673
  32 0.7875 288.466 286.471
  33 0.8125 286.662 284.922
  34 0.8375 287.544 286.548
  35 0.8625 288.08 290.701
  36 0.8875 287.352 282.365
  37 0.9125 289.398 280.127
  38 0.9375 287.476 276.599
  39 0.9625 288.84 273.217
  40 0.9875 288.922 260.307
210000 40 11520.000000000004
  1 0.0125 288.71 243.419
  2 0.0375 287.812 241.791
  3 0.0625 288.512 256.345
  4 0.0875 287.648 261.69
  5 0.1125 288.04 268.507
  6 0.1375 288.122 270.599
  7 0.1625 287.39 279.141
  8 0.1875 287.56 283.446
  9 0.2125 288.032 277.972
  10 0.2375 287.424 286.005
  11 0.2625 287.802 286.022
  12 0.2875 288.05 295.32
  13 0.3125 287.958 306.234
  14 0.3375 287.444 299.834
  15 0.3625 288.734 301.464
  16 0.3875 288.436 312.461
  17 0.4125 287.596 311.798
  18 0.4375 288.744 323.318
  19 0.4625 288.752 333.892
  20 0.4875 287.972 332.221
  21 0.5125 288.022 358.259
  22 0.5375 288.982 364.514
  23 0.5625 288.058 349.907
  24 0.5875 287.604 333.5
  25 0.6125 288.246 331.558
  26 0.6375 288.328 332.251
  27 0.6625 287.268 320.315
  28 0.6875 288.174 314.332
  29 0.7125 288.15 311.229
  30 0.7375 287.996 300.632
  31 0.7625 288.206 299.934
  32 0.7875 288.478 290.637
  33 0.8125 287.832 298.632
  34 0.8375 287.1 296.957
  35 0.8625 288.084 292.069
  36 0.8875 287.944 292.616
  37 0.9125 287.806 282.342
  38 0.9375 287.888 271.669
  39 0.9625 288.058 270.604
  40 0.9875 287.038 258.245
215000 40 11520
  1 0.0125 288.026 255.627
  2 0.0375 287.826 249.107
  3 0.0625 288.53 260.188
  4 0.0875 288.144 265.35
  5 0.1125 288.664 259.431
  6 0.1375 287.23 269.857
  7 0.1625 287.582 276.193
  8 0.1875 288.6 279.199
  9 0.2125 287.248 282.116
  10 0.2375 288.318 284.52
  11 0.2625 287.606 295.298
  12 0.2875 288.222 297.259
  13 0.3125 289.13 296.772
  14 0.3375 288.682 306.824
  15 0.3625 288.544 310.939
  16 0.3875 289.248 307.276
  17 0.4125 287.742 322.574
  18 0.4375 288.46 336.252
  19 0.4625 288.642 335.784
  20 0.4875 287.684 339.423
  21 0.5125 287.094 343.352
  22 0.5375 288.476 346.03
  23 0.5625 287.196 350.372
  24 0.5875 287.784 333.358
  25 0.6125 287.112 333.077
  26 0.6375 287.326 325.812
  27 0.6625 286.902 319.135
  28 0.6875 287.754 311.358
  29 0.7125 287.812 310.906
  30 0.7375 287.762 301.204
  31 0.7625 288.754 303.139
  32 0.7875 288.544 302.901
  33 0.8125 287.858 288.085
  34 0.8375 287.42 288.666
  35 0.8625 287.954 290.453
  36 0.8875 288.138 286.372
  37 0.9125 288.792 279.942
  38 0.9375 287.41 274.832
  39 0.9625 287.034 263.48
  40 0.9875 288.75 258.565
220000 40 11520.000000000002
  1 0.0125 288.436 248.03
  2 0.0375 289.312 249.199
  3 0.0625 288.062 261.592
  4 0.0875 288.344 266.457
  5 0.1125 287.818 274.269
  6 0.1375 287.652 279.902
  7 0.1625 287.756 283.464
  8 0.1875 288.338 285.877
  9 0.2125 287.034 291.572
  10 0.2375 287.968 286.205
  11 0.2625 287.49 290.106
  12 0.2875 288.494 302.691
  13 0.3125 287.85 303.705
  14 0.3375 287.872 307.211
  15 0.3625 286.834 309.961
  16 0.3875 288.546 316.545
  17 0.4125 287.508 323.062
  18 0.4375 288.478 328.957
  19 0.4625 288.09 332.212
  20 0.4875 288.068 335.195
  21 0.5125 287.542 348.666
  22 0.5375 287.624 354.551
  23 0.5625 288.972 334.601
  24 0.5875 288.454 335.847
  25 0.6125 288.368 322.797
  26 0.6375 287.332 316.167
  27 0.6625 287.772 331.08
  28 0.6875 288.66 320.032
  29 0.7125 286.994 304.614
  30 0.7375 288.308 303.404
  31 0.7625 287.324 296.94
  32 0.7875 287.436 295.771
  33 0.8125 287.134 283.944
  34 0.8375 288.716 285.544
  35 0.8625 287.684 283.101
  36 0.8875 288.684 283.438
  37 0.9125 287.82 279.605
  38 0.9375 288.232 272.529
  39 0.9625 288.736 260.951
  40 0.9875 288.258 253.957
225000 40 11520
  1 0.0125 287.45 242.699
  2 0.0375 287.958 244.656
  3 0.0625 288.416 264.313
  4 0.0875 288.318 271.128
  5 0.1125 288.37 277.969
  6 0.1375 288.804 278.469
  7 0.1625 288.206 281.854
  8 0.1875 287.966 286.471
  9 0.2125 287.682 289.007
  10 0.2375 287.868 297.161
  11 0.2625 287.11 289.893
  12 0.2875 287.34 299.338
  13 0.3125 288.958 312.674
  14 0.3375 287.964 314.115
  15 0.3625 288.236 315.269
  16 0.3875 288.09 327.99
  17 0.4125 286.94 324.769
  18 0.4375 288.25 320.961
  19 0.4625 287.504 320.955
  20 0.4875 287.438 334.598
  21 0.5125 287.22 348.464
  22 0.5375 287.54 345.985
  23 0.5625 288.05 342.031
  24 0.5875 287.83 330.703
  25 0.6125 287.168 327.957
  26 0.6375 288.006 325.659
  27 0.6625 287.714 322.693
  28 0.6875 287.784 313.095
  29 0.7125 288.578 304.081
  30 0.7375 288.502 298.523
  31 0.7625 288.798 302.604
  32 0.7875 287.848 292.835
  33 0.8125 289.848 282.017
  34 0.8375 287.522 286.374
  35 0.8625 288.42 288.935
  36 0.8875 287.51 278.523
  37 0.9125 288.336 273.7
  38 0.9375 288.014 268.773
  39 0.9625 288.24 262.623
  40 0.9875 288.204 252.02
230000 40 11520.000000000004
  1 0.0125 288.714 239.979
  2 0.0375 287.99 248.281
  3 0.0625 287.89 258.75
  4 0.0875 287.3 270.294
  5 0.1125 288.992 275.329
  6 0.1375 288.622 284.766
  7 0.1625 287.776 280.256
  8 0.1875 288.474 286.124
  9 0.2125 288.864 292.725
  10 0.2375 287.462 298.278
  11 0.2625 287.92 287.181
  12 0.2875 288.222 297.561
  13 0.3125 288.408 308.186
  14 0.3375 287.838 313.845
  15 0.3625 287.086 314.895
  16 0.3875 287.894 315.814
  17 0.4125 288.31 321.482
  18 0.4375 287.194 330.218
  19 0.4625 288.21 331.942
  20 0.4875 288.292 334.388
  21 0.5125 287.354 351.559
  22 0.5375 288 356.468
  23 0.5625 287.562 337.616
  24 0.5875 288.692 328.163
  25 0.6125 287.864 327.795
  26 0.6375 287.788 319.133
  27 0.6625 287.532 312.825
  28 0.6875 287.83 314.098
  29 0.7125 287.968 311.309
  30 0.7375 287.59 298.851
  31 0.7625 288.428 293.605
  32 0.7875 287.796 285.737
  33 0.8125 288.43 282.382
  34 0.8375 287.916 286.82
  35 0.8625 287.796 297.833
  36 0.8875 287.376 276.299
  37 0.9125 289.102 273.354
  38 0.9375 287.788 270.256
  39 0.9625 288.112 269.314
  40 0.9875 287.618 259.347
235000 40 11520.000000000002
  1 0.0125 288.398 251.765
  2 0.0375 288.27 252.235
  3 0.0625 288.14 257.971
  4 0.0875 287.98 265.756
  5 0.1125 287.696 274.152
  6 0.1375 286.726 284.413
  7 0.1625 288.386 281.912
  8 0.1875 287.294 277.769
  9 0.2125 287.606 299.125
  10 0.2375 288.816 292.507
  11 0.2625 287.99 283.403
  12 0.2875 287.428 296.574
  13 0.3125 288.364 310.875
  14 0.3375 287.232 309.257
  15 0.3625 288.074 309.771
  16 0.3875 288.556 312.914
  17 0.4125 287.784 319.801
  18 0.4375 287.276 324.295
  19 0.4625 288.646 339.501
  20 0.4875 287.694 350.634
  21 0.5125 288.106 357.806
  22 0.5375 288.274 351.971
  23 0.5625 289 332.057
  24 0.5875 287.856 329.451
  25 0.6125 287.832 320.928
  26 0.6375 288.146 322.206
  27 0.6625 288.624 322.078
  28 0.6875 287.846 307.621
  29 0.7125 288.296 300.53
  30 0.7375 287.874 296.134
  31 0.7625 286.918 288.242
  32 0.7875 288.762 284.505
  33 0.8125 288.08 284.446
  34 0.8375 288.16 290.628
  35 0.8625 287.35 288.077
  36 0.8875 287.522 277.804
  37 0.9125 288.7 276.769
  38 0.9375 287.658 272.225
  39 0.9625 288.85 277.215
  40 0.9875 287.79 266.189
240000 40 11519.999999999998
  1 0.0125 288.668 256.549
  2 0.0375 287.176 252.373
  3 0.0625 289.16 246.125
  4 0.0875 288.18 262.989
  5 0.1125 288.364 275.787
  6 0.1375 288.82 279.786
  7 0.1625 287.592 278.71
  8 0.1875 288.82 288.057
  9 0.2125 288.19 296.641
  10 0.2375 288.27 298.103
  11 0.2625 288.03 298.067
  12 0.2875 288.518 297.761
  13 0.3125 287.8 298.124
  14 0.3375 288.326 298.974
  15 0.3625 286.786 302.205
  16 0.3875 288.698 310.008
  17 0.4125 287.504 323.967
  18 0.4375 288.49 326.419
  19 0.4625 288.012 337.364
  20 0.4875 287.826 343.801
  21 0.5125 288.314 358.575
  22 0.5375 288.668 353.681
  23 0.5625 287.5 338.707
  24 0.5875 287.642 324.002
  25 0.6125 287.314 327.599
  26 0.6375 287.492 327.675
  27 0.6625 288.082 317.893
  28 0.6875 287.66 311.22
  29 0.7125 288.608 303.849
  30 0.7375 287.622 302.895
  31 0.7625 287.614 301.056
  32 0.7875 288.062 282.719
  33 0.8125 287.05 287.796
  34 0.8375 287.61 282.52
  35 0.8625 287.778 285.691
  36 0.8875 287.844 279.43
  37 0.9125 288.188 280.527
  38 0.9375 288.126 273.58
  39 0.9625 287.634 268.121
  40 0.9875 287.962 262.785
245000 40 11520.000000000002
  1 0.0125 289.446 244.287
  2 0.0375 287.866 249.142
  3 0.0625 288.002 259.943
  4 0.0875 288.652 264.896
  5 0.1125 288.274 269.693
  6 0.1375 287.54 270.329
  7 0.1625 288.214 276.006
  8 0.1875 287.748 290.805
  9 0.2125 288.236 296.479
  10 0.2375 287.922 295.929
  11 0.2625 288.398 287.395
  12 0.2875 287.146 297.371
  13 0.3125 288.86 299.702
  14 0.3375 288.458 301.318
  15 0.3625 287.798 309.641
  16 0.3875 288.402 324.082
  17 0.4125 287.39 327.694
  18 0.4375 287.474 331.758
  19 0.4625 287.562 329.068
  20 0.4875 287.2 343.832
  21 0.5125 287.932 354.587
  22 0.5375 287.898 351.648
  23 0.5625 288.094 329.565
  24 0.5875 287.524 326.913
  25 0.6125 287.878 324.574
  26 0.6375 287.542 322.354
  27 0.6625 287.926 313.082
  28 0.6875 287.288 308.048
  29 0.7125 288.598 306.898
  30 0.7375 287.388 304.012
  31 0.7625 288.678 297.575
  32 0.7875 286.964 298.185
  33 0.8125 287.858 298.542
  34 0.8375 287.352 292.159
  35 0.8625 288.308 286.183
  36 0.8875 288.922 283.087
  37 0.9125 287.498 277.238
  38 0.9375 288.342 274.177
  39 0.9625 289.166 267.284
  40 0.9875 288.256 257.429
250000 40 11519.999999999996
  1 0.0125 288.62 241.883
  2 0.0375 287.688 238.228
  3 0.0625 288.26 256.009
  4 0.0875 287.396 270.424
  5 0.1125 288.146 270.164
  6 0.1375 288.75 274.01
  7 0.1625 288.206 275.005
  8 0.1875 288.004 287.79
  9 0.2125 288.292 291.18
  10 0.2375 287.568 300.01
  11 0.2625 287.664 302.23
  12 0.2875 288.06 302.433
  13 0.3125 287.53 306.412
  14 0.3375 287.824 310.988
  15 0.3625 287.078 314.505
  16 0.3875 287.452 319.332
  17 0.4125 288.306 326.077
  18 0.4375 287.396 321.891
  19 0.4625 288.162 331.833
  20 0.4875 287.574 338.631
  21 0.5125 287.362 369.578
  22 0.5375 288.124 352.336
  23 0.5625 288.166 330.791
  24 0.5875 287.992 325.492
  25 0.6125 288.324 316.883
  26 0.6375 286.71 309.991
  27 0.6625 288.678 313.934
  28 0.6875 287.978 305.216
  29 0.7125 287.594 297.402
  30 0.7375 288.024 296.172
  31 0.7625 288.242 295.678
  32 0.7875 288.578 292.747
  33 0.8125 287.75 295.055
  34 0.8375 289.402 299.137
  35 0.8625 288.614 290.265
  36 0.8875 287.724 281.949
  37 0.9125 288.314 288.822
  38 0.9375 287.748 284.348
  39 0.9625 288.898 266.544
  40 0.9875 287.802 251.12
255000 40 11520
  1 0.0125 288.182 238.554
  2 0.0375 287.602 240.904
  3 0.0625 288.378 257.965
  4 0.0875 288.426 265.375
  5 0.1125 288.398 277.733
  6 0.1375 289.312 280.69
  7 0.1625 287.932 281.987
  8 0.1875 287.08 283.59
  9 0.2125 287.448 297.875
  10 0.2375 287.826 302.404
  11 0.2625 287.384 303.825
  12 0.2875 288.408 300.78
  13 0.3125 288.008 302.856
  14 0.3375 287.896 310.963
  15 0.3625 287.84 311.219
  16 0.3875 287.516 311.094
  17 0.4125 287.978 315.028
  18 0.4375 288.98 323.37
  19 0.4625 286.99 333.301
  20 0.4875 288.098 342.105
  21 0.5125 287.876 364.462
  22 0.5375 288.292 350.079
  23 0.5625 288.558 345.431
  24 0.5875 287.65 343.728
  25 0.6125 287.814 314.222
  26 0.6375 287.738 305.037
  27 0.6625 289.15 303.396
  28 0.6875 288.36 308.797
  29 0.7125 287.204 295.79
  30 0.7375 287.822 293.052
  31 0.7625 287.752 296.138
  32 0.7875 287.12 288.206
  33 0.8125 287.894 286.855
  34 0.8375 287.784 303.492
  35 0.8625 286.906 298.615
  36 0.8875 288.398 280.243
  37 0.9125 287.874 278.48
  38 0.9375 288.794 276.798
  39 0.9625 288.92 270.708
  40 0.9875 288.412 257.615
260000 40 11520
  1 0.0125 287.374 246.42
  2 0.0375 288.87 245.845
  3 0.0625 287.464 260.832
  4 0.0875 289.448 268.388
  5 0.1125 288.852 277.066
  6 0.1375 287.188 282.009
  7 0.1625 288.098 284.571
  8 0.1875 287.962 280.731
  9 0.2125 287.64 291.103
  10 0.2375 287.636 294.877
  11 0.2625 287.866 297.397
  12 0.2875 288.04 292.908
  13 0.3125 288.102 306.148
  14 0.3375 287.968 316.558
  15 0.3625 287.876 309.77
  16 0.3875 288.756 308.809
  17 0.4125 288.038 316.033
  18 0.4375 288.24 328.156
  19 0.4625 288.012 333.601
  20 0.4875 288.086 349.498
  21 0.5125 288.172 357.098
  22 0.5375 288.408 346.523
  23 0.5625 288.064 340.522
  24 0.5875 287.724 332.032
  25 0.6125 287.764 315.008
  26 0.6375 287.854 316.736
  27 0.6625 287.302 323.365
  28 0.6875 287.492 305.773
  29 0.7125 288.532 292.73
  30 0.7375 287.688 290.805
  31 0.7625 288.65 299.255
  32 0.7875 288.256 298.705
  33 0.8125 287.62 307.416
  34 0.8375 288.05 296.144
  35 0.8625 288.75 287.441
  36 0.8875 286.714 269.962
  37 0.9125 287.678 262.535
  38 0.9375 288.544 267.179
  39 0.9625 287.51 273.142
  40 0.9875 287.712 268.836
265000 40 11520
  1 0.0125 288.988 240.965
  2 0.0375 287.866 248.017
  3 0.0625 287.412 261.393
  4 0.0875 287.696 270.463
  5 0.1125 288.634 271.738
  6 0.1375 288.724 280.715
  7 0.1625 288.174 280.407
  8 0.1875 287.812 284.535
  9 0.2125 287.98 291.439
  10 0.2375 289.036 295.948
  11 0.2625 287.058 298.177
  12 0.2875 287.756 310.97
  13 0.3125 287.886 306.398
  14 0.3375 288.406 308.047
  15 0.3625 287.788 308.395
  16 0.3875 287.604 315.053
  17 0.4125 288.844 319.298
  18 0.4375 288.054 323.523
  19 0.4625 288.184 333.9
  20 0.4875 288.096 341.791
  21 0.5125 287.83 357.952
  22 0.5375 287.598 349.651
  23 0.5625 287.45 334.973
  24 0.5875 287.88 336.29
  25 0.6125 287.224 313.63
  26 0.6375 287.94 315.482
  27 0.6625 287.308 311.194
  28 0.6875 288.802 309.316
  29 0.7125 288.712 303.879
  30 0.7375 287.656 297.794
  31 0.7625 288.094 304.721
  32 0.7875 287.67 299.327
  33 0.8125 287.86 295.47
  34 0.8375 287.892 294.497
  35 0.8625 288.44 284.486
  36 0.8875 287.684 273.887
  37 0.9125 288.552 270.698
  38 0.9375 287.522 275.839
  39 0.9625 287.684 262.208
  40 0.9875 288.204 261.552
270000 40 11520
  1 0.0125 288.12 248.808
  2 0.0375 288.364 239.704
  3 0.0625 287.21 252.219
  4 0.0875 289.366 263.62
  5 0.1125 288.202 273.199
  6 0.1375 288.658 289.276
  7 0.1625 288.82 289.628
  8 0.1875 287.07 283.757
  9 0.2125 287.826 292.105
  10 0.2375 286.974 304.51
  11 0.2625 288.464 300.477
  12 0.2875 287.032 294.399
  13 0.3125 287.206 297.388
  14 0.3375 287.724 305.195
  15 0.3625 288.456 312.724
  16 0.3875 288.38 319.133
  17 0.4125 288.792 320.121
  18 0.4375 287.666 318.83
  19 0.4625 288.086 327.551
  20 0.4875 288.692 343.008
  21 0.5125 287.856 344.621
  22 0.5375 289.15 348.707
  23 0.5625 287.958 342.317
  24 0.5875 286.942 330.499
  25 0.6125 287.892 316.428
  26 0.6375 288.546 319.812
  27 0.6625 288.672 312.88
  28 0.6875 287.002 312.876
  29 0.7125 287.288 303.051
  30 0.7375 287.916 295.046
  31 0.7625 287.798 294.089
  32 0.7875 286.818 291.437
  33 0.8125 286.984 286.047
  34 0.8375 288.4 289.811
  35 0.8625 288.558 286.074
  36 0.8875 288.37 288.181
  37 0.9125 288.312 283.01
  38 0.9375 288.076 281.873
  39 0.9625 287.696 272.075
  40 0.9875 288.658 267.344
275000 40 11519.999999999998
  1 0.0125 288 252.601
  2 0.0375 288.248 246.214
  3 0.0625 287.774 250.919
  4 0.0875 287.944 268.604
  5 0.1125 288.75 280.448
  6 0.1375 288.18 280.765
  7 0.1625 288.546 283.198
  8 0.1875 288.724 288.327
  9 0.2125 288.098 285.341
  10 0.2375 287.61 291.549
  11 0.2625 289.138 287.99
  12 0.2875 287.976 300.967
  13 0.3125 288.408 307.539
  14 0.3375 287.598 306.903
  15 0.3625 288.104 306.744
  16 0.3875 287.868 311.11
  17 0.4125 287.48 312.046
  18 0.4375 289.13 318.843
  19 0.4625 288.192 319.994
  20 0.4875 287.132 332.062
  21 0.5125 288.432 354.492
  22 0.5375 289.644 363.984
  23 0.5625 286.54 349.623
  24 0.5875 287.452 335.627
  25 0.6125 288.472 323.75
  26 0.6375 286.964 314.072
  27 0.6625 286.692 316.34
  28 0.6875 288.224 310.332
  29 0.7125 288.952 299.767
  30 0.7375 287.688 292.044
  31 0.7625 288.344 308.435
  32 0.7875 287.128 298.76
  33 0.8125 288.214 288.385
  34 0.8375 288.182 288.412
  35 0.8625 288.274 288.657
  36 0.8875 287.598 282.736
  37 0.9125 287.324 277.91
  38 0.9375 287.282 270.733
  39 0.9625 287.992 273.903
  40 0.9875 287.702 271.894
280000 40 11520.000000000002
  1 0.0125 288.512 252.931
  2 0.0375 288.192 243.382
  3 0.0625 287.996 254.545
  4 0.0875 288.932 264.891
  5 0.1125 286.754 272.182
  6 0.1375 288.046 278.252
  7 0.1625 288.532 275.872
  8 0.1875 288.082 289.006
  9 0.2125 287.774 288.576
  10 0.2375 288.748 302.013
  11 0.2625 287.29 300.549
  12 0.2875 287.704 295.137
  13 0.3125 286.868 307.629
  14 0.3375 288.522 305.925
  15 0.3625 287.862 306.301
  16 0.3875 287.984 306.759
  17 0.4125 288.014 309.831
  18 0.4375 287.542 317.862
  19 0.4625 288.694 321.695
  20 0.4875 288.214 336.857
  21 0.5125 289.256 349
  22 0.5375 288.694 350.641
  23 0.5625 287.322 343.217
  24 0.5875 287.744 334.104
  25 0.6125 288.286 332.535
  26 0.6375 288.238 324.669
  27 0.6625 287.76 319.602
  28 0.6875 288.814 314.628
  29 0.7125 288.162 300.088
  30 0.7375 286.862 299.011
  31 0.7625 287.76 303.059
  32 0.7875 287.922 306.673
  33 0.8125 287.084 296.86
  34 0.8375 287.876 283.711
  35 0.8625 288.926 283.977
  36 0.8875 287.616 278.754
  37 0.9125 287.97 275.015
  38 0.9375 287.338 274.923
  39 0.9625 288.33 272.472
  40 0.9875 287.778 266.917
285000 40 11519.999999999998
  1 0.0125 288.018 244.272
  2 0.0375 288.116 237.894
  3 0.0625 287.502 248.305
  4 0.0875 288.046 257.009
  5 0.1125 288.068 269.633
  6 0.1375 287.67 274.836
  7 0.1625 287.128 277.156
  8 0.1875 287.698 293.537
  9 0.2125 287.57 297.652
  10 0.2375 288.012 296.468
  11 0.2625 287.408 294.213
  12 0.2875 287.524 306.957
  13 0.3125 289.222 308.181
  14 0.3375 287.704 311.852
  15 0.3625 288.506 313.873
  16 0.3875 287.82 311.391
  17 0.4125 288.128 309.785
  18 0.4375 288.412 321.487
  19 0.4625 288.066 321.412
  20 0.4875 287.976 335.186
  21 0.5125 287.708 345.315
  22 0.5375 288.442 352.032
  23 0.5625 287.584 336.876
  24 0.5875 286.516 336.87
  25 0.6125 288.61 328.015
  26 0.6375 288.558 321.099
  27 0.6625 287.762 313.723
  28 0.6875 288.648 309.276
  29 0.7125 287.05 312.164
  30 0.7375 287.688 307.555
  31 0.7625 288.664 314.325
  32 0.7875 288.212 304.551
  33 0.8125 287.38 300.228
  34 0.8375 288.976 292.256
  35 0.8625 287.884 283.356
  36 0.8875 289.918 281.997
  37 0.9125 287.736 278.125
  38 0.9375 287.934 268.725
  39 0.9625 288.51 265.431
  40 0.9875 287.626 259.59
290000 40 11519.999999999998
  1 0.0125 287.542 249.606
  2 0.0375 287.73 244.383
  3 0.0625 288.474 261.058
  4 0.0875 287.898 260.394
  5 0.1125 288.034 267.336
  6 0.1375 287.812 284.495
  7 0.1625 288.354 286.961
  8 0.1875 287.968 287.998
  9 0.2125 289.008 296.398
  10 0.2375 286.722 295.889
  11 0.2625 288.764 292.795
  12 0.2875 288.306 301.549
  13 0.3125 287.93 303.973
  14 0.3375 288.448 306.564
  15 0.3625 288.312 320.787
  16 0.3875 287.62 314.106
  17 0.4125 288.128 309.5
  18 0.4375 289.048 311.972
  19 0.4625 287.07 314.92
  20 0.4875 288.064 337.299
  21 0.5125 288.452 355.566
  22 0.5375 287.554 354.714
  23 0.5625 287.344 335.44
  24 0.5875 287.61 340.748
  25 0.6125 287.324 331.338
  26 0.6375 288.226 332.199
  27 0.6625 287.988 316.079
  28 0.6875 288.528 315.458
  29 0.7125 287.484 308.918
  30 0.7375 287.914 305.401
  31 0.7625 288.238 305.676
  32 0.7875 288.664 298.003
  33 0.8125 287.294 299.278
  34 0.8375 287.888 291.678
  35 0.8625 288.126 278.426
  36 0.8875 288.356 273.64
  37 0.9125 287.564 268.334
  38 0.9375 287.514 261.077
  39 0.9625 287.988 261.056
  40 0.9875 288.712 259.536
295000 40 11520.000000000002
  1 0.0125 287.766 251.885
  2 0.0375 288.864 251.523
  3 0.0625 288.154 260.427
  4 0.0875 289.28 261.955
  5 0.1125 288.338 268.108
  6 0.1375 286.71 282.384
  7 0.1625 287.5 277.754
  8 0.1875 288.684 285.225
  9 0.2125 288.2 293.561
  10 0.2375 288.782 291.812
  11 0.2625 288.186 294.203
  12 0.2875 287.294 303.095
  13 0.3125 289.176 310.082
  14 0.3375 287.008 312.515
  15 0.3625 288.208 319.688
  16 0.3875 287.292 316.819
  17 0.4125 287.418 307.531
  18 0.4375 287.574 308.528
  19 0.4625 287.794 317.877
  20 0.4875 287.958 333.337
  21 0.5125 289.71 346.542
  22 0.5375 287.45 349.934
  23 0.5625 288.516 343.98
  24 0.5875 289.062 337.309
  25 0.6125 288.028 331.846
  26 0.6375 286.658 330.925
  27 0.6625 286.756 328.682
  28 0.6875 287.858 316.911
  29 0.7125 287.592 317.264
  30 0.7375 287.62 304.398
  31 0.7625 287.646 294.347
  32 0.7875 287.95 297.432
  33 0.8125 287.058 293.195
  34 0.8375 288.014 289.547
  35 0.8625 287.878 285.824
  36 0.8875 288.2 276.339
  37 0.9125 287.198 267.237
  38 0.9375 288.778 269.061
  39 0.9625 288.156 261.528
  40 0.9875 289.686 253.089
300000 40 11519.999999999998
  1 0.0125 287.66 237.486
  2 0.0375 287.294 239.55
  3 0.0625 288.18 249.846
  4 0.0875 288.532 265.484
  5 0.1125 288.196 278.092
  6 0.1375 287.786 276.01
  7 0.1625 288.032 285.987
  8 0.1875 289.128 282.421
  9 0.2125 287.918 290.266
  10 0.2375 288.64 292.155
  11 0.2625 289.432 306.886
  12 0.2875 289.184 304.712
  13 0.3125 288.148 313.995
  14 0.3375 287.42 306.653
  15 0.3625 288.062 311.772
  16 0.3875 287.52 305.498
  17 0.4125 288.474 309.983
  18 0.4375 286.998 318.03
  19 0.4625 287.222 325.986
  20 0.4875 288.484 339.336
  21 0.5125 288.438 352.532
  22 0.5375 287.792 354.288
  23 0.5625 287.874 341.319
  24 0.5875 287.798 333.462
  25 0.6125 287.168 330.286
  26 0.6375 287.87 317.041
  27 0.6625 288.556 322.113
  28 0.6875 288.174 326.289
  29 0.7125 288.07 318.532
  30 0.7375 287.554 305.936
  31 0.7625 287.198 302.464
  32 0.7875 287.63 298.806
  33 0.8125 288.13 296.469
  34 0.8375 288.584 289.848
  35 0.8625 288.73 283.247
  36 0.8875 287.492 284.366
  37 0.9125 287.84 277.47
  38 0.9375 287.524 264.246
  39 0.9625 287.448 256.011
  40 0.9875 287.82 246.961
305000 40 11520.000000000002
  1 0.0125 288.198 241.899
  2 0.0375 288.242 247.154
  3 0.0625 288.376 259.308
  4 0.0875 287.684 265.827
  5 0.1125 288.292 272.06
  6 0.1375 287.142 268.945
  7 0.1625 288.422 282.306
  8 0.1875 287.62 288.271
  9 0.2125 288.04 291.673
  10 0.2375 287.542 294.771
  11 0.2625 290.05 301.634
  12 0.2875 287.528 302.263
  13 0.3125 288.136 310.396
  14 0.3375 288.374 317.633
  15 0.3625 287.35 309.183
  16 0.3875 288.814 304.872
  17 0.4125 287.192 307.771
  18 0.4375 287.662 311.459
  19 0.4625 288.882 337.512
  20 0.4875 288.358 342.29
  21 0.5125 287.346 358.979
  22 0.5375 287.048 356.816
  23 0.5625 287.768 340.001
  24 0.5875 289.444 333.473
  25 0.6125 288.166 334.908
  26 0.6375 287.57 318.745
  27 0.6625 288.314 316.895
  28 0.6875 287.774 314.421
  29 0.7125 288.306 300.398
  30 0.7375 287.87 304.264
  31 0.7625 287.86 316.887
  32 0.7875 287.224 301.466
  33 0.8125 287.922 288.574
  34 0.8375 287.728 293.719
  35 0.8625 287.722 277.49
  36 0.8875 286.992 284.655
  37 0.9125 288.308 275.657
  38 0.9375 288.63 271.16
  39 0.9625 288.214 254.321
  40 0.9875 287.89 243.078
310000 40 11520
  1 0.0125 288.16 240.965
  2 0.0375 288.154 244.055
  3 0.0625 288.284 259.43
  4 0.0875 287.584 262.005
  5 0.1125 288.424 276.861
  6 0.1375 288.33 279.734
  7 0.1625 288.352 281.822
  8 0.1875 287.14 284.508
  9 0.2125 287.12 279.244
  10 0.2375 288.87 290.804
  11 0.2625 287.214 302.58
  12 0.2875 287.506 295.293
  13 0.3125 287.598 295.591
  14 0.3375 287.098 314.486
  15 0.3625 288.738 326.475
  16 0.3875 289.214 327.908
  17 0.4125 287.806 322.928
  18 0.4375 288.292 325.464
  19 0.4625 288.112 324.845
  20 0.4875 287.662 333.172
  21 0.5125 287.968 342.549
  22 0.5375 287.924 344.545
  23 0.5625 287.968 356.461
  24 0.5875 288.734 337.688
  25 0.6125 288.782 322.152
  26 0.6375 287.712 319.292
  27 0.6625 287.622 318.078
  28 0.6875 288.278 323.553
  29 0.7125 287.652 302.318
  30 0.7375 288.048 289.39
  31 0.7625 287.994 301.898
  32 0.7875 286.71 307.84
  33 0.8125 288.228 291.921
  34 0.8375 288.254 283.962
  35 0.8625 287.854 285.754
  36 0.8875 288.342 276.979
  37 0.9125 287.854 285.694
  38 0.9375 287.762 272.46
  39 0.9625 288.608 257.48
  40 0.9875 288.048 255.288
315000 40 11520
  1 0.0125 287.41 244.364
  2 0.0375 288.056 246.508
  3 0.0625 288.924 259.961
  4 0.0875 287.908 274.08
  5 0.1125 288.478 278.597
  6 0.1375 287.348 282.402
  7 0.1625 288.024 279.816
  8 0.1875 287.438 284.174
  9 0.2125 287.732 286.669
  10 0.2375 288.438 291.916
  11 0.2625 289.144 298.964
  12 0.2875 288.538 302.744
  13 0.3125 288.554 311.062
  14 0.3375 288.352 316.826
  15 0.3625 287.362 313.12
  16 0.3875 287.776 317.127
  17 0.4125 288.372 310.058
  18 0.4375 287.482 318.279
  19 0.4625 287.914 326.562
  20 0.4875 287.69 331.946
  21 0.5125 287.338 352.107
  22 0.5375 288.09 354.394
  23 0.5625 288.014 333.726
  24 0.5875 288.036 333.21
  25 0.6125 286.592 335.868
  26 0.6375 287.03 319.608
  27 0.6625 287.81 312.088
  28 0.6875 288.89 316.667
  29 0.7125 288.23 307.559
  30 0.7375 288.638 309.712
  31 0.7625 288.26 301.48
  32 0.7875 288.258 299.816
  33 0.8125 287.8 290.392
  34 0.8375 287.138 284.528
  35 0.8625 287.238 279.053
  36 0.8875 288.628 282.74
  37 0.9125 287.828 273.472
  38 0.9375 288.886 268.701
  39 0.9625 287.516 260.109
  40 0.9875 288.84 253.451
320000 40 11520
  1 0.0125 289.082 246.43
  2 0.0375 288.46 247.323
  3 0.0625 288.794 261.986
  4 0.0875 288.328 266.485
  5 0.1125 288.516 269.424
  6 0.1375 288.002 276.603
  7 0.1625 288.304 280.571
  8 0.1875 287.604 283.421
  9 0.2125 287.6 292.119
  10 0.2375 288.132 295.8
  11 0.2625 287.594 300.544
  12 0.2875 286.772 305.705
  13 0.3125 287.02 311.631
  14 0.3375 287.802 313.231
  15 0.3625 289.314 312.05
  16 0.3875 288.26 314.388
  17 0.4125 288.34 313.029
  18 0.4375 287.99 323.121
  19 0.4625 288.626 333.692
  20 0.4875 287.458 337.202
  21 0.5125 288.996 359.065
  22 0.5375 288.17 356.5
  23 0.5625 287.106 339.766
  24 0.5875 287.868 332.889
  25 0.6125 286.98 316.74
  26 0.6375 287.942 306.654
  27 0.6625 287.34 322.33
  28 0.6875 287.998 318.495
  29 0.7125 287.088 306.253
  30 0.7375 288.18 304.257
  31 0.7625 287.716 298.48
  32 0.7875 287.418 297.538
  33 0.8125 287.5 286.483
  34 0.8375 288.286 285.202
  35 0.8625 287.318 279.231
  36 0.8875 287.626 285.234
  37 0.9125 288.808 272.277
  38 0.9375 288.102 265.177
  39 0.9625 289.518 267.408
  40 0.9875 288.042 257.912
325000 40 11520
  1 0.0125 287.486 244.506
  2 0.0375 287.376 245.652
  3 0.0625 287.728 252.644
  4 0.0875 288.95 257.871
  5 0.1125 287.656 273.005
  6 0.1375 287.708 282.569
  7 0.1625 286.93 288.523
  8 0.1875 289.62 283.724
  9 0.2125 287.124 280.091
  10 0.2375 287.69 295.788
  11 0.2625 288.088 295.195
  12 0.2875 288.086 293.953
  13 0.3125 288.762 305.553
  14 0.3375 287.426 320.491
  15 0.3625 289.024 321.21
  16 0.3875 288.038 326.051
  17 0.4125 287.26 322.879
  18 0.4375 288.006 326.594
  19 0.4625 288.526 320.866
  20 0.4875 287.444 348.537
  21 0.5125 288.406 368.313
  22 0.5375 287.536 356.645
  23 0.5625 287.708 333.895
  24 0.5875 289.146 327.752
  25 0.6125 287.14 326.971
  26 0.6375 287.75 319.86
  27 0.6625 288.138 314.09
  28 0.6875 287.772 310.241
  29 0.7125 288.412 299.711
  30 0.7375 287.538 295.635
  31 0.7625 288.132 295.295
  32 0.7875 287.934 294.989
  33 0.8125 287.696 284.242
  34 0.8375 287.936 288.452
  35 0.8625 288.554 284.794
  36 0.8875 288.318 283.164
  37 0.9125 287.188 282.924
  38 0.9375 288.898 269.84
  39 0.9625 288.7 264.823
  40 0.9875 288.17 257.826
330000 40 11520.000000000002
  1 0.0125 288.698 244.819
  2 0.0375 287.784 245.955
  3 0.0625 287.376 251.937
  4 0.0875 289.266 261.304
  5 0.1125 287.276 271.09
  6 0.1375 287.986 279.459
  7 0.1625 288.368 277.987
  8 0.1875 287.4 285.299
  9 0.2125 287.856 296.369
  10 0.2375 288.738 294.099
  11 0.2625 289.616 292.706
  12 0.2875 287.054 307.481
  13 0.3125 287.466 314.04
  14 0.3375 288.658 309.058
  15 0.3625 287.972 310.52
  16 0.3875 288.702 322.385
  17 0.4125 288.36 316.958
  18 0.4375 287.898 317.436
  19 0.4625 287.78 328.653
  20 0.4875 287.566 354.068
  21 0.5125 288.196 362.329
  22 0.5375 287.782 360.232
  23 0.5625 287.944 342.459
  24 0.5875 287.782 334.1
  25 0.6125 287.332 330.395
  26 0.6375 287.71 312.622
  27 0.6625 287.88 309.169
  28 0.6875 289 312.025
  29 0.7125 288.066 301.629
  30 0.7375 287.822 300.701
  31 0.7625 288.39 297.795
  32 0.7875 286.756 295.155
  33 0.8125 287.064 288.918
  34 0.8375 287.116 278.451
  35 0.8625 287.374 277.014
  36 0.8875 288.6 278.479
  37 0.9125 287.468 279.974
  38 0.9375 288.354 273.857
  39 0.9625 290.138 269.522
  40 0.9875 287.406 257.389
335000 40 11520
  1 0.0125 288.902 241.27
  2 0.0375 287.692 242.291
  3 0.0625 289.104 260.8
  4 0.0875 287.862 265.562
  5 0.1125 287.742 273.074
  6 0.1375 287.998 283.892
  7 0.1625 288.36 277.743
  8 0.1875 287.408 290.244
  9 0.2125 287.876 291.662
  10 0.2375 286.636 287.404
  11 0.2625 287.918 295.957
  12 0.2875 286.87 309.085
  13 0.3125 287.342 301.562
  14 0.3375 287.822 316.356
  15 0.3625 288.296 315.838
  16 0.3875 288.33 317.033
  17 0.4125 289.058 317.541
  18 0.4375 287.944 325.68
  19 0.4625 288.482 331.638
  20 0.4875 288.836 343.163
  21 0.5125 288.744 355.297
  22 0.5375 287.402 357.553
  23 0.5625 288.214 348.237
  24 0.5875 287.72 336.39
  25 0.6125 288.356 314.935
  26 0.6375 286.682 320.041
  27 0.6625 288.296 310.485
  28 0.6875 287.796 318.098
  29 0.7125 287.37 312.436
  30 0.7375 287.892 303.92
  31 0.7625 288.1 290.175
  32 0.7875 286.882 284.978
  33 0.8125 288.55 287.06
  34 0.8375 289.108 279.101
  35 0.8625 288.356 280.625
  36 0.8875 287.876 282.559
  37 0.9125 287.546 280.946
  38 0.9375 288.53 267.659
  39 0.9625 288.258 267.498
  40 0.9875 287.844 255.884
340000 40 11520.000000000002
  1 0.0125 287.512 246.895
  2 0.0375 288.066 244.883
  3 0.0625 287.932 253.284
  4 0.0875 288.062 265.053
  5 0.1125 288.172 270.292
  6 0.1375 288.582 266.594
  7 0.1625 288.348 276.299
  8 0.1875 287.744 293.04
  9 0.2125 289.032 288.351
  10 0.2375 288.364 304.096
  11 0.2625 287.836 297.2
  12 0.2875 289.01 302.657
  13 0.3125 287.594 306.404
  14 0.3375 287.374 310.756
  15 0.3625 288.634 319.33
  16 0.3875 288.566 314.114
  17 0.4125 288.29 307.89
  18 0.4375 287.652 322.776
  19 0.4625 287.528 334.082
  20 0.4875 287.556 344.74
  21 0.5125 287.442 357.186
  22 0.5375 288.378 355.029
  23 0.5625 287.094 342.368
  24 0.5875 287.394 339.218
  25 0.6125 288.226 326.349
  26 0.6375 287.544 326.377
  27 0.6625 288.402 319.512
  28 0.6875 287.88 315.306
  29 0.7125 288.036 304.426
  30 0.7375 288.592 298.435
  31 0.7625 286.74 294.459
  32 0.7875 288.79 290.313
  33 0.8125 287.368 286.557
  34 0.8375 288.738 285.548
  35 0.8625 287.038 282.03
  36 0.8875 287.742 281.085
  37 0.9125 287.866 280.145
  38 0.9375 288.522 271.322
  39 0.9625 287.954 265.625
  40 0.9875 288.4 253.963
345000 40 11520.000000000002
  1 0.0125 289.084 249.065
  2 0.0375 288.276 251.819
  3 0.0625 288.81 261.847
  4 0.0875 289.166 266.9
  5 0.1125 288.834 269.096
  6 0.1375 287.366 271.329
  7 0.1625 286.898 278.086
  8 0.1875 288.748 282.956
  9 0.2125 287.23 289.806
  10 0.2375 288.396 296.563
  11 0.2625 288.326 304.925
  12 0.2875 287.026 299.276
  13 0.3125 287.108 300.936
  14 0.3375 287.628 309.872
  15 0.3625 288.244 310.938
  16 0.3875 288.422 314.305
  17 0.4125 287.39 320.126
  18 0.4375 288.688 323.748
  19 0.4625 287.272 326.307
  20 0.4875 288.688 342.353
  21 0.5125 288.16 345.218
  22 0.5375 288.156 346.434
  23 0.5625 288.772 344.232
  24 0.5875 287.53 342.818
  25 0.6125 287.342 337.795
  26 0.6375 288.006 318.685
  27 0.6625 287.612 322.327
  28 0.6875 288.146 315.424
  29 0.7125 287.596 301.088
  30 0.7375 287.126 309.591
  31 0.7625 288.316 290.494
  32 0.7875 287.468 284.466
  33 0.8125 288.008 291.813
  34 0.8375 288.736 285.865
  35 0.8625 287.136 287.472
  36 0.8875 287.668 281.081
  37 0.9125 287.782 274.747
  38 0.9375 287.964 270.837
  39 0.9625 288.646 262.632
  40 0.9875 288.23 258.359
350000 40 11519.999999999998
  1 0.0125 288.606 249.657
  2 0.0375 289.47 250.63
  3 0.0625 287.428 259.422
  4 0.0875 288.012 270.096
  5 0.1125 288.086 275.098
  6 0.1375 288.762 278.121
  7 0.1625 287.838 281.916
  8 0.1875 288.682 286.035
  9 0.2125 287.85 287.581
  10 0.2375 288.46 285.017
  11 0.2625 287.896 293.097
  12 0.2875 287.718 291.226
  13 0.3125 289.004 308.639
  14 0.3375 288.31 315.528
  15 0.3625 287.132 310.597
  16 0.3875 287.226 325.651
  17 0.4125 287.294 325.887
  18 0.4375 286.974 331.548
  19 0.4625 288.566 331.465
  20 0.4875 287.384 337.006
  21 0.5125 288.774 353.351
  22 0.5375 288.898 345.939
  23 0.5625 287.49 337.678
  24 0.5875 287.238 330.366
  25 0.6125 288.614 332.318
  26 0.6375 289.186 326.745
  27 0.6625 287.68 315.01
  28 0.6875 288.046 312.139
  29 0.7125 287.846 302.703
  30 0.7375 288.22 305.803
  31 0.7625 286.89 293.304
  32 0.7875 288.316 284.859
  33 0.8125 287.68 280.262
  34 0.8375 288.556 288.92
  35 0.8625 288.198 282.085
  36 0.8875 287.17 278.831
  37 0.9125 288.452 276.721
  38 0.9375 287.058 272.128
  39 0.9625 288.24 271.024
  40 0.9875 286.75 258.641
355000 40 11519.999999999998
  1 0.0125 287.786 254.676
  2 0.0375 287.554 255.715
  3 0.0625 288.426 257.008
  4 0.0875 287.534 262.013
  5 0.1125 288.062 271.651
  6 0.1375 287.264 285.883
  7 0.1625 288.98 286.416
  8 0.1875 287.176 289.211
  9 0.2125 287.7 283.464
  10 0.2375 288.826 287.226
  11 0.2625 287.794 289.754
  12 0.2875 288.792 300.641
  13 0.3125 288.152 303.372
  14 0.3375 287.324 314.935
  15 0.3625 287.66 313.928
  16 0.3875 288.364 311.933
  17 0.4125 287.266 316.011
  18 0.4375 287.124 318.593
  19 0.4625 287.536 333.642
  20 0.4875 287.302 339.332
  21 0.5125 288.466 356.064
  22 0.5375 286.908 351.749
  23 0.5625 288.82 350.293
  24 0.5875 287.796 332.094
  25 0.6125 288.258 326.445
  26 0.6375 287.944 318.765
  27 0.6625 287.306 315.277
  28 0.6875 289.526 309.583
  29 0.7125 288.752 302.127
  30 0.7375 287.564 298.102
  31 0.7625 288.778 290.918
  32 0.7875 288.606 290.41
  33 0.8125 288.256 287.903
  34 0.8375 288.166 288.784
  35 0.8625 288.642 285.523
  36 0.8875 287.776 279.937
  37 0.9125 288.144 282.874
  38 0.9375 288.006 267.815
  39 0.9625 287.824 272.989
  40 0.9875 287.84 260.317
360000 40 11520.000000000002
  1 0.0125 288.612 254.085
  2 0.0375 289.234 255.284
  3 0.0625 287.826 265.009
  4 0.0875 287.464 265.285
  5 0.1125 288.766 269.929
  6 0.1375 287.108 275.412
  7 0.1625 287.724 277.993
  8 0.1875 287.754 279.714
  9 0.2125 286.826 280.808
  10 0.2375 287.172 288.483
  11 0.2625 287.804 295.497
  12 0.2875 287.894 304.544
  13 0.3125 286.908 306.663
  14 0.3375 287.514 312.924
  15 0.3625 287.568 313.358
  16 0.3875 287.896 313.363
  17 0.4125 287.368 314.521
  18 0.4375 287.896 324.966
  19 0.4625 288.734 335.603
  20 0.4875 288.742 340.116
  21 0.5125 288.442 346.876
  22 0.5375 288.1 359.377
  23 0.5625 288.518 347.685
  24 0.5875 287.564 332.739
  25 0.6125 288.686 322.244
  26 0.6375 288.14 326.391
  27 0.6625 287.554 312.624
  28 0.6875 288.876 311.552
  29 0.7125 287.54 302.303
  30 0.7375 287.402 302.216
  31 0.7625 288.5 297.403
  32 0.7875 288.31 293.316
  33 0.8125 287.906 298.424
  34 0.8375 288.358 281.647
  35 0.8625 287.592 278.898
  36 0.8875 288.084 274.92
  37 0.9125 288.408 278.458
  38 0.9375 287.828 274.641
  39 0.9625 288.854 269.96
  40 0.9875 288.528 258.414
365000 40 11520.000000000004
  1 0.0125 287.138 245.319
  2 0.0375 287.624 256.195
  3 0.0625 287.24 263.868
  4 0.0875 288.062 258.757
  5 0.1125 288.114 269.444
  6 0.1375 288.122 279.806
  7 0.1625 287.932 280.045
  8 0.1875 287.852 278.005
  9 0.2125 287.354 281.693
  10 0.2375 288.592 284.625
  11 0.2625 288.424 289.903
  12 0.2875 289.282 299.201
  13 0.3125 288.038 296.12
  14 0.3375 288.236 303.671
  15 0.3625 287.552 303.96
  16 0.3875 287.47 311.678
  17 0.4125 287.716 324.969
  18 0.4375 287.096 341.781
  19 0.4625 287.346 338.642
  20 0.4875 288.272 341.971
  21 0.5125 287.586 348.5
  22 0.5375 286.718 356.295
  23 0.5625 287.958 335.681
  24 0.5875 287.768 334.348
  25 0.6125 288.43 327.629
  26 0.6375 287.81 317.169
  27 0.6625 288.09 316.233
  28 0.6875 288.394 307.355
  29 0.7125 288.212 301.559
  30 0.7375 289.296 295.932
  31 0.7625 287.396 310.708
  32 0.7875 289.2 298.685
  33 0.8125 288.15 297.298
  34 0.8375 289.496 290.026
  35 0.8625 288.022 288.724
  36 0.8875 287.78 283.29
  37 0.9125 288.402 286.705
  38 0.9375 287.622 272.915
  39 0.9625 288.03 269.874
  40 0.9875 288.178 253.615
370000 40 11519.999999999998
  1 0.0125 288.306 244.772
  2 0.0375 288.28 245.823
  3 0.0625 289.246 261.306
  4 0.0875 288.086 266.034
  5 0.1125 286.776 274.783
  6 0.1375 288.088 278.303
  7 0.1625 288.79 290.726
  8 0.1875 288.194 283.832
  9 0.2125 286.952 283.46
  10 0.2375 287.662 297.88
  11 0.2625 287.166 291.352
  12 0.2875 287.09 295.08
  13 0.3125 287.312 296.521
  14 0.3375 286.58 306.135
  15 0.3625 288.16 303.71
  16 0.3875 287.214 310.483
  17 0.4125 289.4 321.376
  18 0.4375 287.704 332.079
  19 0.4625 288.532 330.352
  20 0.4875 288.724 341.565
  21 0.5125 288.492 353.511
  22 0.5375 288.116 346.536
  23 0.5625 288.448 336.176
  24 0.5875 287.22 332.774
  25 0.6125 288.7 332.02
  26 0.6375 286.578 325.184
  27 0.6625 287.476 317.363
  28 0.6875 287.418 308.44
  29 0.7125 287.52 309.652
  30 0.7375 288.564 309.589
  31 0.7625 287.904 297.139
  32 0.7875 288.606 300.887
  33 0.8125 288.73 293.899
  34 0.8375 287.112 288.599
  35 0.8625 288.474 280.102
  36 0.8875 288.578 287.362
  37 0.9125 287.872 275.797
  38 0.9375 288.932 272.951
  39 0.9625 288.97 259.683
  40 0.9875 288.028 260.086
375000 40 11520
  1 0.0125 287.564 240.679
  2 0.0375 287.8 248.627
  3 0.0625 287.47 256.03
  4 0.0875 288.782 264.372
  5 0.1125 287.532 274.623
  6 0.1375 287.528 275.134
  7 0.1625 287.722 288.805
  8 0.1875 287.6 299.447
  9 0.2125 287.656 294.514
  10 0.2375 288.038 303.374
  11 0.2625 287.736 298.433
  12 0.2875 287.01 291.693
  13 0.3125 287.514 291.614
  14 0.3375 287.52 302.444
  15 0.3625 287.794 306.726
  16 0.3875 287.086 301.605
  17 0.4125 288.148 310.008
  18 0.4375 287.958 327.181
  19 0.4625 286.738 330.294
  20 0.4875 287.914 345.232
  21 0.5125 287.932 354.352
  22 0.5375 287.764 363.955
  23 0.5625 289.474 340.617
  24 0.5875 287.84 333.705
  25 0.6125 287.912 336.795
  26 0.6375 288.46 329.858
  27 0.6625 287.872 330.97
  28 0.6875 288.546 311.637
  29 0.7125 288.042 307.133
  30 0.7375 288.314 298.231
  31 0.7625 288.032 295.171
  32 0.7875 288.636 296.182
  33 0.8125 287.676 292.398
  34 0.8375 288.618 287.473
  35 0.8625 287.88 282.021
  36 0.8875 289.292 274.966
  37 0.9125 287.79 276.317
  38 0.9375 288.366 269.791
  39 0.9625 288.786 260.731
  40 0.9875 289.658 250.24
380000 40 11519.999999999998
  1 0.0125 287.162 236.604
  2 0.0375 287.18 247.897
  3 0.0625 289.218 264.88
  4 0.0875 288.344 272.721
  5 0.1125 289.234 269.229
  6 0.1375 287.354 281.074
  7 0.1625 287.484 290.947
  8 0.1875 288.608 290.516
  9 0.2125 287.166 279.26
  10 0.2375 288.34 293.482
  11 0.2625 287.69 297.166
  12 0.2875 289.194 293.137
  13 0.3125 286.66 294.398
  14 0.3375 288.716 294.367
  15 0.3625 286.91 308.294
  16 0.3875 287.926 312.118
  17 0.4125 288.224 316.966
  18 0.4375 287.36 318.43
  19 0.4625 287.606 328.448
  20 0.4875 288.47 342.187
  21 0.5125 286.96 360.84
  22 0.5375 287.968 358.038
  23 0.5625 287.612 357.962
  24 0.5875 288.418 335.281
  25 0.6125 288.168 334.358
  26 0.6375 288.114 330.305
  27 0.6625 287.742 325.421
  28 0.6875 288.536 312.917
  29 0.7125 287.952 310.842
  30 0.7375 288.092 291.531
  31 0.7625 288.064 292.534
  32 0.7875 288.014 291.043
  33 0.8125 289.672 288.484
  34 0.8375 288.764 289.4
  35 0.8625 287.696 284.594
  36 0.8875 288.08 282.752
  37 0.9125 288.42 275.09
  38 0.9375 287.366 272.748
  39 0.9625 287.436 261.285
  40 0.9875 288.08 254.439
385000 40 11519.999999999998
  1 0.0125 288.804 244.7
  2 0.0375 288.014 253.053
  3 0.0625 288.656 258.429
  4 0.0875 288.896 267.805
  5 0.1125 288.202 268.861
  6 0.1375 286.788 275.183
  7 0.1625 288.044 291.386
  8 0.1875 288.21 289.533
  9 0.2125 287.91 276.444
  10 0.2375 287.352 279.195
  11 0.2625 286.908 292.875
  12 0.2875 288.408 291.901
  13 0.3125 287.6 299.394
  14 0.3375 287.746 305.303
  15 0.3625 288.182 306.958
  16 0.3875 288.386 309.762
  17 0.4125 288.708 315.769
  18 0.4375 288.206 317.521
  19 0.4625 288.284 319.652
  20 0.4875 289.458 329.491
  21 0.5125 288.664 370.882
  22 0.5375 288.514 376.181
  23 0.5625 288.162 351.808
  24 0.5875 288.672 332.412
  25 0.6125 287.992 329.142
  26 0.6375 286.604 326.928
  27 0.6625 289.46 321.185
  28 0.6875 287.526 313.459
  29 0.7125 287.776 302.704
  30 0.7375 285.892 303.767
  31 0.7625 288.106 306.453
  32 0.7875 287.294 294.351
  33 0.8125 288.106 292.037
  34 0.8375 287.202 291.815
  35 0.8625 287.548 285.765
  36 0.8875 288.136 276.997
  37 0.9125 288.354 275.36
  38 0.9375 287.632 275.878
  39 0.9625 287.962 259.933
  40 0.9875 287.636 261.667
390000 40 11520
  1 0.0125 286.938 242.984
  2 0.0375 288.186 244.916
  3 0.0625 287.136 255.112
  4 0.0875 288.734 262.161
  5 0.1125 288.708 274.023
  6 0.1375 287.73 284.316
  7 0.1625 287.454 284.244
  8 0.1875 288.62 284.09
  9 0.2125 287.91 284.666
  10 0.2375 288.526 284.078
  11 0.2625 288.69 286.807
  12 0.2875 288.37 294.785
  13 0.3125 289.106 306.464
  14 0.3375 288.286 308.828
  15 0.3625 288.168 310.343
  16 0.3875 288.204 315.763
  17 0.4125 288.368 320.537
  18 0.4375 288.574 321.437
  19 0.4625 287.458 325.756
  20 0.4875 287.626 352.988
  21 0.5125 288.018 360.498
  22 0.5375 286.978 363.764
  23 0.5625 287.048 345.437
  24 0.5875 288.142 332.259
  25 0.6125 286.956 320.895
  26 0.6375 288.514 318.336
  27 0.6625 287.25 314.098
  28 0.6875 289.368 314.018
  29 0.7125 288.064 305.542
  30 0.7375 288.608 303.861
  31 0.7625 288.376 314.115
  32 0.7875 288.176 296.427
  33 0.8125 287.906 289.33
  34 0.8375 287.84 284.121
  35 0.8625 287.852 287.511
  36 0.8875 287.472 281.949
  37 0.9125 287.954 282.769
  38 0.9375 287.83 265.992
  39 0.9625 286.904 262.069
  40 0.9875 287.952 254.711
395000 40 11520
  1 0.0125 288.994 237.891
  2 0.0375 288.034 244.372
  3 0.0625 287.668 254.265
  4 0.0875 289.078 264.038
  5 0.1125 287.77 268.997
  6 0.1375 287.792 278.64
  7 0.1625 288.148 287.339
  8 0.1875 287.71 285.395
  9 0.2125 287.46 285.806
  10 0.2375 287.228 288.949
  11 0.2625 288.288 293.348
  12 0.2875 287.404 294.293
  13 0.3125 287.394 306.961
  14 0.3375 286.846 312.831
  15 0.3625 287.088 317.868
  16 0.3875 287.548 311.813
  17 0.4125 288.158 322.546
  18 0.4375 288.76 327.429
  19 0.4625 288.344 335.96
  20 0.4875 287.914 336.005
  21 0.5125 287.106 350.487
  22 0.5375 288.152 365.939
  23 0.5625 288.802 357.318
  24 0.5875 288.292 329.698
  25 0.6125 288.36 332.427
  26 0.6375 288.82 323.245
  27 0.6625 288.388 314.677
  28 0.6875 287.584 305.573
  29 0.7125 287.75 298.889
  30 0.7375 287.888 305.378
  31 0.7625 288.242 295.884
  32 0.7875 286.97 290.823
  33 0.8125 288.848 282.42
  34 0.8375 288.326 290.203
  35 0.8625 287.456 291.119
  36 0.8875 288.634 283.322
  37 0.9125 287.94 277.662
  38 0.9375 288.29 273.192
  39 0.9625 287.642 263.861
  40 0.9875 288.884 256.167
400000 40 11520
  1 0.0125 289.104 239.39
  2 0.0375 286.854 247.562
  3 0.0625 288.988 261.452
  4 0.0875 288.272 272.415
  5 0.1125 287.892 262.453
  6 0.1375 288.008 272.952
  7 0.1625 288.456 282.326
  8 0.1875 288.248 289.772
  9 0.2125 287.846 288.572
  10 0.2375 287.924 291.057
  11 0.2625 289.066 290.758
  12 0.2875 287.824 306.012
  13 0.3125 287.024 310.462
  14 0.3375 288.29 311.256
  15 0.3625 287.588 316.136
  16 0.3875 288.192 314.878
  17 0.4125 288.444 323.255
  18 0.4375 287.05 321.652
  19 0.4625 287.91 334.317
  20 0.4875 288.864 347.3
  21 0.5125 287.54 354.432
  22 0.5375 288.74 357.506
  23 0.5625 286.892 349.473
  24 0.5875 288.574 338.348
  25 0.6125 288.388 326.62
  26 0.6375 286.888 319.371
  27 0.6625 288.826 311.62
  28 0.6875 286.866 308.952
  29 0.7125 287.36 304.658
  30 0.7375 287.878 304.231
  31 0.7625 287.974 290.799
  32 0.7875 287.524 288.578
  33 0.8125 288.41 292.651
  34 0.8375 286.572 278.697
  35 0.8625 289.81 273.919
  36 0.8875 287.43 280.356
  37 0.9125 288.754 285.17
  38 0.9375 287.332 275.235
  39 0.9625 288.398 269.28
  40 0.9875 288 249.326
